0 0.3825 0.5575 0.03166666666666667 0.045
0 0.13833333333333334 0.51 0.02666666666666667 0.05333333333333334
0 0.13083333333333333 0.48333333333333334 0.028333333333333332 0.043333333333333335
0 0.23583333333333334 0.4533333333333333 0.028333333333333332 0.06333333333333334
0 0.7325 0.38666666666666666 0.028333333333333332 0.043333333333333335
0 0.8 0.365 0.02666666666666667 0.03666666666666667
0 0.9308333333333333 0.35333333333333333 0.028333333333333332 0.07666666666666666
0 0.38 0.35 0.03666666666666667 0.03333333333333333
0 0.8266666666666667 0.3466666666666667 0.043333333333333335 0.05333333333333334
0 0.8058333333333333 0.3433333333333333 0.041666666666666664 0.05333333333333334
0 0.4058333333333333 0.33 0.03166666666666667 0.05
0 0.38416666666666666 0.32166666666666666 0.03166666666666667 0.03666666666666667
0 0.35583333333333333 0.31166666666666665 0.035 0.043333333333333335
0 0.8333333333333334 0.3125 0.03 0.03833333333333333
0 0.805 0.3025 0.03333333333333333 0.035
0 0.7808333333333334 0.29 0.021666666666666667 0.056666666666666664
0 0.9933333333333333 0.2825 0.013333333333333334 0.065
0 0.385 0.2891666666666667 0.04 0.03166666666666667
0 0.8141666666666667 0.28583333333333333 0.035 0.025
0 0.34 0.2725 0.04 0.035
0 0.8158333333333333 0.26 0.045 0.03666666666666667
0 0.7791666666666667 0.25 0.051666666666666666 0.04
0 0.9391666666666667 0.24916666666666668 0.03166666666666667 0.055
0 0.9933333333333333 0.245 0.013333333333333334 0.07333333333333333
0 0.815 0.23416666666666666 0.03333333333333333 0.018333333333333333
0 0.8025 0.21666666666666667 0.028333333333333332 0.023333333333333334
0 0.9608333333333333 0.18583333333333332 0.025 0.055
0 0.9941666666666666 0.1875 0.011666666666666667 0.058333333333333334
0 0.17333333333333334 0.175 0.03333333333333333 0.043333333333333335
0 0.21 0.17416666666666666 0.03666666666666667 0.045
0 0.195 0.13333333333333333 0.03 0.04
0 0.19333333333333333 0.10833333333333334 0.02666666666666667 0.03333333333333333
0 0.1875 0.03333333333333333 0.028333333333333332 0.06666666666666667
0 0.10583333333333333 0.9191666666666667 0.025 0.035
0 0.0875 0.9175 0.018333333333333333 0.051666666666666666
0 0.3433333333333333 0.8866666666666667 0.02 0.08
0 0.11583333333333333 0.8875 0.035 0.028333333333333332
0 0.09416666666666666 0.8725 0.021666666666666667 0.06166666666666667
0 0.10166666666666667 0.8516666666666667 0.04 0.05
0 0.8083333333333333 0.8408333333333333 0.04666666666666667 0.041666666666666664
0 0.07333333333333333 0.8358333333333333 0.02 0.08833333333333333
0 0.12583333333333332 0.8308333333333333 0.018333333333333333 0.055
0 0.7925 0.8041666666666667 0.041666666666666664 0.041666666666666664
0 0.13416666666666666 0.8 0.021666666666666667 0.06333333333333334
0 0.15583333333333332 0.7841666666666667 0.018333333333333333 0.065
0 0.11416666666666667 0.7633333333333333 0.025 0.056666666666666664
0 0.145 0.7491666666666666 0.02 0.075
0 0.8558333333333333 0.7375 0.035 0.065
0 0.12833333333333333 0.7325 0.02 0.051666666666666666
0 0.12 0.7416666666666667 0.03666666666666667 0.09
0 0.15166666666666667 0.7058333333333333 0.03 0.041666666666666664
0 0.41833333333333333 0.7 0.03666666666666667 0.03333333333333333
0 0.17166666666666666 0.6975 0.03333333333333333 0.03833333333333333
0 0.1275 0.6933333333333334 0.028333333333333332 0.05333333333333334
0 0.415 0.6766666666666666 0.03 0.03666666666666667
0 0.1125 0.6691666666666667 0.015 0.045
0 0.14 0.6716666666666666 0.03 0.03
0 0.41 0.6666666666666666 0.03333333333333333 0.05333333333333334
0 0.1625 0.655 0.045 0.04666666666666667
0 0.1625 0.65 0.03833333333333333 0.04
0 0.1225 0.64 0.03166666666666667 0.04
0 0.43666666666666665 0.6266666666666667 0.023333333333333334 0.056666666666666664
0 0.12833333333333333 0.6258333333333334 0.03 0.045
0 0.15 0.6166666666666667 0.03 0.03
0 0.4225 0.61 0.021666666666666667 0.06333333333333334
0 0.15833333333333333 0.5916666666666667 0.03333333333333333 0.023333333333333334
0 0.13416666666666666 0.5875 0.025 0.041666666666666664
0 0.1275 0.5641666666666667 0.021666666666666667 0.055
0 0.11333333333333333 0.5591666666666667 0.02666666666666667 0.11166666666666666
