0 0.5566666666666666 0.4891666666666667 0.013333333333333334 0.06166666666666667
0 0.525 0.4683333333333333 0.016666666666666666 0.07666666666666666
0 0.5675 0.455 0.018333333333333333 0.06333333333333334
0 0.5841666666666666 0.4575 0.025 0.075
0 0.5441666666666667 0.4508333333333333 0.025 0.07166666666666667
0 0.5175 0.435 0.011666666666666667 0.05333333333333334
0 0.5808333333333333 0.4225 0.018333333333333333 0.06166666666666667
0 0.54 0.4225 0.02 0.04833333333333333
0 0.565 0.4141666666666667 0.023333333333333334 0.04833333333333333
0 0.6041666666666666 0.41833333333333333 0.018333333333333333 0.06666666666666667
0 0.5383333333333333 0.39416666666666667 0.023333333333333334 0.065
0 0.5991666666666666 0.38333333333333336 0.021666666666666667 0.04
0 0.5525 0.3858333333333333 0.015 0.055
0 0.5666666666666667 0.38416666666666666 0.023333333333333334 0.051666666666666666
0 0.5975 0.35083333333333333 0.021666666666666667 0.03166666666666667
0 0.6208333333333333 0.3541666666666667 0.021666666666666667 0.06166666666666667
0 0.5933333333333334 0.3408333333333333 0.02666666666666667 0.055
0 0.6125 0.32916666666666666 0.015 0.06166666666666667
0 0.5758333333333333 0.30666666666666664 0.021666666666666667 0.07666666666666666
0 0.6408333333333334 0.2991666666666667 0.021666666666666667 0.065
0 0.5991666666666666 0.2925 0.025 0.045
0 0.5975 0.2733333333333333 0.021666666666666667 0.08
0 0.6191666666666666 0.25916666666666666 0.018333333333333333 0.051666666666666666
0 0.5916666666666667 0.2275 0.013333333333333334 0.055
0 0.6158333333333333 0.22166666666666668 0.015 0.056666666666666664
0 0.6066666666666667 0.19833333333333333 0.016666666666666666 0.06666666666666667
0 0.010833333333333334 0.03916666666666667 0.021666666666666667 0.07833333333333334
0 0.5375 0.7266666666666667 0.021666666666666667 0.07666666666666666
0 0.5433333333333333 0.67 0.02 0.04666666666666667
0 0.5691666666666667 0.6725 0.021666666666666667 0.055
0 0.5616666666666666 0.6708333333333333 0.02 0.058333333333333334
0 0.56 0.6366666666666667 0.02 0.05
0 0.5858333333333333 0.6241666666666666 0.021666666666666667 0.03166666666666667
0 0.5508333333333333 0.62 0.03166666666666667 0.06666666666666667
0 0.5841666666666666 0.5858333333333333 0.025 0.06166666666666667
0 0.5758333333333333 0.5608333333333333 0.018333333333333333 0.06833333333333333
0 0.5583333333333333 0.5641666666666667 0.02 0.058333333333333334
0 0.5933333333333334 0.5316666666666666 0.016666666666666666 0.043333333333333335
0 0.565 0.5308333333333334 0.013333333333333334 0.06166666666666667
0 0.5416666666666666 0.525 0.023333333333333334 0.07666666666666666
