0 0.3275 0.955 0.058333333333333334 0.09
0 0.7766666666666666 0.5041666666666667 0.07 0.08833333333333333
0 0.8375 0.47 0.065 0.09
0 0.87 0.47 0.04 0.1
0 0.025 0.4608333333333333 0.05 0.085
0 0.8116666666666666 0.4191666666666667 0.06 0.09833333333333333
0 0.48083333333333333 0.3025 0.06833333333333333 0.075
0 0.25666666666666665 0.9258333333333333 0.06 0.07166666666666667
0 0.41 0.23166666666666666 0.06 0.09666666666666666
0 0.42 0.14833333333333334 0.06333333333333334 0.06333333333333334
0 0.44166666666666665 0.08416666666666667 0.06666666666666667 0.07166666666666667
0 0.5066666666666667 0.07 0.06666666666666667 0.07
0 0.2275 0.055 0.028333333333333332 0.11
0 0.09666666666666666 0.8483333333333334 0.06333333333333334 0.07333333333333333
0 0.48333333333333334 0.79 0.05 0.09333333333333334
0 0.2075 0.7416666666666667 0.07166666666666667 0.05
0 0.8783333333333333 0.685 0.06 0.07
0 0.12916666666666668 0.6716666666666666 0.06166666666666667 0.08
0 0.8375 0.97 0.03166666666666667 0.06
0 0.9033333333333333 0.6091666666666666 0.06333333333333334 0.08166666666666667
0 0.15916666666666668 0.6033333333333334 0.06833333333333333 0.05
0 0.8383333333333334 0.6008333333333333 0.07333333333333333 0.065
0 0.035 0.9625 0.056666666666666664 0.075
