0 0.0275 0.44666666666666666 0.041666666666666664 0.07
0 0.25833333333333336 0.445 0.04 0.05333333333333334
0 0.5133333333333333 0.060833333333333336 0.02 0.06833333333333333
0 0.4875 0.1 0.018333333333333333 0.06666666666666667
0 0.49916666666666665 0.135 0.025 0.07333333333333333
0 0.5333333333333333 0.21166666666666667 0.04666666666666667 0.03333333333333333
0 0.5858333333333333 0.21916666666666668 0.035 0.045
0 0.3625 0.23583333333333334 0.03833333333333333 0.051666666666666666
0 0.5575 0.23916666666666667 0.03166666666666667 0.025
0 0.33916666666666667 0.24333333333333335 0.028333333333333332 0.05
0 0.3125 0.24583333333333332 0.03833333333333333 0.045
0 0.6266666666666667 0.24916666666666668 0.04 0.03833333333333333
0 0.5391666666666667 0.25333333333333335 0.041666666666666664 0.03666666666666667
0 0.6025 0.25833333333333336 0.03833333333333333 0.05333333333333334
0 0.5816666666666667 0.26 0.04 0.03666666666666667
0 0.29583333333333334 0.29333333333333333 0.04833333333333333 0.06333333333333334
0 0.3308333333333333 0.2975 0.018333333333333333 0.058333333333333334
0 0.26166666666666666 0.2991666666666667 0.03 0.075
0 0.44416666666666665 0.325 0.03166666666666667 0.06333333333333334
0 0.30583333333333335 0.38666666666666666 0.04833333333333333 0.05333333333333334
0 0.2866666666666667 0.3958333333333333 0.023333333333333334 0.051666666666666666
