0 0.4266666666666667 0.5158333333333334 0.013333333333333334 0.075
0 0.4508333333333333 0.5383333333333333 0.0016666666666666668 0.0033333333333333335
0 0.4075 0.505 0.015 0.03666666666666667
0 0.3983333333333333 0.49833333333333335 0.013333333333333334 0.06666666666666667
0 0.47583333333333333 0.4816666666666667 0.021666666666666667 0.07333333333333333
0 0.4375 0.4725 0.015 0.051666666666666666
0 0.4583333333333333 0.4658333333333333 0.023333333333333334 0.065
0 0.41083333333333333 0.4425 0.015 0.058333333333333334
0 0.48083333333333333 0.4483333333333333 0.015 0.05
0 0.4225 0.4425 0.015 0.058333333333333334
0 0.46 0.43583333333333335 0.02 0.04833333333333333
0 0.4008333333333333 0.43166666666666664 0.018333333333333333 0.06333333333333334
0 0.43583333333333335 0.43166666666666664 0.025 0.06333333333333334
0 0.46166666666666667 0.4141666666666667 0.023333333333333334 0.06166666666666667
0 0.435 0.38916666666666666 0.013333333333333334 0.051666666666666666
0 0.4075 0.37666666666666665 0.025 0.043333333333333335
0 0.3875 0.375 0.021666666666666667 0.043333333333333335
0 0.41583333333333333 0.36833333333333335 0.0016666666666666668 0.0033333333333333335
0 0.42 0.38166666666666665 0.01 0.013333333333333334
0 0.3883333333333333 0.33166666666666667 0.016666666666666666 0.05333333333333334
0 0.36833333333333335 0.32083333333333336 0.023333333333333334 0.06166666666666667
0 0.36583333333333334 0.33666666666666667 0.0016666666666666668 0.0033333333333333335
0 0.43583333333333335 0.345 0.005 0.01
0 0.40166666666666667 0.3175 0.016666666666666666 0.03166666666666667
0 0.3858333333333333 0.2833333333333333 0.011666666666666667 0.04666666666666667
0 0.4091666666666667 0.3075 0.005 0.005
0 0.4125 0.255 0.011666666666666667 0.043333333333333335
0 0.38166666666666665 0.2725 0.0033333333333333335 0.015
0 0.3983333333333333 0.23083333333333333 0.016666666666666666 0.06166666666666667
0 0.97 0.07833333333333334 0.03666666666666667 0.08333333333333333
0 0.46 0.7191666666666666 0.023333333333333334 0.07166666666666667
0 0.43333333333333335 0.6758333333333333 0.02 0.055
0 0.4608333333333333 0.6675 0.021666666666666667 0.058333333333333334
0 0.43833333333333335 0.6966666666666667 0.006666666666666667 0.013333333333333334
0 0.4533333333333333 0.6191666666666666 0.03666666666666667 0.055
0 0.4166666666666667 0.5916666666666667 0.03333333333333333 0.056666666666666664
0 0.44666666666666666 0.5975 0.02 0.028333333333333332
0 0.4008333333333333 0.5758333333333333 0.0016666666666666668 0.0016666666666666668
0 0.43916666666666665 0.5483333333333333 0.018333333333333333 0.07333333333333333
0 0.4575 0.5433333333333333 0.015 0.08
