0 0.5941666666666666 0.555 0.015 0.03
0 0.6566666666666666 0.525 0.023333333333333334 0.023333333333333334
0 0.6316666666666667 0.515 0.02 0.023333333333333334
0 0.65 0.5075 0.02 0.025
0 0.8191666666666667 0.485 0.025 0.043333333333333335
0 0.22 0.47833333333333333 0.03333333333333333 0.03
0 0.4275 0.4166666666666667 0.018333333333333333 0.04
0 0.42583333333333334 0.4 0.015 0.043333333333333335
0 0.43 0.38166666666666665 0.016666666666666666 0.043333333333333335
0 0.38 0.37833333333333335 0.013333333333333334 0.03
0 0.5583333333333333 0.34833333333333333 0.016666666666666666 0.02666666666666667
0 0.5741666666666667 0.3441666666666667 0.028333333333333332 0.051666666666666666
0 0.6008333333333333 0.32916666666666666 0.025 0.03166666666666667
0 0.6266666666666667 0.31083333333333335 0.02666666666666667 0.045
0 0.6458333333333334 0.305 0.025 0.04666666666666667
0 0.6166666666666667 0.30583333333333335 0.03 0.028333333333333332
0 0.4008333333333333 0.2991666666666667 0.021666666666666667 0.045
0 0.5675 0.2966666666666667 0.028333333333333332 0.043333333333333335
0 0.6783333333333333 0.2783333333333333 0.02666666666666667 0.04666666666666667
0 0.6125 0.265 0.03166666666666667 0.04666666666666667
0 0.2325 0.235 0.035 0.043333333333333335
0 0.5841666666666666 0.13333333333333333 0.035 0.04
0 0.46166666666666667 0.10916666666666666 0.02 0.055
0 0.8158333333333333 0.06416666666666666 0.035 0.058333333333333334
0 0.7241666666666666 0.9358333333333333 0.011666666666666667 0.011666666666666667
0 0.6041666666666666 0.93 0.011666666666666667 0.013333333333333334
0 0.7408333333333333 0.9308333333333333 0.008333333333333333 0.011666666666666667
0 0.7758333333333334 0.9283333333333333 0.008333333333333333 0.013333333333333334
0 0.7775 0.9283333333333333 0.008333333333333333 0.013333333333333334
0 0.6233333333333333 0.9266666666666666 0.01 0.01
0 0.7725 0.9283333333333333 0.015 0.016666666666666666
0 0.7608333333333334 0.9266666666666666 0.015 0.02
0 0.7683333333333333 0.9266666666666666 0.01 0.016666666666666666
0 0.63 0.9225 0.006666666666666667 0.011666666666666667
0 0.6125 0.9158333333333334 0.008333333333333333 0.011666666666666667
0 0.79 0.9141666666666667 0.013333333333333334 0.015
0 0.6225 0.9191666666666667 0.0016666666666666668 0.0016666666666666668
0 0.8033333333333333 0.9133333333333333 0.01 0.013333333333333334
0 0.7916666666666666 0.9141666666666667 0.013333333333333334 0.015
0 0.6383333333333333 0.91 0.013333333333333334 0.02
0 0.7258333333333333 0.8925 0.008333333333333333 0.011666666666666667
0 0.6708333333333333 0.8941666666666667 0.008333333333333333 0.015
0 0.8008333333333333 0.8883333333333333 0.011666666666666667 0.02
0 0.7625 0.8641666666666666 0.011666666666666667 0.008333333333333333
0 0.725 0.8575 0.01 0.008333333333333333
0 0.7425 0.8433333333333334 0.011666666666666667 0.02
0 0.78 0.8066666666666666 0.013333333333333334 0.013333333333333334
0 0.7908333333333334 0.7991666666666667 0.018333333333333333 0.015
0 0.7783333333333333 0.8016666666666666 0.013333333333333334 0.023333333333333334
0 0.7941666666666667 0.7925 0.021666666666666667 0.015
0 0.5241666666666667 0.69 0.015 0.013333333333333334
0 0.6716666666666666 0.6875 0.01 0.015
0 0.6775 0.685 0.021666666666666667 0.02
0 0.6875 0.6758333333333333 0.015 0.021666666666666667
0 0.7008333333333333 0.67 0.018333333333333333 0.016666666666666666
0 0.5758333333333333 0.6575 0.021666666666666667 0.021666666666666667
0 0.6008333333333333 0.6533333333333333 0.018333333333333333 0.02
0 0.6216666666666667 0.6475 0.023333333333333334 0.028333333333333332
0 0.6008333333333333 0.6483333333333333 0.018333333333333333 0.02666666666666667
0 0.46416666666666667 0.6416666666666667 0.008333333333333333 0.03
0 0.6208333333333333 0.6458333333333334 0.025 0.03166666666666667
0 0.6375 0.6316666666666667 0.018333333333333333 0.023333333333333334
0 0.6008333333333333 0.625 0.008333333333333333 0.02
0 0.6 0.6216666666666667 0.016666666666666666 0.03
0 0.475 0.5841666666666666 0.01 0.015
0 0.5716666666666667 0.5833333333333334 0.016666666666666666 0.03333333333333333
