0 0.3541666666666667 0.4875 0.018333333333333333 0.06166666666666667
0 0.5408333333333334 0.49166666666666664 0.03166666666666667 0.03333333333333333
0 0.515 0.49666666666666665 0.03333333333333333 0.03333333333333333
0 0.49333333333333335 0.49 0.03333333333333333 0.03333333333333333
0 0.5341666666666667 0.515 0.035 0.03666666666666667
0 0.4775 0.5208333333333334 0.03833333333333333 0.03166666666666667
0 0.31916666666666665 0.5225 0.045 0.051666666666666666
0 0.5641666666666667 0.5266666666666666 0.03166666666666667 0.056666666666666664
0 0.49833333333333335 0.5308333333333334 0.04 0.03833333333333333
0 0.5375 0.54 0.041666666666666664 0.03333333333333333
0 0.5041666666666667 0.555 0.028333333333333332 0.03333333333333333
0 0.285 0.5533333333333333 0.03 0.03
0 0.4683333333333333 0.5541666666666667 0.03666666666666667 0.03166666666666667
0 0.12916666666666668 0.555 0.028333333333333332 0.07666666666666666
0 0.16083333333333333 0.5566666666666666 0.041666666666666664 0.06666666666666667
0 0.31083333333333335 0.56 0.041666666666666664 0.06333333333333334
0 0.5408333333333334 0.5716666666666667 0.03833333333333333 0.056666666666666664
0 0.4866666666666667 0.5775 0.04 0.025
0 0.44083333333333335 0.5808333333333333 0.03833333333333333 0.025
0 0.56 0.5841666666666666 0.03666666666666667 0.04833333333333333
0 0.5766666666666667 0.5916666666666667 0.03333333333333333 0.06333333333333334
0 0.5 0.5966666666666667 0.04 0.03
0 0.4066666666666667 0.6033333333333334 0.023333333333333334 0.043333333333333335
0 0.43583333333333335 0.6041666666666666 0.041666666666666664 0.028333333333333332
0 0.1525 0.6033333333333334 0.041666666666666664 0.06666666666666667
0 0.4575 0.6133333333333333 0.03166666666666667 0.043333333333333335
0 0.5216666666666666 0.615 0.03333333333333333 0.03666666666666667
0 0.5466666666666666 0.6216666666666667 0.02666666666666667 0.04666666666666667
0 0.49333333333333335 0.6241666666666666 0.03333333333333333 0.03166666666666667
0 0.4666666666666667 0.6266666666666667 0.03333333333333333 0.04666666666666667
0 0.42333333333333334 0.6366666666666667 0.04 0.043333333333333335
0 0.5191666666666667 0.6466666666666666 0.025 0.043333333333333335
0 0.5558333333333333 0.6491666666666667 0.03166666666666667 0.055
0 0.4325 0.6533333333333333 0.035 0.03
0 0.48833333333333334 0.6583333333333333 0.043333333333333335 0.03333333333333333
0 0.09666666666666666 0.6641666666666667 0.03 0.09833333333333333
0 0.5266666666666666 0.6716666666666666 0.03333333333333333 0.04
0 0.44416666666666665 0.6725 0.035 0.03166666666666667
0 0.38333333333333336 0.6725 0.05 0.035
0 0.4716666666666667 0.6908333333333333 0.04 0.035
0 0.4483333333333333 0.7016666666666667 0.03333333333333333 0.02666666666666667
0 0.4141666666666667 0.7075 0.035 0.03166666666666667
0 0.49416666666666664 0.705 0.03833333333333333 0.03666666666666667
0 0.5241666666666667 0.71 0.03833333333333333 0.056666666666666664
0 0.105 0.7091666666666666 0.023333333333333334 0.095
0 0.43583333333333335 0.7241666666666666 0.035 0.03166666666666667
0 0.4666666666666667 0.7316666666666667 0.03333333333333333 0.03333333333333333
0 0.08583333333333333 0.7358333333333333 0.018333333333333333 0.058333333333333334
0 0.4008333333333333 0.735 0.03833333333333333 0.03
0 0.49416666666666664 0.75 0.03166666666666667 0.043333333333333335
0 0.43333333333333335 0.7516666666666667 0.03 0.04
0 0.06833333333333333 0.7566666666666667 0.02666666666666667 0.06333333333333334
0 0.3875 0.7583333333333333 0.03833333333333333 0.03
0 0.4475 0.7691666666666667 0.03833333333333333 0.041666666666666664
0 0.35 0.7783333333333333 0.04666666666666667 0.03333333333333333
0 0.43916666666666665 0.8025 0.041666666666666664 0.028333333333333332
0 0.4741666666666667 0.8025 0.018333333333333333 0.055
0 0.39166666666666666 0.8025 0.04666666666666667 0.03166666666666667
0 0.49 0.8158333333333333 0.023333333333333334 0.07166666666666667
0 0.45416666666666666 0.815 0.025 0.06
0 0.3625 0.8275 0.035 0.03166666666666667
0 0.42916666666666664 0.8275 0.035 0.025
0 0.38916666666666666 0.8316666666666667 0.045 0.043333333333333335
0 0.11166666666666666 0.8483333333333334 0.02666666666666667 0.04666666666666667
0 0.44166666666666665 0.8525 0.03 0.018333333333333333
0 0.4658333333333333 0.8508333333333333 0.025 0.055
0 0.425 0.8475 0.03666666666666667 0.025
0 0.42333333333333334 0.8483333333333334 0.03666666666666667 0.023333333333333334
0 0.4825 0.8583333333333333 0.035 0.05333333333333334
0 0.3858333333333333 0.8633333333333333 0.041666666666666664 0.03
0 0.4375 0.8766666666666667 0.03166666666666667 0.03333333333333333
0 0.3975 0.885 0.03833333333333333 0.03666666666666667
0 0.42 0.9008333333333334 0.04666666666666667 0.028333333333333332
0 0.4666666666666667 0.9083333333333333 0.03 0.05
0 0.4425 0.9183333333333333 0.035 0.056666666666666664
0 0.4025 0.9358333333333333 0.03166666666666667 0.03833333333333333
0 0.41583333333333333 0.9475 0.025 0.041666666666666664
0 0.44166666666666665 0.9691666666666666 0.02666666666666667 0.06166666666666667
0 0.3958333333333333 0.9741666666666666 0.018333333333333333 0.051666666666666666
0 0.4225 0.9741666666666666 0.025 0.051666666666666666
0 0.54 0.14166666666666666 0.016666666666666666 0.09
0 0.5341666666666667 0.225 0.021666666666666667 0.07333333333333333
0 0.5316666666666666 0.27416666666666667 0.016666666666666666 0.058333333333333334
0 0.36916666666666664 0.3258333333333333 0.03166666666666667 0.075
0 0.375 0.3375 0.02 0.051666666666666666
0 0.5258333333333334 0.36583333333333334 0.015 0.058333333333333334
0 0.55 0.39 0.016666666666666666 0.06333333333333334
0 0.3383333333333333 0.4008333333333333 0.016666666666666666 0.075
0 0.5366666666666666 0.4041666666666667 0.016666666666666666 0.07833333333333334
0 0.485 0.44166666666666665 0.04666666666666667 0.05333333333333334
0 0.3466666666666667 0.43666666666666665 0.016666666666666666 0.07666666666666666
0 0.37416666666666665 0.4425 0.041666666666666664 0.055
0 0.5083333333333333 0.45166666666666666 0.03333333333333333 0.043333333333333335
0 0.5691666666666667 0.45666666666666667 0.035 0.043333333333333335
0 0.3233333333333333 0.4691666666666667 0.03 0.04833333333333333
