0 0.5558333333333333 0.4533333333333333 0.015 0.06
0 0.6033333333333334 0.4841666666666667 0.02 0.07166666666666667
0 0.5883333333333334 0.25583333333333336 0.03 0.06166666666666667
0 0.6091666666666666 0.2775 0.015 0.03833333333333333
0 0.5775 0.29333333333333333 0.015 0.06666666666666667
0 0.5908333333333333 0.29833333333333334 0.035 0.06333333333333334
0 0.5891666666666666 0.3233333333333333 0.015 0.05333333333333334
0 0.5641666666666667 0.3383333333333333 0.021666666666666667 0.06
0 0.6216666666666667 0.33916666666666667 0.013333333333333334 0.06166666666666667
0 0.6008333333333333 0.36 0.015 0.06666666666666667
0 0.575 0.38083333333333336 0.02666666666666667 0.051666666666666666
0 0.5475 0.37833333333333335 0.015 0.03333333333333333
0 0.5891666666666666 0.39416666666666667 0.015 0.051666666666666666
0 0.53 0.39666666666666667 0.02 0.06333333333333334
0 0.5475 0.41 0.03166666666666667 0.043333333333333335
0 0.6066666666666667 0.425 0.04 0.03333333333333333
0 0.5733333333333334 0.43 0.023333333333333334 0.056666666666666664
