0 0.1575 0.5316666666666666 0.021666666666666667 0.07333333333333333
0 0.14 0.5308333333333334 0.02 0.06166666666666667
0 0.4633333333333333 0.525 0.03666666666666667 0.03666666666666667
0 0.8783333333333333 0.5166666666666667 0.02666666666666667 0.07
0 0.8491666666666666 0.5166666666666667 0.028333333333333332 0.04666666666666667
0 0.8275 0.48333333333333334 0.018333333333333333 0.06
0 0.9033333333333333 0.4658333333333333 0.03 0.055
0 0.8808333333333334 0.4691666666666667 0.03166666666666667 0.03833333333333333
0 0.8175 0.45666666666666667 0.018333333333333333 0.06
0 0.7075 0.9508333333333333 0.025 0.07166666666666667
0 0.2375 0.44083333333333335 0.03166666666666667 0.065
0 0.9141666666666667 0.4116666666666667 0.021666666666666667 0.06
0 0.8041666666666667 0.4033333333333333 0.028333333333333332 0.06666666666666667
0 0.8316666666666667 0.3975 0.013333333333333334 0.058333333333333334
0 0.86 0.38916666666666666 0.03 0.075
0 0.8183333333333334 0.38416666666666666 0.04 0.08166666666666667
0 0.145 0.33666666666666667 0.03333333333333333 0.03666666666666667
0 0.8141666666666667 0.3283333333333333 0.025 0.04666666666666667
0 0.79 0.31666666666666665 0.02666666666666667 0.043333333333333335
0 0.15416666666666667 0.30083333333333334 0.03166666666666667 0.035
0 0.77 0.29833333333333334 0.023333333333333334 0.03666666666666667
0 0.8141666666666667 0.295 0.025 0.03333333333333333
0 0.7925 0.2891666666666667 0.028333333333333332 0.051666666666666666
0 0.17833333333333334 0.2891666666666667 0.03666666666666667 0.03166666666666667
0 0.12 0.2791666666666667 0.03 0.06166666666666667
0 0.7708333333333334 0.2758333333333333 0.025 0.03166666666666667
0 0.16083333333333333 0.2725 0.03166666666666667 0.028333333333333332
0 0.805 0.2658333333333333 0.03666666666666667 0.025
0 0.7625 0.25083333333333335 0.045 0.03833333333333333
0 0.7925 0.23916666666666667 0.03166666666666667 0.03166666666666667
0 0.15833333333333333 0.23916666666666667 0.03333333333333333 0.035
0 0.13916666666666666 0.23166666666666666 0.028333333333333332 0.06333333333333334
0 0.7716666666666666 0.21583333333333332 0.04 0.035
0 0.1175 0.21 0.015 0.04
0 0.14916666666666667 0.17416666666666666 0.018333333333333333 0.03833333333333333
0 0.13416666666666666 0.16583333333333333 0.015 0.051666666666666666
0 0.12166666666666667 0.1575 0.016666666666666666 0.065
0 0.2658333333333333 0.13416666666666666 0.025 0.055
0 0.15916666666666668 0.14 0.021666666666666667 0.05
0 0.14166666666666666 0.12583333333333332 0.02 0.06166666666666667
0 0.25333333333333335 0.10083333333333333 0.02666666666666667 0.051666666666666666
0 0.2783333333333333 0.0975 0.03333333333333333 0.03166666666666667
0 0.24333333333333335 0.09 0.03 0.043333333333333335
0 0.19916666666666666 0.0925 0.021666666666666667 0.07166666666666667
0 0.12916666666666668 0.08916666666666667 0.018333333333333333 0.058333333333333334
0 0.7108333333333333 0.9158333333333334 0.025 0.07833333333333334
0 0.1525 0.08 0.018333333333333333 0.06333333333333334
0 0.24416666666666667 0.06583333333333333 0.025 0.028333333333333332
0 0.27 0.059166666666666666 0.02666666666666667 0.03166666666666667
0 0.14166666666666666 0.0525 0.016666666666666666 0.058333333333333334
0 0.1475 0.0225 0.018333333333333333 0.045
0 0.15916666666666668 0.019166666666666665 0.015 0.03833333333333333
0 0.1325 0.0175 0.018333333333333333 0.035
0 0.17416666666666666 0.0175 0.025 0.035
0 0.29833333333333334 0.005833333333333334 0.016666666666666666 0.011666666666666667
0 0.7575 0.7866666666666666 0.021666666666666667 0.043333333333333335
0 0.7591666666666667 0.7566666666666667 0.021666666666666667 0.04666666666666667
0 0.7758333333333334 0.7541666666666667 0.018333333333333333 0.06833333333333333
0 0.7433333333333333 0.7491666666666666 0.016666666666666666 0.045
0 0.7683333333333333 0.7125 0.02666666666666667 0.04833333333333333
0 0.7541666666666667 0.7008333333333333 0.021666666666666667 0.028333333333333332
0 0.785 0.6858333333333333 0.023333333333333334 0.058333333333333334
0 0.9491666666666667 0.68 0.025 0.07333333333333333
0 0.7141666666666666 0.6691666666666667 0.021666666666666667 0.06833333333333333
0 0.1775 0.6608333333333334 0.025 0.03833333333333333
0 0.17666666666666667 0.6391666666666667 0.03 0.03166666666666667
0 0.15833333333333333 0.6208333333333333 0.013333333333333334 0.018333333333333333
0 0.7916666666666666 0.6158333333333333 0.02 0.08166666666666667
0 0.31583333333333335 0.6108333333333333 0.041666666666666664 0.035
0 0.145 0.595 0.02 0.06
0 0.16083333333333333 0.59 0.028333333333333332 0.056666666666666664
0 0.85 0.5716666666666667 0.023333333333333334 0.06666666666666667
0 0.1825 0.5516666666666666 0.035 0.043333333333333335
