0 0.009166666666666667 0.5366666666666666 0.018333333333333333 0.04666666666666667
0 0.68 0.48083333333333333 0.02666666666666667 0.105
0 0.8116666666666666 0.30666666666666664 0.03333333333333333 0.09333333333333334
0 0.9916666666666667 0.18416666666666667 0.016666666666666666 0.11833333333333333
0 0.9375 0.06166666666666667 0.06166666666666667 0.12333333333333334
0 0.20916666666666667 0.9291666666666667 0.03166666666666667 0.09833333333333333
0 0.9075 0.05333333333333334 0.04833333333333333 0.10666666666666667
0 0.14916666666666667 0.9208333333333333 0.035 0.105
0 0.17666666666666667 0.9 0.03333333333333333 0.10666666666666667
0 0.5033333333333333 0.8633333333333333 0.03333333333333333 0.11666666666666667
0 0.22083333333333333 0.805 0.03833333333333333 0.1
0 0.225 0.9925 0.03666666666666667 0.015
0 0.6833333333333333 0.6958333333333333 0.02666666666666667 0.115
0 0.43166666666666664 0.6916666666666667 0.03 0.12333333333333334
0 0.31083333333333335 0.98 0.03166666666666667 0.04
0 0.7566666666666667 0.9758333333333333 0.03 0.04833333333333333
0 0.23416666666666666 0.6091666666666666 0.03166666666666667 0.12166666666666667
0 0.9825 0.6091666666666666 0.035 0.10833333333333334
0 0.0125 0.6166666666666667 0.025 0.04666666666666667
