0 0.5116666666666667 0.5241666666666667 0.03666666666666667 0.04833333333333333
0 0.7225 0.5166666666666667 0.028333333333333332 0.07333333333333333
0 0.7983333333333333 0.5116666666666667 0.02 0.08
0 0.8191666666666667 0.5125 0.025 0.07833333333333334
0 0.43833333333333335 0.4825 0.016666666666666666 0.07833333333333334
0 0.925 0.485 0.02 0.06
0 0.8808333333333334 0.4766666666666667 0.041666666666666664 0.04
0 0.9008333333333334 0.4575 0.025 0.06833333333333333
0 0.8591666666666666 0.45416666666666666 0.03833333333333333 0.03166666666666667
0 0.8666666666666667 0.42916666666666664 0.03333333333333333 0.035
0 0.8975 0.41083333333333333 0.03166666666666667 0.055
0 0.9233333333333333 0.4116666666666667 0.02 0.07666666666666666
0 0.865 0.37583333333333335 0.03 0.07166666666666667
0 0.9066666666666666 0.37416666666666665 0.016666666666666666 0.065
0 0.8858333333333334 0.355 0.03166666666666667 0.05
0 0.8875 0.33666666666666667 0.025 0.04666666666666667
0 0.9083333333333333 0.3258333333333333 0.02 0.065
0 0.8525 0.3075 0.03166666666666667 0.055
0 0.9191666666666667 0.30833333333333335 0.018333333333333333 0.08333333333333333
0 0.8858333333333334 0.2975 0.025 0.051666666666666666
0 0.8616666666666667 0.27666666666666667 0.02666666666666667 0.07333333333333333
0 0.8991666666666667 0.2733333333333333 0.025 0.04666666666666667
0 0.4716666666666667 0.2683333333333333 0.02666666666666667 0.08666666666666667
0 0.49083333333333334 0.24833333333333332 0.03166666666666667 0.07
0 0.9191666666666667 0.23083333333333333 0.028333333333333332 0.075
0 0.3858333333333333 0.9516666666666667 0.021666666666666667 0.07666666666666666
0 0.5208333333333334 0.22833333333333333 0.03833333333333333 0.056666666666666664
0 0.895 0.23 0.03 0.06
0 0.92 0.22916666666666666 0.03 0.07833333333333334
0 0.5 0.9483333333333334 0.03333333333333333 0.05
0 0.5883333333333334 0.2125 0.03333333333333333 0.06833333333333333
0 0.5208333333333334 0.2 0.028333333333333332 0.043333333333333335
0 0.5041666666666667 0.19 0.025 0.06
0 0.8825 0.18166666666666667 0.035 0.04666666666666667
0 0.5333333333333333 0.16083333333333333 0.03 0.045
0 0.8983333333333333 0.16083333333333333 0.03333333333333333 0.041666666666666664
0 0.89 0.12583333333333332 0.03 0.03833333333333333
0 0.8566666666666667 0.09166666666666666 0.03666666666666667 0.04666666666666667
0 0.8825 0.08833333333333333 0.028333333333333332 0.05
0 0.8475 0.04833333333333333 0.03833333333333333 0.043333333333333335
0 0.8725 0.034166666666666665 0.025 0.055
0 0.435 0.006666666666666667 0.016666666666666666 0.013333333333333334
0 0.43916666666666665 0.9266666666666666 0.021666666666666667 0.056666666666666664
0 0.41 0.9258333333333333 0.02 0.058333333333333334
0 0.39916666666666667 0.9175 0.018333333333333333 0.051666666666666666
0 0.43166666666666664 0.9116666666666666 0.02666666666666667 0.04666666666666667
0 0.4275 0.8791666666666667 0.03166666666666667 0.028333333333333332
0 0.3933333333333333 0.8725 0.02 0.07166666666666667
0 0.4091666666666667 0.8558333333333333 0.018333333333333333 0.055
0 0.4633333333333333 0.8508333333333333 0.03666666666666667 0.03166666666666667
0 0.4375 0.8391666666666666 0.021666666666666667 0.06166666666666667
0 0.48833333333333334 0.8291666666666667 0.04 0.028333333333333332
0 0.5216666666666666 0.8191666666666667 0.03 0.03166666666666667
0 0.6575 0.8033333333333333 0.035 0.07666666666666666
0 0.6016666666666667 0.7966666666666666 0.03333333333333333 0.08
0 0.4216666666666667 0.7916666666666666 0.02 0.04
0 0.5458333333333333 0.7891666666666667 0.041666666666666664 0.035
0 0.69 0.77 0.03333333333333333 0.056666666666666664
0 0.7283333333333334 0.7683333333333333 0.04666666666666667 0.07333333333333333
0 0.5791666666666667 0.765 0.041666666666666664 0.04
0 0.7358333333333333 0.7566666666666667 0.03166666666666667 0.06666666666666667
0 0.4375 0.7608333333333334 0.028333333333333332 0.025
0 0.7558333333333334 0.7458333333333333 0.021666666666666667 0.035
0 0.7275 0.7308333333333333 0.03833333333333333 0.051666666666666666
0 0.46166666666666667 0.7225 0.02666666666666667 0.04833333333333333
0 0.44583333333333336 0.7241666666666666 0.025 0.055
0 0.3525 0.7216666666666667 0.041666666666666664 0.04
0 0.76 0.7016666666666667 0.02666666666666667 0.043333333333333335
0 0.4375 0.7 0.018333333333333333 0.05333333333333334
0 0.3616666666666667 0.6983333333333334 0.023333333333333334 0.016666666666666666
0 0.7291666666666666 0.6908333333333333 0.028333333333333332 0.06166666666666667
0 0.4708333333333333 0.68 0.035 0.043333333333333335
0 0.8575 0.6758333333333333 0.021666666666666667 0.07166666666666667
0 0.7583333333333333 0.6725 0.03666666666666667 0.055
0 0.7508333333333334 0.6691666666666667 0.025 0.06166666666666667
0 0.45916666666666667 0.6641666666666667 0.028333333333333332 0.051666666666666666
0 0.8933333333333333 0.6575 0.03333333333333333 0.06166666666666667
0 0.8791666666666667 0.6533333333333333 0.028333333333333332 0.06666666666666667
0 0.7783333333333333 0.6516666666666666 0.016666666666666666 0.07666666666666666
0 0.5058333333333334 0.6466666666666666 0.03833333333333333 0.043333333333333335
0 0.8791666666666667 0.6466666666666666 0.028333333333333332 0.08
0 0.5008333333333334 0.6241666666666666 0.03166666666666667 0.051666666666666666
0 0.9125 0.6141666666666666 0.021666666666666667 0.06166666666666667
0 0.8675 0.6041666666666666 0.021666666666666667 0.07166666666666667
0 0.5291666666666667 0.5933333333333334 0.028333333333333332 0.056666666666666664
0 0.8508333333333333 0.5816666666666667 0.015 0.056666666666666664
0 0.81 0.5491666666666667 0.016666666666666666 0.08833333333333333
0 0.9175 0.5433333333333333 0.025 0.07333333333333333
0 0.8891666666666667 0.5375 0.025 0.08166666666666667
