0 0.30416666666666664 0.2975 0.03166666666666667 0.04833333333333333
0 0.3958333333333333 0.26916666666666667 0.035 0.041666666666666664
0 0.8383333333333334 0.23166666666666666 0.023333333333333334 0.07
0 0.6191666666666666 0.20583333333333334 0.03166666666666667 0.058333333333333334
0 0.7425 0.2025 0.018333333333333333 0.075
0 0.2941666666666667 0.19333333333333333 0.03166666666666667 0.05333333333333334
0 0.7741666666666667 0.18083333333333335 0.021666666666666667 0.07166666666666667
0 0.43 0.16416666666666666 0.02 0.07166666666666667
0 0.6458333333333334 0.1675 0.018333333333333333 0.07166666666666667
0 0.39916666666666667 0.11583333333333333 0.025 0.06166666666666667
0 0.9675 0.10666666666666667 0.035 0.04666666666666667
0 0.9825 0.07666666666666666 0.035 0.04666666666666667
0 0.4691666666666667 0.008333333333333333 0.028333333333333332 0.016666666666666666
0 0.9008333333333334 0.006666666666666667 0.04833333333333333 0.013333333333333334
