0 0.3958333333333333 0.5416666666666666 0.035 0.05
0 0.3875 0.5208333333333334 0.0016666666666666668 0.0016666666666666668
0 0.735 0.5283333333333333 0.02 0.07
0 0.36833333333333335 0.5025 0.04 0.03166666666666667
0 0.4041666666666667 0.49916666666666665 0.041666666666666664 0.035
0 0.445 0.48333333333333334 0.02666666666666667 0.06666666666666667
0 0.7208333333333333 0.4775 0.015 0.075
0 0.43083333333333335 0.4741666666666667 0.028333333333333332 0.045
0 0.3616666666666667 0.4666666666666667 0.02666666666666667 0.04666666666666667
0 0.4166666666666667 0.4683333333333333 0.02 0.04666666666666667
0 0.38166666666666665 0.455 0.03333333333333333 0.04666666666666667
0 0.3958333333333333 0.4483333333333333 0.021666666666666667 0.05
0 0.4083333333333333 0.43666666666666665 0.016666666666666666 0.056666666666666664
0 0.43666666666666665 0.41583333333333333 0.02 0.07833333333333334
0 0.41333333333333333 0.4075 0.016666666666666666 0.07166666666666667
0 0.3825 0.4033333333333333 0.018333333333333333 0.05333333333333334
0 0.39916666666666667 0.3925 0.015 0.041666666666666664
0 0.4225 0.38916666666666666 0.015 0.058333333333333334
0 0.3925 0.37333333333333335 0.015 0.05
0 0.48333333333333334 0.36583333333333334 0.02 0.04833333333333333
0 0.4666666666666667 0.3566666666666667 0.02 0.07333333333333333
0 0.43416666666666665 0.34833333333333333 0.018333333333333333 0.06333333333333334
0 0.18833333333333332 0.9891666666666666 0.03 0.021666666666666667
0 0.4175 0.3425 0.018333333333333333 0.051666666666666666
0 0.4025 0.3408333333333333 0.015 0.065
0 0.3858333333333333 0.33166666666666667 0.015 0.06333333333333334
0 0.42916666666666664 0.30583333333333335 0.015 0.058333333333333334
0 0.49916666666666665 0.31416666666666665 0.03166666666666667 0.045
0 0.4475 0.31333333333333335 0.015 0.08
0 0.4141666666666667 0.29083333333333333 0.015 0.058333333333333334
0 0.3925 0.29333333333333333 0.015 0.05
0 0.4925 0.27 0.028333333333333332 0.05333333333333334
0 0.5108333333333334 0.2675 0.025 0.06833333333333333
0 0.4375 0.26166666666666666 0.015 0.06
0 0.42083333333333334 0.25666666666666665 0.025 0.043333333333333335
0 0.40166666666666667 0.24416666666666667 0.016666666666666666 0.051666666666666666
0 0.49083333333333334 0.2375 0.018333333333333333 0.04833333333333333
0 0.4166666666666667 0.22916666666666666 0.02666666666666667 0.03833333333333333
0 0.4633333333333333 0.21416666666666667 0.03333333333333333 0.04833333333333333
0 0.43416666666666665 0.20666666666666667 0.035 0.056666666666666664
0 0.46166666666666667 0.1825 0.02666666666666667 0.058333333333333334
0 0.4033333333333333 0.18083333333333335 0.023333333333333334 0.04833333333333333
0 0.47333333333333333 0.15833333333333333 0.02666666666666667 0.06333333333333334
0 0.42833333333333334 0.14583333333333334 0.03333333333333333 0.055
0 0.4483333333333333 0.1375 0.02666666666666667 0.035
0 0.39166666666666666 0.13833333333333334 0.03 0.02666666666666667
0 0.39666666666666667 0.1175 0.03333333333333333 0.025
0 0.4658333333333333 0.11333333333333333 0.028333333333333332 0.06333333333333334
0 0.435 0.10416666666666667 0.023333333333333334 0.035
0 0.44166666666666665 0.09083333333333334 0.02666666666666667 0.051666666666666666
0 0.47333333333333333 0.09333333333333334 0.023333333333333334 0.07666666666666666
0 0.4475 0.0625 0.028333333333333332 0.03833333333333333
0 0.4716666666666667 0.05 0.03 0.056666666666666664
0 0.4125 0.03833333333333333 0.028333333333333332 0.04666666666666667
0 0.4375 0.0375 0.028333333333333332 0.03166666666666667
0 0.46166666666666667 0.0125 0.02666666666666667 0.025
0 0.42916666666666664 0.015 0.03166666666666667 0.03
0 0.405 0.009166666666666667 0.023333333333333334 0.018333333333333333
0 0.010833333333333334 0.9325 0.021666666666666667 0.028333333333333332
0 0.19583333333333333 0.9066666666666666 0.018333333333333333 0.06666666666666667
0 0.21333333333333335 0.8833333333333333 0.023333333333333334 0.08
0 0.07083333333333333 0.8441666666666666 0.03166666666666667 0.04833333333333333
0 0.4033333333333333 0.8416666666666667 0.03666666666666667 0.02666666666666667
0 0.4725 0.8341666666666666 0.041666666666666664 0.035
0 0.07 0.8341666666666666 0.03333333333333333 0.06833333333333333
0 0.4375 0.815 0.03833333333333333 0.04
0 0.4025 0.7991666666666667 0.03166666666666667 0.03166666666666667
0 0.4241666666666667 0.7933333333333333 0.041666666666666664 0.04
0 0.38416666666666666 0.7725 0.041666666666666664 0.028333333333333332
0 0.6925 0.7408333333333333 0.025 0.028333333333333332
0 0.6666666666666666 0.73 0.03666666666666667 0.02666666666666667
0 0.5416666666666666 0.7275 0.03333333333333333 0.03833333333333333
0 0.7208333333333333 0.7175 0.028333333333333332 0.058333333333333334
0 0.6966666666666667 0.7166666666666667 0.03 0.02666666666666667
0 0.5716666666666667 0.7125 0.043333333333333335 0.028333333333333332
0 0.7408333333333333 0.7133333333333334 0.015 0.06
0 0.7133333333333334 0.7025 0.02 0.015
0 0.5283333333333333 0.6991666666666667 0.03666666666666667 0.025
0 0.20666666666666667 0.6933333333333334 0.03333333333333333 0.05333333333333334
0 0.49833333333333335 0.6925 0.03 0.04833333333333333
0 0.47333333333333333 0.6916666666666667 0.03 0.023333333333333334
0 0.5541666666666667 0.6825 0.03166666666666667 0.035
0 0.7508333333333334 0.6783333333333333 0.025 0.05333333333333334
0 0.5191666666666667 0.6691666666666667 0.03166666666666667 0.03833333333333333
0 0.45416666666666666 0.6608333333333334 0.025 0.03166666666666667
0 0.4625 0.6633333333333333 0.03833333333333333 0.04
0 0.49916666666666665 0.66 0.021666666666666667 0.06333333333333334
0 0.4658333333333333 0.6425 0.025 0.04833333333333333
0 0.48 0.6416666666666667 0.02 0.05333333333333334
0 0.4425 0.6308333333333334 0.025 0.028333333333333332
0 0.7591666666666667 0.6266666666666667 0.025 0.08333333333333333
0 0.4191666666666667 0.6291666666666667 0.028333333333333332 0.03833333333333333
0 0.46 0.6075 0.02666666666666667 0.028333333333333332
0 0.44 0.6008333333333333 0.023333333333333334 0.041666666666666664
0 0.7608333333333334 0.6066666666666667 0.025 0.05333333333333334
0 0.4075 0.5883333333333334 0.021666666666666667 0.05
0 0.42083333333333334 0.59 0.021666666666666667 0.05333333333333334
0 0.39166666666666666 0.5791666666666667 0.02 0.045
0 0.37666666666666665 0.5716666666666667 0.023333333333333334 0.056666666666666664
0 0.7475 0.5658333333333333 0.015 0.041666666666666664
