0 0.11083333333333334 0.5241666666666667 0.03166666666666667 0.06833333333333333
0 0.12916666666666668 0.5116666666666667 0.021666666666666667 0.056666666666666664
0 0.08833333333333333 0.5091666666666667 0.03 0.06833333333333333
0 0.7916666666666666 0.45166666666666666 0.03666666666666667 0.03
0 0.10916666666666666 0.45166666666666666 0.028333333333333332 0.06666666666666667
0 0.14833333333333334 0.44666666666666666 0.02666666666666667 0.043333333333333335
0 0.1375 0.44333333333333336 0.041666666666666664 0.056666666666666664
0 0.8075 0.4266666666666667 0.035 0.03333333333333333
0 0.7858333333333334 0.4125 0.035 0.028333333333333332
0 0.14416666666666667 0.405 0.045 0.06
0 0.755 0.3958333333333333 0.03666666666666667 0.028333333333333332
0 0.7833333333333333 0.3858333333333333 0.03 0.028333333333333332
0 0.7983333333333333 0.36083333333333334 0.03333333333333333 0.03833333333333333
0 0.7783333333333333 0.35583333333333333 0.03333333333333333 0.03166666666666667
0 0.8025 0.31666666666666665 0.021666666666666667 0.07
0 0.8258333333333333 0.3258333333333333 0.025 0.041666666666666664
0 0.8241666666666667 0.315 0.025 0.06333333333333334
0 0.8033333333333333 0.3 0.02 0.04666666666666667
0 0.7758333333333334 0.27166666666666667 0.025 0.04666666666666667
0 0.7975 0.26416666666666666 0.028333333333333332 0.04833333333333333
0 0.6825 0.25333333333333335 0.021666666666666667 0.056666666666666664
0 0.8183333333333334 0.24916666666666668 0.02 0.06166666666666667
0 0.7758333333333334 0.24916666666666668 0.025 0.041666666666666664
0 0.8016666666666666 0.2275 0.02666666666666667 0.051666666666666666
0 0.7466666666666667 0.22 0.02666666666666667 0.06666666666666667
0 0.6658333333333334 0.21833333333333332 0.03166666666666667 0.03333333333333333
0 0.6875 0.2125 0.028333333333333332 0.03166666666666667
0 0.6975 0.22416666666666665 0.0016666666666666668 0.0016666666666666668
0 0.7966666666666666 0.20583333333333334 0.03 0.051666666666666666
0 0.7008333333333333 0.185 0.028333333333333332 0.03666666666666667
0 0.8175 0.18333333333333332 0.021666666666666667 0.06
0 0.6683333333333333 0.1725 0.02666666666666667 0.041666666666666664
0 0.7916666666666666 0.16666666666666666 0.023333333333333334 0.04666666666666667
0 0.7941666666666667 0.15333333333333332 0.028333333333333332 0.07
0 0.2 0.9258333333333333 0.023333333333333334 0.041666666666666664
0 0.65 0.09666666666666666 0.016666666666666666 0.07333333333333333
0 0.7708333333333334 0.09416666666666666 0.03833333333333333 0.058333333333333334
0 0.785 0.06666666666666667 0.03 0.043333333333333335
0 0.7625 0.04666666666666667 0.018333333333333333 0.043333333333333335
0 0.7491666666666666 0.0325 0.021666666666666667 0.065
0 0.18083333333333335 0.9008333333333334 0.021666666666666667 0.08166666666666667
0 0.195 0.8883333333333333 0.023333333333333334 0.04666666666666667
0 0.215 0.8766666666666667 0.023333333333333334 0.023333333333333334
0 0.19166666666666668 0.8483333333333334 0.03 0.056666666666666664
0 0.7391666666666666 0.8341666666666666 0.015 0.04833333333333333
0 0.14 0.8208333333333333 0.03 0.051666666666666666
0 0.19666666666666666 0.82 0.023333333333333334 0.03
0 0.16833333333333333 0.815 0.02 0.07333333333333333
0 0.0075 0.8208333333333333 0.015 0.058333333333333334
0 0.7633333333333333 0.7916666666666666 0.03666666666666667 0.043333333333333335
0 0.23666666666666666 0.7841666666666667 0.023333333333333334 0.06833333333333333
0 0.7533333333333333 0.7666666666666667 0.03 0.02666666666666667
0 0.1175 0.7491666666666666 0.03166666666666667 0.06833333333333333
0 0.7425 0.7491666666666666 0.028333333333333332 0.021666666666666667
0 0.15833333333333333 0.7466666666666667 0.023333333333333334 0.08
0 0.6391666666666667 0.7291666666666666 0.03833333333333333 0.041666666666666664
0 0.7708333333333334 0.7283333333333334 0.021666666666666667 0.043333333333333335
0 0.7508333333333334 0.725 0.028333333333333332 0.03
0 0.12833333333333333 0.7183333333333334 0.016666666666666666 0.06
0 0.0925 0.72 0.025 0.06666666666666667
0 0.11666666666666667 0.7066666666666667 0.016666666666666666 0.06
0 0.1425 0.705 0.021666666666666667 0.08
0 0.7758333333333334 0.6875 0.028333333333333332 0.055
0 0.7558333333333334 0.6783333333333333 0.035 0.04666666666666667
0 0.1225 0.6675 0.025 0.075
0 0.095 0.6675 0.03 0.051666666666666666
0 0.12583333333333332 0.6591666666666667 0.028333333333333332 0.058333333333333334
0 0.06916666666666667 0.6425 0.025 0.058333333333333334
0 0.47833333333333333 0.6291666666666667 0.03 0.07166666666666667
0 0.10083333333333333 0.6266666666666667 0.021666666666666667 0.06666666666666667
0 0.12416666666666666 0.5958333333333333 0.025 0.075
0 0.05333333333333334 0.5866666666666667 0.02666666666666667 0.05333333333333334
0 0.11333333333333333 0.5608333333333333 0.023333333333333334 0.055
0 0.7108333333333333 0.5533333333333333 0.03166666666666667 0.06333333333333334
