0 0.5483333333333333 0.5416666666666666 0.03 0.03
0 0.4825 0.5416666666666666 0.021666666666666667 0.023333333333333334
0 0.5016666666666667 0.535 0.03 0.02666666666666667
0 0.5816666666666667 0.5266666666666666 0.03 0.02666666666666667
0 0.5191666666666667 0.5233333333333333 0.028333333333333332 0.03
0 0.6 0.525 0.02 0.06
0 0.5466666666666666 0.5208333333333334 0.03 0.035
0 0.58 0.5075 0.02666666666666667 0.03166666666666667
0 0.5833333333333334 0.48583333333333334 0.03666666666666667 0.021666666666666667
0 0.595 0.4725 0.03666666666666667 0.03833333333333333
0 0.5641666666666667 0.4558333333333333 0.028333333333333332 0.03833333333333333
0 0.5875 0.4475 0.028333333333333332 0.041666666666666664
0 0.5933333333333334 0.44 0.03 0.04666666666666667
0 0.5641666666666667 0.4325 0.021666666666666667 0.035
0 0.55 0.4058333333333333 0.03 0.028333333333333332
0 0.58 0.3958333333333333 0.023333333333333334 0.045
0 0.5483333333333333 0.38166666666666665 0.03666666666666667 0.043333333333333335
0 0.5591666666666667 0.36833333333333335 0.025 0.043333333333333335
0 0.5516666666666666 0.3375 0.02666666666666667 0.035
0 0.53 0.3383333333333333 0.03 0.02666666666666667
0 0.5175 0.30916666666666665 0.03166666666666667 0.03166666666666667
0 0.5408333333333334 0.3016666666666667 0.035 0.03333333333333333
0 0.48083333333333333 0.28583333333333333 0.03166666666666667 0.028333333333333332
0 0.5125 0.2816666666666667 0.028333333333333332 0.02666666666666667
0 0.4675 0.265 0.025 0.023333333333333334
0 0.5291666666666667 0.2625 0.035 0.058333333333333334
0 0.495 0.26 0.03666666666666667 0.03
0 0.5833333333333334 0.7033333333333334 0.023333333333333334 0.07
0 0.5225 0.6925 0.03833333333333333 0.03833333333333333
0 0.54 0.69 0.03333333333333333 0.04
0 0.5425 0.6741666666666667 0.03833333333333333 0.03166666666666667
0 0.5683333333333334 0.6641666666666667 0.016666666666666666 0.07833333333333334
0 0.6 0.6575 0.013333333333333334 0.055
0 0.5141666666666667 0.6483333333333333 0.028333333333333332 0.03
0 0.4875 0.6416666666666667 0.03166666666666667 0.03
0 0.5433333333333333 0.6408333333333334 0.02666666666666667 0.025
0 0.5916666666666667 0.6375 0.016666666666666666 0.07166666666666667
0 0.515 0.6333333333333333 0.02666666666666667 0.023333333333333334
0 0.5783333333333334 0.6241666666666666 0.016666666666666666 0.06166666666666667
0 0.5058333333333334 0.615 0.028333333333333332 0.03
0 0.5466666666666666 0.6141666666666666 0.02666666666666667 0.035
0 0.5616666666666666 0.6058333333333333 0.016666666666666666 0.041666666666666664
0 0.5291666666666667 0.605 0.03166666666666667 0.04
0 0.49333333333333335 0.6008333333333333 0.023333333333333334 0.03166666666666667
0 0.5175 0.5891666666666666 0.025 0.028333333333333332
0 0.49916666666666665 0.5783333333333334 0.03166666666666667 0.02666666666666667
0 0.4741666666666667 0.5758333333333333 0.021666666666666667 0.021666666666666667
0 0.5716666666666667 0.575 0.02666666666666667 0.02666666666666667
0 0.535 0.57 0.03 0.023333333333333334
0 0.5875 0.5641666666666667 0.021666666666666667 0.06166666666666667
0 0.57 0.5641666666666667 0.03 0.045
0 0.5008333333333334 0.5591666666666667 0.03166666666666667 0.025
0 0.5258333333333334 0.5508333333333333 0.03166666666666667 0.025
