0 0.4716666666666667 0.4525 0.02 0.08833333333333333
0 0.31583333333333335 0.46416666666666667 0.045 0.04833333333333333
0 0.455 0.47 0.02 0.08
0 0.30333333333333334 0.5083333333333333 0.04 0.05
0 0.27166666666666667 0.5358333333333334 0.03 0.07166666666666667
0 0.4483333333333333 0.5483333333333333 0.023333333333333334 0.08666666666666667
0 0.7891666666666667 0.58 0.025 0.05333333333333334
0 0.5766666666666667 0.5941666666666666 0.023333333333333334 0.085
0 0.4216666666666667 0.6058333333333333 0.02666666666666667 0.06166666666666667
0 0.6083333333333333 0.6133333333333333 0.04666666666666667 0.04666666666666667
0 0.7791666666666667 0.6683333333333333 0.008333333333333333 0.006666666666666667
0 0.7833333333333333 0.6425 0.02 0.065
0 0.4175 0.6508333333333334 0.03833333333333333 0.04833333333333333
0 0.7416666666666667 0.6658333333333334 0.03 0.08833333333333333
0 0.64 0.6658333333333334 0.03666666666666667 0.06833333333333333
0 0.39 0.6775 0.023333333333333334 0.03833333333333333
0 0.5675 0.6966666666666667 0.028333333333333332 0.08
0 0.7775 0.6975 0.03833333333333333 0.04833333333333333
0 0.7625 0.7066666666666667 0.03166666666666667 0.07
0 0.4008333333333333 0.7041666666666667 0.025 0.058333333333333334
0 0.6358333333333334 0.7191666666666666 0.028333333333333332 0.085
0 0.715 0.7383333333333333 0.02 0.07
0 0.6758333333333333 0.7366666666666667 0.021666666666666667 0.06
0 0.37416666666666665 0.7416666666666667 0.035 0.06333333333333334
0 0.6533333333333333 0.7575 0.02666666666666667 0.08166666666666667
0 0.7875 0.7533333333333333 0.045 0.043333333333333335
0 0.38083333333333336 0.7691666666666667 0.021666666666666667 0.051666666666666666
0 0.8125 0.7716666666666666 0.035 0.05333333333333334
0 0.6891666666666667 0.7858333333333334 0.021666666666666667 0.06833333333333333
0 0.73 0.7941666666666667 0.03666666666666667 0.03833333333333333
0 0.6616666666666666 0.7975 0.023333333333333334 0.07833333333333334
0 0.7708333333333334 0.8066666666666666 0.051666666666666666 0.03
0 0.3541666666666667 0.8108333333333333 0.035 0.075
0 0.7041666666666667 0.8191666666666667 0.021666666666666667 0.085
0 0.6675 0.8408333333333333 0.025 0.065
0 0.7558333333333334 0.8725 0.041666666666666664 0.03833333333333333
0 0.6483333333333333 0.87 0.016666666666666666 0.07
0 0.6916666666666667 0.8816666666666667 0.013333333333333334 0.07
0 0.675 0.8858333333333334 0.023333333333333334 0.07833333333333334
0 0.5516666666666666 0.8925 0.023333333333333334 0.055
0 0.49916666666666665 0.9008333333333334 0.035 0.055
0 0.6516666666666666 0.9341666666666667 0.023333333333333334 0.085
0 0.5633333333333334 0.9441666666666667 0.03333333333333333 0.03833333333333333
0 0.5091666666666667 0.945 0.035 0.043333333333333335
0 0.54 0.945 0.03 0.05333333333333334
0 0.4816666666666667 0.9575 0.03333333333333333 0.04833333333333333
0 0.545 0.9816666666666667 0.02 0.03666666666666667
0 0.495 0.9825 0.03 0.035
0 0.525 0.9891666666666666 0.023333333333333334 0.021666666666666667
0 0.4691666666666667 0.9908333333333333 0.025 0.018333333333333333
0 0.3 0.1175 0.03 0.051666666666666666
0 0.22583333333333333 0.13 0.025 0.08666666666666667
0 0.25916666666666666 0.14916666666666667 0.021666666666666667 0.08833333333333333
0 0.27166666666666667 0.16833333333333333 0.03 0.06333333333333334
0 0.29083333333333333 0.2225 0.025 0.08166666666666667
0 0.4675 0.2975 0.028333333333333332 0.06166666666666667
0 0.44 0.3616666666666667 0.03666666666666667 0.07333333333333333
0 0.485 0.37416666666666665 0.02 0.06166666666666667
0 0.47 0.37416666666666665 0.02666666666666667 0.075
0 0.38916666666666666 0.4041666666666667 0.04833333333333333 0.03166666666666667
0 0.3433333333333333 0.4225 0.043333333333333335 0.045
