0 0.43916666666666665 0.5558333333333333 0.021666666666666667 0.065
0 0.4225 0.5425 0.025 0.08166666666666667
0 0.5683333333333334 0.5508333333333333 0.03666666666666667 0.035
0 0.5233333333333333 0.5425 0.043333333333333335 0.035
0 0.5 0.5408333333333334 0.023333333333333334 0.065
0 0.5441666666666667 0.5258333333333334 0.03833333333333333 0.03833333333333333
0 0.3983333333333333 0.5208333333333334 0.02666666666666667 0.055
0 0.5941666666666666 0.5291666666666667 0.025 0.085
0 0.44916666666666666 0.5125 0.035 0.051666666666666666
0 0.4675 0.5016666666666667 0.035 0.05333333333333334
0 0.5841666666666666 0.5016666666666667 0.035 0.07
0 0.5675 0.4825 0.03833333333333333 0.07833333333333334
0 0.5166666666666667 0.4791666666666667 0.03666666666666667 0.058333333333333334
0 0.49166666666666664 0.4691666666666667 0.03333333333333333 0.06166666666666667
0 0.5441666666666667 0.4725 0.045 0.03833333333333333
0 0.5683333333333334 0.35833333333333334 0.03333333333333333 0.07
0 0.48583333333333334 0.6641666666666667 0.035 0.06166666666666667
0 0.5358333333333334 0.6425 0.051666666666666666 0.04833333333333333
0 0.44916666666666666 0.6366666666666667 0.03833333333333333 0.06666666666666667
0 0.4266666666666667 0.635 0.03666666666666667 0.03666666666666667
0 0.3883333333333333 0.63 0.05 0.04
0 0.515 0.6233333333333333 0.043333333333333335 0.03333333333333333
0 0.47333333333333333 0.6141666666666666 0.03 0.045
0 0.4508333333333333 0.61 0.028333333333333332 0.043333333333333335
0 0.3908333333333333 0.6008333333333333 0.041666666666666664 0.055
0 0.56 0.5941666666666666 0.056666666666666664 0.055
0 0.47833333333333333 0.5933333333333334 0.02666666666666667 0.06
0 0.4008333333333333 0.5841666666666666 0.045 0.058333333333333334
0 0.36083333333333334 0.5825 0.025 0.03833333333333333
0 0.56 0.5841666666666666 0.056666666666666664 0.035
0 0.41333333333333333 0.575 0.03666666666666667 0.06
0 0.4841666666666667 0.5691666666666667 0.03833333333333333 0.07166666666666667
0 0.45666666666666667 0.5625 0.02 0.06166666666666667
