0 0.42083333333333334 0.5191666666666667 0.04833333333333333 0.06833333333333333
0 0.5475 0.5208333333333334 0.045 0.06833333333333333
0 0.5641666666666667 0.6291666666666667 0.03833333333333333 0.07833333333333334
0 0.26666666666666666 0.6408333333333334 0.03333333333333333 0.095
0 0.15666666666666668 0.7575 0.03 0.105
0 0.2425 0.8033333333333333 0.041666666666666664 0.07
0 0.21416666666666667 0.8058333333333333 0.045 0.075
0 0.40166666666666667 0.8141666666666667 0.04666666666666667 0.065
0 0.4741666666666667 0.8283333333333334 0.04833333333333333 0.07
0 0.18416666666666667 0.8766666666666667 0.04833333333333333 0.05333333333333334
0 0.9291666666666667 0.12583333333333332 0.028333333333333332 0.095
0 0.8941666666666667 0.13416666666666666 0.035 0.09166666666666666
0 0.7825 0.15333333333333332 0.025 0.08666666666666667
0 0.5758333333333333 0.26666666666666666 0.025 0.08666666666666667
0 0.5375 0.38083333333333336 0.055 0.045
0 0.5416666666666666 0.4583333333333333 0.05 0.056666666666666664
