0 0.7891666666666667 0.028333333333333332 0.035 0.056666666666666664
0 0.20583333333333334 0.6366666666666667 0.035 0.06666666666666667
0 0.15333333333333332 0.6683333333333333 0.04666666666666667 0.04
0 0.195 0.6733333333333333 0.03666666666666667 0.06333333333333334
0 0.2375 0.7016666666666667 0.035 0.07
0 0.19 0.745 0.02666666666666667 0.07333333333333333
0 0.5208333333333334 0.75 0.04833333333333333 0.04
0 0.2608333333333333 0.7583333333333333 0.045 0.043333333333333335
0 0.7275 0.7591666666666667 0.04833333333333333 0.03833333333333333
0 0.7608333333333334 0.7816666666666666 0.04833333333333333 0.03666666666666667
0 0.18916666666666668 0.8091666666666667 0.04833333333333333 0.035
0 0.8758333333333334 0.08416666666666667 0.028333333333333332 0.06166666666666667
0 0.905 0.13166666666666665 0.04 0.043333333333333335
0 0.9591666666666666 0.17916666666666667 0.041666666666666664 0.051666666666666666
0 0.06916666666666667 0.22166666666666668 0.041666666666666664 0.043333333333333335
0 0.2525 0.25333333333333335 0.041666666666666664 0.043333333333333335
0 0.0975 0.265 0.041666666666666664 0.03333333333333333
0 0.035833333333333335 0.26916666666666667 0.035 0.04833333333333333
0 0.4116666666666667 0.35083333333333333 0.043333333333333335 0.058333333333333334
