0 0.8625 0.0225 0.035 0.045
0 0.7616666666666667 0.4775 0.05333333333333334 0.10833333333333334
0 0.8475 0.49666666666666665 0.06166666666666667 0.1
0 0.0225 0.0525 0.045 0.105
0 0.44 0.060833333333333336 0.03 0.12166666666666667
0 0.4816666666666667 0.15083333333333335 0.03 0.135
0 0.22916666666666666 0.165 0.03166666666666667 0.15
0 0.4033333333333333 0.17916666666666667 0.07 0.07833333333333334
0 0.03666666666666667 0.1825 0.043333333333333335 0.135
0 0.09 0.20666666666666667 0.05 0.12333333333333334
0 0.5358333333333334 0.2075 0.035 0.12833333333333333
0 0.4675 0.245 0.058333333333333334 0.11333333333333333
0 0.6125 0.2841666666666667 0.07166666666666667 0.08166666666666667
0 0.10166666666666667 0.30583333333333335 0.03 0.135
0 0.2733333333333333 0.3458333333333333 0.043333333333333335 0.11833333333333333
0 0.655 0.37833333333333335 0.06 0.11
0 0.14333333333333334 0.37916666666666665 0.043333333333333335 0.12166666666666667
0 0.185 0.38666666666666666 0.05 0.11333333333333333
0 0.0675 0.43583333333333335 0.051666666666666666 0.105
0 0.7108333333333333 0.43666666666666665 0.065 0.08666666666666667
0 0.01 0.46416666666666667 0.02 0.058333333333333334
