0 0.48833333333333334 0.0425 0.013333333333333334 0.015
0 0.54 0.049166666666666664 0.013333333333333334 0.015
0 0.5575 0.056666666666666664 0.005 0.01
0 0.5525 0.05583333333333333 0.011666666666666667 0.011666666666666667
0 0.5625 0.058333333333333334 0.011666666666666667 0.013333333333333334
0 0.5675 0.0675 0.005 0.015
0 0.5625 0.06416666666666666 0.015 0.021666666666666667
0 0.15916666666666668 0.8716666666666667 0.025 0.03666666666666667
0 0.17666666666666667 0.8966666666666666 0.02 0.023333333333333334
0 0.1 0.9233333333333333 0.03333333333333333 0.03
0 0.15916666666666668 0.9316666666666666 0.015 0.03333333333333333
0 0.1 0.9525 0.023333333333333334 0.028333333333333332
0 0.56 0.09333333333333334 0.006666666666666667 0.013333333333333334
0 0.09166666666666666 0.9591666666666666 0.016666666666666666 0.03166666666666667
0 0.0675 0.9683333333333334 0.025 0.056666666666666664
0 0.085 0.9691666666666666 0.016666666666666666 0.045
0 0.075 0.98 0.013333333333333334 0.04
0 0.055 0.9858333333333333 0.013333333333333334 0.028333333333333332
0 0.10083333333333333 0.9833333333333333 0.021666666666666667 0.03333333333333333
0 0.03833333333333333 0.9975 0.016666666666666666 0.005
0 0.495 0.12833333333333333 0.01 0.016666666666666666
0 0.7816666666666666 0.12916666666666668 0.013333333333333334 0.018333333333333333
0 0.5833333333333334 0.14166666666666666 0.013333333333333334 0.016666666666666666
0 0.49416666666666664 0.14916666666666667 0.008333333333333333 0.025
0 0.49583333333333335 0.15166666666666667 0.008333333333333333 0.023333333333333334
0 0.4891666666666667 0.016666666666666666 0.011666666666666667 0.013333333333333334
0 0.5158333333333334 0.18083333333333335 0.018333333333333333 0.021666666666666667
0 0.5583333333333333 0.18333333333333332 0.016666666666666666 0.02666666666666667
0 0.4791666666666667 0.0175 0.008333333333333333 0.008333333333333333
0 0.5091666666666667 0.023333333333333334 0.008333333333333333 0.006666666666666667
0 0.4841666666666667 0.024166666666666666 0.005 0.005
0 0.4925 0.024166666666666666 0.005 0.008333333333333333
0 0.4766666666666667 0.0225 0.01 0.011666666666666667
0 0.5016666666666667 0.030833333333333334 0.01 0.021666666666666667
0 0.5175 0.030833333333333334 0.008333333333333333 0.018333333333333333
0 0.51 0.03 0.006666666666666667 0.02
0 0.48833333333333334 0.035833333333333335 0.006666666666666667 0.015
0 0.4825 0.035 0.005 0.013333333333333334
0 0.4716666666666667 0.035 0.013333333333333334 0.02
0 0.5208333333333334 0.0325 0.008333333333333333 0.015
0 0.5008333333333334 0.035 0.008333333333333333 0.016666666666666666
0 0.49 0.03916666666666667 0.01 0.021666666666666667
0 0.49916666666666665 0.03666666666666667 0.008333333333333333 0.023333333333333334
0 0.4741666666666667 0.03833333333333333 0.015 0.013333333333333334
