0 0.5791666666666667 0.6583333333333333 0.0016666666666666668 0.0033333333333333335
0 0.14083333333333334 0.8816666666666667 0.035 0.04666666666666667
0 0.025 0.96 0.05 0.05333333333333334
0 0.45416666666666666 0.29833333333333334 0.028333333333333332 0.02666666666666667
0 0.4175 0.30333333333333334 0.028333333333333332 0.02666666666666667
0 0.43666666666666665 0.3125 0.03333333333333333 0.025
0 0.7408333333333333 0.315 0.018333333333333333 0.05
0 0.6733333333333333 0.31583333333333335 0.03666666666666667 0.051666666666666666
0 0.5108333333333334 0.31916666666666665 0.028333333333333332 0.051666666666666666
0 0.385 0.31833333333333336 0.03333333333333333 0.04
0 0.4091666666666667 0.3283333333333333 0.03166666666666667 0.02666666666666667
0 0.47 0.3333333333333333 0.03333333333333333 0.043333333333333335
0 0.4425 0.3358333333333333 0.03166666666666667 0.028333333333333332
0 0.72 0.345 0.02666666666666667 0.06
0 0.38 0.3466666666666667 0.03333333333333333 0.04
0 0.5016666666666667 0.3516666666666667 0.03333333333333333 0.03333333333333333
0 0.4075 0.35333333333333333 0.03166666666666667 0.02666666666666667
0 0.725 0.36583333333333334 0.03 0.04833333333333333
0 0.4558333333333333 0.37 0.028333333333333332 0.04
0 0.5833333333333334 0.37 0.023333333333333334 0.06
0 0.43416666666666665 0.37583333333333335 0.025 0.06833333333333333
0 0.47833333333333333 0.38333333333333336 0.023333333333333334 0.056666666666666664
0 0.39166666666666666 0.38416666666666666 0.02666666666666667 0.041666666666666664
0 0.6908333333333333 0.3933333333333333 0.035 0.03333333333333333
0 0.36666666666666664 0.40166666666666667 0.03333333333333333 0.04666666666666667
0 0.39916666666666667 0.42 0.03833333333333333 0.03333333333333333
0 0.6675 0.4241666666666667 0.028333333333333332 0.03166666666666667
0 0.64 0.4241666666666667 0.03666666666666667 0.045
0 0.6833333333333333 0.4275 0.023333333333333334 0.041666666666666664
0 0.5958333333333333 0.44916666666666666 0.035 0.06166666666666667
0 0.7083333333333334 0.455 0.03333333333333333 0.03
