0 0.38916666666666666 0.4725 0.035 0.035
0 0.3383333333333333 0.47583333333333333 0.03666666666666667 0.028333333333333332
0 0.37416666666666665 0.4866666666666667 0.03166666666666667 0.03
0 0.3641666666666667 0.5058333333333334 0.03833333333333333 0.03833333333333333
0 0.3466666666666667 0.5141666666666667 0.03666666666666667 0.028333333333333332
0 0.36583333333333334 0.5366666666666666 0.035 0.023333333333333334
0 0.36666666666666664 0.5541666666666667 0.03333333333333333 0.03166666666666667
0 0.395 0.5575 0.03 0.025
0 0.3575 0.5708333333333333 0.03833333333333333 0.035
0 0.4066666666666667 0.58 0.04666666666666667 0.02666666666666667
0 0.3908333333333333 0.6008333333333333 0.03166666666666667 0.028333333333333332
0 0.36916666666666664 0.6058333333333333 0.03166666666666667 0.041666666666666664
0 0.455 0.6166666666666667 0.03 0.02666666666666667
0 0.4025 0.6241666666666666 0.03166666666666667 0.028333333333333332
0 0.435 0.6291666666666667 0.03333333333333333 0.028333333333333332
0 0.4725 0.6383333333333333 0.03166666666666667 0.023333333333333334
0 0.44583333333333336 0.6483333333333333 0.03166666666666667 0.02666666666666667
0 0.4125 0.6483333333333333 0.035 0.03
0 0.47833333333333333 0.6583333333333333 0.02666666666666667 0.023333333333333334
0 0.4141666666666667 0.6708333333333333 0.03166666666666667 0.035
0 0.4558333333333333 0.6725 0.035 0.028333333333333332
0 0.43916666666666665 0.6916666666666667 0.035 0.03
0 0.38916666666666666 0.245 0.03833333333333333 0.03
0 0.3575 0.25166666666666665 0.028333333333333332 0.02666666666666667
0 0.37666666666666665 0.27 0.02666666666666667 0.03
0 0.39 0.275 0.02666666666666667 0.03333333333333333
0 0.41833333333333333 0.2758333333333333 0.03333333333333333 0.028333333333333332
0 0.3416666666666667 0.2808333333333333 0.03666666666666667 0.035
0 0.31833333333333336 0.2825 0.016666666666666666 0.07833333333333334
0 0.3908333333333333 0.29333333333333333 0.028333333333333332 0.02666666666666667
0 0.36 0.3016666666666667 0.02666666666666667 0.02666666666666667
0 0.42833333333333334 0.30583333333333335 0.03 0.03833333333333333
0 0.30083333333333334 0.31166666666666665 0.015 0.05
0 0.4058333333333333 0.31333333333333335 0.028333333333333332 0.043333333333333335
0 0.3416666666666667 0.32 0.03 0.03333333333333333
0 0.38166666666666665 0.3225 0.023333333333333334 0.035
0 0.3625 0.33 0.025 0.04
0 0.4 0.33916666666666667 0.023333333333333334 0.035
0 0.4166666666666667 0.3408333333333333 0.03 0.035
0 0.43666666666666665 0.34 0.02 0.02666666666666667
0 0.325 0.35083333333333333 0.02666666666666667 0.06833333333333333
0 0.345 0.355 0.02666666666666667 0.023333333333333334
0 0.37416666666666665 0.35333333333333333 0.028333333333333332 0.03333333333333333
0 0.41833333333333333 0.3641666666666667 0.03 0.028333333333333332
0 0.315 0.37083333333333335 0.02666666666666667 0.075
0 0.38416666666666666 0.36833333333333335 0.025 0.02666666666666667
0 0.3575 0.38 0.03166666666666667 0.023333333333333334
0 0.3925 0.38083333333333336 0.03166666666666667 0.035
0 0.415 0.3908333333333333 0.03 0.025
0 0.37 0.405 0.03 0.03
0 0.3425 0.4041666666666667 0.03166666666666667 0.041666666666666664
0 0.4008333333333333 0.4083333333333333 0.03166666666666667 0.02666666666666667
0 0.3908333333333333 0.42833333333333334 0.035 0.03333333333333333
0 0.3525 0.4583333333333333 0.03833333333333333 0.02666666666666667
