0 0.405 0.45416666666666666 0.02 0.055
0 0.6666666666666666 0.44916666666666666 0.023333333333333334 0.065
0 0.3283333333333333 0.45 0.03666666666666667 0.03666666666666667
0 0.3475 0.4666666666666667 0.03166666666666667 0.03
0 0.32083333333333336 0.4775 0.03833333333333333 0.03166666666666667
0 0.6475 0.4866666666666667 0.018333333333333333 0.08333333333333333
0 0.375 0.49 0.02666666666666667 0.07333333333333333
0 0.3908333333333333 0.4975 0.028333333333333332 0.055
0 0.6725 0.5016666666666667 0.018333333333333333 0.06666666666666667
0 0.3525 0.5041666666666667 0.03166666666666667 0.045
0 0.335 0.5158333333333334 0.03333333333333333 0.03833333333333333
0 0.6591666666666667 0.515 0.015 0.056666666666666664
0 0.6091666666666666 0.5275 0.035 0.055
0 0.37916666666666665 0.5508333333333333 0.021666666666666667 0.058333333333333334
0 0.3575 0.5483333333333333 0.021666666666666667 0.05333333333333334
0 0.39916666666666667 0.5583333333333333 0.028333333333333332 0.04
0 0.6508333333333334 0.5683333333333334 0.018333333333333333 0.06666666666666667
0 0.4266666666666667 0.5666666666666667 0.04 0.04666666666666667
0 0.4058333333333333 0.5941666666666666 0.035 0.03833333333333333
0 0.37166666666666665 0.5983333333333334 0.02 0.05333333333333334
0 0.36583333333333334 0.6058333333333333 0.028333333333333332 0.06833333333333333
0 0.4025 0.6208333333333333 0.03166666666666667 0.055
0 0.6183333333333333 0.02 0.023333333333333334 0.04
0 0.38666666666666666 0.6516666666666666 0.03333333333333333 0.02666666666666667
0 0.4191666666666667 0.67 0.028333333333333332 0.04
0 0.38083333333333336 0.6725 0.03166666666666667 0.045
0 0.7708333333333334 0.6841666666666667 0.018333333333333333 0.08166666666666667
0 0.4066666666666667 0.6908333333333333 0.023333333333333334 0.04833333333333333
0 0.3825 0.7175 0.015 0.06166666666666667
0 0.3983333333333333 0.715 0.02666666666666667 0.03666666666666667
0 0.42583333333333334 0.7358333333333333 0.03166666666666667 0.035
0 0.8725 0.7391666666666666 0.03833333333333333 0.051666666666666666
0 0.4033333333333333 0.7408333333333333 0.02666666666666667 0.035
0 0.7775 0.7566666666666667 0.018333333333333333 0.06666666666666667
0 0.5966666666666667 0.03 0.02 0.02666666666666667
0 0.43333333333333335 0.7683333333333333 0.02666666666666667 0.03666666666666667
0 0.38916666666666666 0.77 0.025 0.06333333333333334
0 0.46166666666666667 0.7691666666666667 0.03666666666666667 0.045
0 0.4191666666666667 0.7733333333333333 0.025 0.03333333333333333
0 0.4066666666666667 0.7783333333333333 0.03 0.056666666666666664
0 0.8675 0.7925 0.025 0.07166666666666667
0 0.4558333333333333 0.7966666666666666 0.035 0.03
0 0.45166666666666666 0.8066666666666666 0.04 0.05
0 0.41 0.815 0.02666666666666667 0.03666666666666667
0 0.43333333333333335 0.8166666666666667 0.02666666666666667 0.04
0 0.8316666666666667 0.8158333333333333 0.02666666666666667 0.03166666666666667
0 0.8866666666666667 0.83 0.023333333333333334 0.07333333333333333
0 0.47833333333333333 0.84 0.02666666666666667 0.05
0 0.8575 0.8466666666666667 0.03166666666666667 0.043333333333333335
0 0.41833333333333333 0.85 0.03 0.056666666666666664
0 0.4583333333333333 0.8558333333333333 0.02666666666666667 0.04833333333333333
0 0.8516666666666667 0.8758333333333334 0.03666666666666667 0.041666666666666664
0 0.45166666666666666 0.8833333333333333 0.02 0.07
0 0.43916666666666665 0.9116666666666666 0.025 0.05333333333333334
0 0.4225 0.9058333333333334 0.018333333333333333 0.07166666666666667
0 0.8333333333333334 0.92 0.03333333333333333 0.05333333333333334
0 0.9908333333333333 0.9875 0.018333333333333333 0.025
0 0.4175 0.9925 0.015 0.015
0 0.5925 0.06416666666666666 0.028333333333333332 0.051666666666666666
0 0.5691666666666667 0.09166666666666666 0.021666666666666667 0.05333333333333334
0 0.5841666666666666 0.12083333333333333 0.018333333333333333 0.06833333333333333
0 0.5891666666666666 0.13083333333333333 0.025 0.055
0 0.5633333333333334 0.14333333333333334 0.023333333333333334 0.056666666666666664
0 0.455 0.16583333333333333 0.013333333333333334 0.065
0 0.68 0.175 0.02666666666666667 0.08
0 0.44333333333333336 0.18083333333333335 0.016666666666666666 0.07833333333333334
0 0.5458333333333333 0.18 0.015 0.07333333333333333
0 0.5858333333333333 0.18916666666666668 0.015 0.06166666666666667
0 0.5658333333333333 0.18583333333333332 0.028333333333333332 0.065
0 0.6866666666666666 0.19166666666666668 0.013333333333333334 0.05333333333333334
0 0.5716666666666667 0.2 0.016666666666666666 0.07333333333333333
0 0.4691666666666667 0.20666666666666667 0.028333333333333332 0.05333333333333334
0 0.42916666666666664 0.215 0.015 0.07666666666666666
0 0.41333333333333333 0.22666666666666666 0.02666666666666667 0.06333333333333334
0 0.37333333333333335 0.22833333333333333 0.023333333333333334 0.07333333333333333
0 0.4483333333333333 0.23833333333333334 0.013333333333333334 0.05333333333333334
0 0.5841666666666666 0.23333333333333334 0.028333333333333332 0.06333333333333334
0 0.5491666666666667 0.24166666666666667 0.03166666666666667 0.043333333333333335
0 0.3625 0.24666666666666667 0.015 0.07333333333333333
0 0.4425 0.255 0.018333333333333333 0.08
0 0.5525 0.2658333333333333 0.028333333333333332 0.055
0 0.4166666666666667 0.2725 0.016666666666666666 0.065
0 0.4666666666666667 0.26916666666666667 0.016666666666666666 0.065
0 0.3425 0.27166666666666667 0.021666666666666667 0.06
0 0.37666666666666665 0.2925 0.02 0.06833333333333333
0 0.3375 0.31333333333333335 0.015 0.056666666666666664
0 0.4483333333333333 0.31416666666666665 0.02 0.06833333333333333
0 0.42333333333333334 0.34 0.02 0.07
0 0.3425 0.3625 0.021666666666666667 0.06166666666666667
0 0.4008333333333333 0.39 0.018333333333333333 0.08333333333333333
0 0.42333333333333334 0.3958333333333333 0.03333333333333333 0.058333333333333334
0 0.6558333333333334 0.4091666666666667 0.015 0.07166666666666667
0 0.33416666666666667 0.42333333333333334 0.03166666666666667 0.02
0 0.42083333333333334 0.4275 0.021666666666666667 0.07166666666666667
0 0.36583333333333334 0.4275 0.03833333333333333 0.065
0 0.6833333333333333 0.43 0.02 0.07666666666666666
