0 0.5208333333333334 0.9591666666666666 0.011666666666666667 0.008333333333333333
0 0.46416666666666667 0.9566666666666667 0.015 0.013333333333333334
0 0.44666666666666666 0.9533333333333334 0.0033333333333333335 0.0033333333333333335
0 0.45166666666666666 0.95 0.01 0.013333333333333334
0 0.43916666666666665 0.9475 0.011666666666666667 0.011666666666666667
0 0.43416666666666665 0.9375 0.008333333333333333 0.021666666666666667
0 0.44166666666666665 0.9375 0.01 0.018333333333333333
0 0.8708333333333333 0.07833333333333334 0.025 0.04
0 0.8525 0.0525 0.018333333333333333 0.025
0 0.9333333333333333 0.021666666666666667 0.03666666666666667 0.03333333333333333
0 0.8716666666666667 0.015833333333333335 0.016666666666666666 0.03166666666666667
0 0.9383333333333334 0.006666666666666667 0.02 0.013333333333333334
0 0.44333333333333336 0.91 0.006666666666666667 0.013333333333333334
0 0.97 0.009166666666666667 0.03333333333333333 0.018333333333333333
0 0.5133333333333333 0.8708333333333333 0.01 0.018333333333333333
0 0.20583333333333334 0.8708333333333333 0.015 0.021666666666666667
0 0.4166666666666667 0.8566666666666667 0.013333333333333334 0.016666666666666666
0 0.5133333333333333 0.855 0.01 0.02
0 0.5108333333333334 0.8458333333333333 0.008333333333333333 0.025
0 0.5208333333333334 0.9908333333333333 0.018333333333333333 0.018333333333333333
0 0.49 0.8158333333333333 0.02 0.021666666666666667
0 0.445 0.8133333333333334 0.016666666666666666 0.02666666666666667
0 0.5275 0.9916666666666667 0.011666666666666667 0.01
0 0.49666666666666665 0.9858333333333333 0.01 0.005
0 0.5216666666666666 0.9858333333333333 0.01 0.005
0 0.515 0.9841666666666666 0.0033333333333333335 0.011666666666666667
0 0.535 0.9825 0.013333333333333334 0.018333333333333333
0 0.505 0.9758333333333333 0.013333333333333334 0.025
0 0.4875 0.9766666666666667 0.008333333333333333 0.02
0 0.49583333333333335 0.9758333333333333 0.008333333333333333 0.025
0 0.5208333333333334 0.9733333333333334 0.008333333333333333 0.016666666666666666
0 0.5258333333333334 0.9741666666666666 0.0016666666666666668 0.0016666666666666668
0 0.5366666666666666 0.9733333333333334 0.013333333333333334 0.023333333333333334
0 0.4841666666666667 0.975 0.005 0.013333333333333334
0 0.5066666666666667 0.9725 0.01 0.021666666666666667
0 0.5166666666666667 0.9708333333333333 0.006666666666666667 0.021666666666666667
0 0.5108333333333334 0.9691666666666666 0.005 0.018333333333333333
0 0.5333333333333333 0.9691666666666666 0.02 0.018333333333333333
