0 0.6291666666666667 0.505 0.045 0.03666666666666667
0 0.5583333333333333 0.5025 0.023333333333333334 0.058333333333333334
0 0.595 0.49583333333333335 0.03666666666666667 0.051666666666666666
0 0.6966666666666667 0.4825 0.04 0.035
0 0.4 0.47333333333333333 0.02666666666666667 0.05333333333333334
0 0.7133333333333334 0.4675 0.04 0.041666666666666664
0 0.735 0.46 0.04 0.03666666666666667
0 0.26666666666666666 0.45166666666666666 0.04 0.04
0 0.6816666666666666 0.44916666666666666 0.02666666666666667 0.03833333333333333
0 0.2975 0.445 0.018333333333333333 0.08
0 0.23083333333333333 0.415 0.03833333333333333 0.05
0 0.2941666666666667 0.4008333333333333 0.03166666666666667 0.085
0 0.2375 0.3958333333333333 0.018333333333333333 0.045
0 0.27666666666666667 0.4 0.02 0.056666666666666664
0 0.25166666666666665 0.39416666666666667 0.023333333333333334 0.07833333333333334
0 0.2625 0.38166666666666665 0.018333333333333333 0.09333333333333334
0 0.27416666666666667 0.37583333333333335 0.021666666666666667 0.058333333333333334
0 0.22 0.3441666666666667 0.02 0.095
0 0.23833333333333334 0.33 0.02 0.056666666666666664
0 0.22166666666666668 0.2816666666666667 0.02666666666666667 0.06333333333333334
0 0.24833333333333332 0.2775 0.023333333333333334 0.09833333333333333
0 0.8866666666666667 0.2575 0.043333333333333335 0.028333333333333332
0 0.8391666666666666 0.23916666666666667 0.025 0.06833333333333333
0 0.5225 0.8458333333333333 0.03166666666666667 0.065
0 0.6483333333333333 0.8 0.043333333333333335 0.04
0 0.495 0.7966666666666666 0.023333333333333334 0.056666666666666664
0 0.6541666666666667 0.7691666666666667 0.041666666666666664 0.045
0 0.5025 0.7708333333333334 0.021666666666666667 0.07833333333333334
0 0.6633333333333333 0.73 0.04 0.03333333333333333
0 0.6625 0.695 0.035 0.05333333333333334
0 0.6158333333333333 0.5625 0.025 0.07833333333333334
0 0.62 0.5616666666666666 0.016666666666666666 0.07666666666666666
0 0.6041666666666666 0.5616666666666666 0.018333333333333333 0.08
0 0.5858333333333333 0.5558333333333333 0.03166666666666667 0.055
0 0.5691666666666667 0.5525 0.03833333333333333 0.04833333333333333
0 0.5766666666666667 0.5133333333333333 0.02666666666666667 0.04666666666666667
