0 0.455 0.5441666666666667 0.023333333333333334 0.07833333333333334
0 0.485 0.5233333333333333 0.02 0.08
0 0.43 0.5058333333333334 0.02 0.075
0 0.46166666666666667 0.4975 0.016666666666666666 0.058333333333333334
0 0.23416666666666666 0.4766666666666667 0.035 0.03666666666666667
0 0.48333333333333334 0.47583333333333333 0.023333333333333334 0.06166666666666667
0 0.26916666666666667 0.4791666666666667 0.041666666666666664 0.03833333333333333
0 0.21583333333333332 0.4725 0.03166666666666667 0.051666666666666666
0 0.37833333333333335 0.4691666666666667 0.043333333333333335 0.03166666666666667
0 0.25666666666666665 0.4475 0.03666666666666667 0.035
0 0.6383333333333333 0.3883333333333333 0.02666666666666667 0.05333333333333334
0 0.7316666666666667 0.38333333333333336 0.02 0.07666666666666666
0 0.7608333333333334 0.3825 0.035 0.028333333333333332
0 0.7566666666666667 0.3466666666666667 0.02 0.056666666666666664
0 0.7741666666666667 0.33916666666666667 0.018333333333333333 0.06166666666666667
0 0.7375 0.33 0.028333333333333332 0.07333333333333333
0 0.8033333333333333 0.31666666666666665 0.03666666666666667 0.056666666666666664
0 0.8025 0.31 0.03833333333333333 0.07
0 0.7633333333333333 0.28583333333333333 0.016666666666666666 0.07166666666666667
0 0.7466666666666667 0.2816666666666667 0.023333333333333334 0.07
0 0.775 0.2658333333333333 0.02 0.08166666666666667
0 0.7883333333333333 0.255 0.013333333333333334 0.07333333333333333
0 0.805 0.25 0.02 0.08333333333333333
0 0.15333333333333332 0.24583333333333332 0.03666666666666667 0.041666666666666664
0 0.20333333333333334 0.2225 0.04 0.03166666666666667
0 0.7983333333333333 0.1975 0.02666666666666667 0.06166666666666667
0 0.5258333333333334 0.8175 0.021666666666666667 0.075
0 0.49166666666666664 0.8075 0.03666666666666667 0.06166666666666667
0 0.49333333333333335 0.7983333333333333 0.03333333333333333 0.04666666666666667
0 0.5416666666666666 0.7683333333333333 0.02 0.06666666666666667
0 0.45666666666666667 0.765 0.03 0.06333333333333334
0 0.4875 0.7616666666666667 0.03833333333333333 0.03666666666666667
0 0.5391666666666667 0.7266666666666667 0.018333333333333333 0.05333333333333334
0 0.45 0.5641666666666667 0.02666666666666667 0.06833333333333333
0 0.47 0.5466666666666666 0.016666666666666666 0.08
