0 0.13416666666666666 0.5241666666666667 0.018333333333333333 0.06166666666666667
0 0.09666666666666666 0.505 0.016666666666666666 0.04
0 0.46166666666666667 0.505 0.016666666666666666 0.06666666666666667
0 0.12 0.49083333333333334 0.02 0.075
0 0.8008333333333333 0.4891666666666667 0.035 0.041666666666666664
0 0.1075 0.4741666666666667 0.015 0.07166666666666667
0 0.7891666666666667 0.4575 0.041666666666666664 0.035
0 0.09916666666666667 0.44083333333333335 0.021666666666666667 0.075
0 0.51 0.43416666666666665 0.043333333333333335 0.035
0 0.1225 0.43083333333333335 0.018333333333333333 0.065
0 0.9116666666666666 0.4266666666666667 0.03 0.056666666666666664
0 0.7983333333333333 0.42833333333333334 0.03666666666666667 0.043333333333333335
0 0.775 0.4266666666666667 0.03666666666666667 0.03333333333333333
0 0.975 0.4225 0.03 0.06166666666666667
0 0.9466666666666667 0.4166666666666667 0.02 0.07666666666666666
0 0.9125 0.4141666666666667 0.028333333333333332 0.08166666666666667
0 0.8308333333333333 0.4066666666666667 0.028333333333333332 0.04666666666666667
0 0.7508333333333334 0.4025 0.03166666666666667 0.035
0 0.09 0.39916666666666667 0.02 0.06166666666666667
0 0.79 0.39 0.023333333333333334 0.043333333333333335
0 0.13166666666666665 0.3933333333333333 0.02 0.06
0 0.8025 0.39416666666666667 0.041666666666666664 0.058333333333333334
0 0.8016666666666666 0.975 0.03 0.05
0 0.1 0.38 0.016666666666666666 0.06666666666666667
0 0.84 0.37416666666666665 0.03 0.028333333333333332
0 0.11416666666666667 0.37 0.018333333333333333 0.07
0 0.07583333333333334 0.37166666666666665 0.011666666666666667 0.056666666666666664
0 0.14416666666666667 0.36333333333333334 0.018333333333333333 0.06666666666666667
0 0.9841666666666666 0.3541666666666667 0.021666666666666667 0.075
0 0.8158333333333333 0.355 0.025 0.05333333333333334
0 0.7891666666666667 0.3491666666666667 0.035 0.03166666666666667
0 0.1725 0.3441666666666667 0.028333333333333332 0.065
0 0.12833333333333333 0.345 0.023333333333333334 0.056666666666666664
0 0.09166666666666666 0.3425 0.023333333333333334 0.051666666666666666
0 0.79 0.33 0.03333333333333333 0.02666666666666667
0 0.7641666666666667 0.3275 0.018333333333333333 0.04833333333333333
0 0.9516666666666667 0.3258333333333333 0.02666666666666667 0.065
0 0.11083333333333334 0.31833333333333336 0.025 0.05333333333333334
0 0.26916666666666667 0.31 0.021666666666666667 0.06333333333333334
0 0.14416666666666667 0.31083333333333335 0.03166666666666667 0.051666666666666666
0 0.7975 0.31083333333333335 0.035 0.028333333333333332
0 0.7825 0.30833333333333335 0.03166666666666667 0.023333333333333334
0 0.7891666666666667 0.2833333333333333 0.051666666666666666 0.03
0 0.25583333333333336 0.2791666666666667 0.021666666666666667 0.065
0 0.8183333333333334 0.2758333333333333 0.023333333333333334 0.021666666666666667
0 0.06416666666666666 0.9608333333333333 0.035 0.045
0 0.8008333333333333 0.25833333333333336 0.028333333333333332 0.023333333333333334
0 0.2791666666666667 0.25 0.018333333333333333 0.07
0 0.9858333333333333 0.24333333333333335 0.021666666666666667 0.05333333333333334
0 0.115 0.07083333333333333 0.023333333333333334 0.065
0 0.12 0.0033333333333333335 0.006666666666666667 0.006666666666666667
0 0.795 0.9283333333333333 0.043333333333333335 0.06666666666666667
0 0.0575 0.9266666666666666 0.03833333333333333 0.03666666666666667
0 0.2683333333333333 0.8283333333333334 0.023333333333333334 0.08
0 0.805 0.79 0.03 0.07
0 0.0875 0.6933333333333334 0.0016666666666666668 0.0033333333333333335
0 0.0575 0.6941666666666667 0.025 0.045
0 0.08083333333333333 0.67 0.025 0.07
0 0.3591666666666667 0.6666666666666666 0.015 0.07666666666666666
0 0.0575 0.7091666666666666 0.0016666666666666668 0.0016666666666666668
0 0.435 0.6566666666666666 0.023333333333333334 0.08666666666666667
0 0.10916666666666666 0.6333333333333333 0.025 0.06
0 0.07166666666666667 0.6375 0.03 0.055
0 0.058333333333333334 0.6266666666666667 0.02 0.06
0 0.09 0.6058333333333333 0.02 0.055
0 0.12083333333333333 0.6033333333333334 0.021666666666666667 0.06666666666666667
0 0.07833333333333334 0.5825 0.02 0.03833333333333333
0 0.10916666666666666 0.5733333333333334 0.015 0.07
0 0.1325 0.57 0.015 0.04
0 0.4425 0.5633333333333334 0.035 0.06
0 0.0975 0.5591666666666667 0.018333333333333333 0.06166666666666667
0 0.92 0.555 0.023333333333333334 0.05333333333333334
0 0.4666666666666667 0.5483333333333333 0.023333333333333334 0.03333333333333333
0 0.11583333333333333 0.535 0.021666666666666667 0.05333333333333334
0 0.08416666666666667 0.5275 0.021666666666666667 0.07166666666666667
0 0.44083333333333335 0.5341666666666667 0.03166666666666667 0.058333333333333334
