0 0.7983333333333333 0.4825 0.02666666666666667 0.051666666666666666
0 0.5425 0.49083333333333334 0.03833333333333333 0.035
0 0.2425 0.5016666666666667 0.03166666666666667 0.06666666666666667
0 0.2783333333333333 0.5233333333333333 0.016666666666666666 0.07
0 0.3858333333333333 0.52 0.028333333333333332 0.06666666666666667
0 0.3075 0.5266666666666666 0.028333333333333332 0.07333333333333333
0 0.29583333333333334 0.54 0.021666666666666667 0.06666666666666667
0 0.29083333333333333 0.5791666666666667 0.015 0.055
0 0.3333333333333333 0.5941666666666666 0.03333333333333333 0.055
0 0.285 0.5933333333333334 0.023333333333333334 0.08
0 0.30833333333333335 0.5941666666666666 0.02 0.055
0 0.4175 0.6016666666666667 0.018333333333333333 0.08
0 0.2675 0.6 0.018333333333333333 0.07
0 0.2991666666666667 0.63 0.008333333333333333 0.01
0 0.3225 0.6233333333333333 0.018333333333333333 0.06333333333333334
0 0.4325 0.6325 0.018333333333333333 0.065
0 0.2925 0.645 0.018333333333333333 0.06333333333333334
0 0.31 0.6425 0.016666666666666666 0.04833333333333333
0 0.2733333333333333 0.645 0.016666666666666666 0.05333333333333334
0 0.7258333333333333 0.6608333333333334 0.035 0.06833333333333333
0 0.2633333333333333 0.6641666666666667 0.016666666666666666 0.065
0 0.4225 0.6825 0.021666666666666667 0.07833333333333334
0 0.2966666666666667 0.6908333333333333 0.023333333333333334 0.065
0 0.2808333333333333 0.7108333333333333 0.018333333333333333 0.06166666666666667
0 0.5091666666666667 0.7125 0.028333333333333332 0.06833333333333333
0 0.2683333333333333 0.7316666666666667 0.023333333333333334 0.07666666666666666
0 0.7575 0.91 0.035 0.08
0 0.7466666666666667 0.9125 0.0033333333333333335 0.011666666666666667
0 0.8383333333333334 0.095 0.02 0.06
0 0.7233333333333334 0.94 0.03666666666666667 0.056666666666666664
0 0.6766666666666666 0.9608333333333333 0.04 0.055
0 0.7216666666666667 0.9741666666666666 0.02666666666666667 0.051666666666666666
0 0.7466666666666667 0.9708333333333333 0.023333333333333334 0.058333333333333334
0 0.7183333333333334 0.9866666666666667 0.03 0.02666666666666667
0 0.8175 0.12666666666666668 0.025 0.07
0 0.8383333333333334 0.14833333333333334 0.023333333333333334 0.05
0 0.7866666666666666 0.16833333333333333 0.023333333333333334 0.056666666666666664
0 0.7733333333333333 0.17166666666666666 0.02666666666666667 0.06
0 0.7991666666666667 0.19083333333333333 0.025 0.041666666666666664
0 0.8283333333333334 0.1975 0.02 0.051666666666666666
0 0.7525 0.2175 0.021666666666666667 0.07833333333333334
0 0.7916666666666666 0.22833333333333333 0.02 0.05333333333333334
0 0.8016666666666666 0.23916666666666667 0.016666666666666666 0.06166666666666667
0 0.7266666666666667 0.2475 0.03 0.06166666666666667
0 0.8233333333333334 0.25333333333333335 0.02 0.06333333333333334
0 0.23333333333333334 0.25333333333333335 0.03666666666666667 0.03
0 0.7275 0.2783333333333333 0.041666666666666664 0.04666666666666667
0 0.7966666666666666 0.285 0.02666666666666667 0.056666666666666664
0 0.22 0.2866666666666667 0.023333333333333334 0.05333333333333334
0 0.6833333333333333 0.29333333333333333 0.03333333333333333 0.02666666666666667
0 0.28583333333333333 0.295 0.021666666666666667 0.07333333333333333
0 0.7683333333333333 0.3 0.016666666666666666 0.08333333333333333
0 0.7016666666666667 0.30666666666666664 0.043333333333333335 0.03
0 0.6458333333333334 0.31916666666666665 0.045 0.025
0 0.22416666666666665 0.31416666666666665 0.025 0.06833333333333333
0 0.7833333333333333 0.3175 0.023333333333333334 0.07166666666666667
0 0.2783333333333333 0.3275 0.02666666666666667 0.06833333333333333
0 0.24416666666666667 0.3275 0.021666666666666667 0.051666666666666666
0 0.6658333333333334 0.33 0.03166666666666667 0.05
0 0.2625 0.3416666666666667 0.018333333333333333 0.08
0 0.24083333333333334 0.3566666666666667 0.021666666666666667 0.05333333333333334
0 0.7408333333333333 0.355 0.025 0.05
0 0.2775 0.36083333333333334 0.021666666666666667 0.058333333333333334
0 0.76 0.36833333333333335 0.02666666666666667 0.05
0 0.6266666666666667 0.3641666666666667 0.03333333333333333 0.03166666666666667
0 0.7141666666666666 0.37666666666666665 0.03166666666666667 0.06
0 0.2375 0.38083333333333336 0.028333333333333332 0.06833333333333333
0 0.8033333333333333 0.385 0.02666666666666667 0.07
0 0.2675 0.4025 0.028333333333333332 0.055
0 0.2991666666666667 0.4091666666666667 0.025 0.045
0 0.815 0.4225 0.016666666666666666 0.06166666666666667
0 0.6966666666666667 0.4216666666666667 0.03666666666666667 0.03
0 0.7716666666666666 0.4225 0.03666666666666667 0.03833333333333333
0 0.71 0.43166666666666664 0.03666666666666667 0.043333333333333335
0 0.23333333333333334 0.435 0.023333333333333334 0.06666666666666667
0 0.8025 0.44 0.018333333333333333 0.04666666666666667
0 0.26416666666666666 0.44416666666666665 0.025 0.06166666666666667
0 0.5725 0.44583333333333336 0.03833333333333333 0.041666666666666664
0 0.2808333333333333 0.45666666666666667 0.025 0.05
0 0.2975 0.45166666666666666 0.035 0.043333333333333335
0 0.7816666666666666 0.46166666666666667 0.023333333333333334 0.06666666666666667
0 0.255 0.4675 0.023333333333333334 0.065
