0 0.0525 0.4875 0.058333333333333334 0.085
0 0.5433333333333333 0.5366666666666666 0.04 0.11666666666666667
0 0.11 0.5491666666666667 0.03666666666666667 0.11833333333333333
0 0.028333333333333332 0.5541666666666667 0.056666666666666664 0.055
0 0.06166666666666667 0.625 0.08333333333333333 0.06333333333333334
0 0.21916666666666668 0.7125 0.041666666666666664 0.115
0 0.235 0.825 0.07333333333333333 0.056666666666666664
0 0.20916666666666667 0.8808333333333334 0.06166666666666667 0.07166666666666667
0 0.425 0.9033333333333333 0.04 0.11666666666666667
0 0.6866666666666666 0.9558333333333333 0.06333333333333334 0.075
0 0.7575 0.9658333333333333 0.028333333333333332 0.06833333333333333
0 0.8116666666666666 0.12583333333333332 0.05333333333333334 0.10166666666666667
0 0.11333333333333333 0.4425 0.056666666666666664 0.10166666666666667
