0 0.22 0.5525 0.02666666666666667 0.051666666666666666
0 0.2675 0.545 0.018333333333333333 0.06
0 0.2075 0.54 0.025 0.05
0 0.245 0.5033333333333333 0.016666666666666666 0.07
0 0.22916666666666666 0.49416666666666664 0.018333333333333333 0.055
0 0.21833333333333332 0.4866666666666667 0.02 0.05
0 0.1825 0.4825 0.03166666666666667 0.065
0 0.20583333333333334 0.4625 0.015 0.058333333333333334
0 0.22833333333333333 0.43916666666666665 0.03333333333333333 0.041666666666666664
0 0.17833333333333334 0.43583333333333335 0.023333333333333334 0.075
0 0.6883333333333334 0.9691666666666666 0.023333333333333334 0.06166666666666667
0 0.19 0.41583333333333333 0.02 0.058333333333333334
0 0.23583333333333334 0.4058333333333333 0.035 0.035
0 0.21833333333333332 0.4033333333333333 0.02666666666666667 0.05
0 0.205 0.3975 0.023333333333333334 0.065
0 0.5625 0.37916666666666665 0.03166666666666667 0.065
0 0.5383333333333333 0.37166666666666665 0.03333333333333333 0.05
0 0.4608333333333333 0.36333333333333334 0.015 0.08
0 0.5183333333333333 0.365 0.04 0.05333333333333334
0 0.20666666666666667 0.3625 0.02666666666666667 0.03833333333333333
0 0.23416666666666666 0.3475 0.03166666666666667 0.041666666666666664
0 0.5283333333333333 0.32166666666666666 0.023333333333333334 0.056666666666666664
0 0.5133333333333333 0.3275 0.02 0.051666666666666666
0 0.23166666666666666 0.31833333333333336 0.0033333333333333335 0.0033333333333333335
0 0.49416666666666664 0.3075 0.021666666666666667 0.058333333333333334
0 0.23166666666666666 0.30333333333333334 0.02 0.056666666666666664
0 0.21916666666666668 0.2775 0.028333333333333332 0.06833333333333333
0 0.24916666666666668 0.25666666666666665 0.018333333333333333 0.06333333333333334
0 0.215 0.23666666666666666 0.016666666666666666 0.06666666666666667
0 0.23916666666666667 0.2075 0.015 0.055
0 0.5408333333333334 0.9541666666666667 0.015 0.055
0 0.2225 0.19 0.018333333333333333 0.06333333333333334
0 0.18833333333333332 0.12583333333333332 0.02 0.06833333333333333
0 0.5716666666666667 0.10333333333333333 0.03 0.06666666666666667
0 0.5566666666666666 0.045 0.02 0.056666666666666664
0 0.4583333333333333 0.03666666666666667 0.023333333333333334 0.07333333333333333
0 0.5241666666666667 0.9333333333333333 0.025 0.03666666666666667
0 0.5633333333333334 0.9216666666666666 0.03666666666666667 0.02666666666666667
0 0.5008333333333334 0.9066666666666666 0.028333333333333332 0.03666666666666667
0 0.5525 0.9066666666666666 0.03833333333333333 0.023333333333333334
0 0.6725 0.905 0.021666666666666667 0.06333333333333334
0 0.36583333333333334 0.89 0.03166666666666667 0.04666666666666667
0 0.4741666666666667 0.8791666666666667 0.041666666666666664 0.03166666666666667
0 0.385 0.8766666666666667 0.04 0.03333333333333333
0 0.655 0.8766666666666667 0.023333333333333334 0.06
0 0.4125 0.87 0.03166666666666667 0.05333333333333334
0 0.3383333333333333 0.8583333333333333 0.03 0.04666666666666667
0 0.31833333333333336 0.8533333333333334 0.02 0.03
0 0.43583333333333335 0.8433333333333334 0.03833333333333333 0.05
0 0.3491666666666667 0.8408333333333333 0.03166666666666667 0.051666666666666666
0 0.4508333333333333 0.8291666666666667 0.028333333333333332 0.058333333333333334
0 0.315 0.8216666666666667 0.03333333333333333 0.03
0 0.4275 0.805 0.021666666666666667 0.04666666666666667
0 0.3525 0.8066666666666666 0.021666666666666667 0.07333333333333333
0 0.5941666666666666 0.7941666666666667 0.021666666666666667 0.021666666666666667
0 0.32916666666666666 0.775 0.018333333333333333 0.07666666666666666
0 0.56 0.7758333333333334 0.02666666666666667 0.021666666666666667
0 0.5825 0.7675 0.03166666666666667 0.035
0 0.38916666666666666 0.7666666666666667 0.03833333333333333 0.05333333333333334
0 0.535 0.7591666666666667 0.03333333333333333 0.051666666666666666
0 0.5525 0.7533333333333333 0.028333333333333332 0.023333333333333334
0 0.5741666666666667 0.7391666666666666 0.028333333333333332 0.035
0 0.5933333333333334 0.7341666666666666 0.02666666666666667 0.045
0 0.5433333333333333 0.7275 0.03333333333333333 0.028333333333333332
0 0.2833333333333333 0.7241666666666666 0.023333333333333334 0.07166666666666667
0 0.2175 0.7183333333333334 0.03166666666666667 0.04
0 0.24833333333333332 0.7066666666666667 0.02666666666666667 0.03
0 0.5583333333333333 0.7058333333333333 0.03666666666666667 0.041666666666666664
0 0.22916666666666666 0.7 0.03166666666666667 0.02666666666666667
0 0.27 0.6966666666666667 0.016666666666666666 0.06666666666666667
0 0.32 0.6941666666666667 0.016666666666666666 0.07166666666666667
0 0.5225 0.6933333333333334 0.028333333333333332 0.043333333333333335
0 0.29 0.6866666666666666 0.016666666666666666 0.06
0 0.535 0.6883333333333334 0.02 0.04666666666666667
0 0.6225 0.6866666666666666 0.018333333333333333 0.06333333333333334
0 0.3575 0.6791666666666667 0.028333333333333332 0.06166666666666667
0 0.39166666666666666 0.6733333333333333 0.03666666666666667 0.03333333333333333
0 0.24333333333333335 0.6683333333333333 0.03333333333333333 0.04
0 0.2275 0.6616666666666666 0.028333333333333332 0.03666666666666667
0 0.2966666666666667 0.6533333333333333 0.016666666666666666 0.06666666666666667
0 0.5108333333333334 0.6533333333333333 0.025 0.04
0 0.6175 0.6425 0.011666666666666667 0.04833333333333333
0 0.20083333333333334 0.64 0.018333333333333333 0.06333333333333334
0 0.2525 0.6275 0.03166666666666667 0.03166666666666667
0 0.23 0.6233333333333333 0.023333333333333334 0.04666666666666667
0 0.5316666666666666 0.6208333333333333 0.043333333333333335 0.03833333333333333
0 0.21666666666666667 0.6 0.023333333333333334 0.05
0 0.195 0.5958333333333333 0.02 0.058333333333333334
0 0.25666666666666665 0.5941666666666666 0.02 0.03833333333333333
0 0.22083333333333333 0.565 0.028333333333333332 0.03
0 0.6116666666666667 0.5691666666666667 0.016666666666666666 0.07166666666666667
0 0.24333333333333335 0.5558333333333333 0.03 0.045
