0 0.3016666666666667 0.4875 0.03333333333333333 0.021666666666666667
0 0.57 0.4091666666666667 0.023333333333333334 0.035
0 0.5475 0.4033333333333333 0.021666666666666667 0.04
0 0.5525 0.38416666666666666 0.015 0.04833333333333333
0 0.5408333333333334 0.36333333333333334 0.011666666666666667 0.043333333333333335
0 0.5466666666666666 0.3225 0.01 0.04833333333333333
0 0.5666666666666667 0.3175 0.02666666666666667 0.035
0 0.5566666666666666 0.31833333333333336 0.02 0.05
0 0.5391666666666667 0.3125 0.011666666666666667 0.051666666666666666
0 0.5725 0.28583333333333333 0.015 0.03833333333333333
0 0.5583333333333333 0.2725 0.013333333333333334 0.04833333333333333
0 0.5691666666666667 0.25833333333333336 0.011666666666666667 0.04666666666666667
0 0.665 0.2525 0.023333333333333334 0.041666666666666664
0 0.6491666666666667 0.245 0.018333333333333333 0.02666666666666667
0 0.5691666666666667 0.2425 0.011666666666666667 0.018333333333333333
0 0.5875 0.2425 0.025 0.018333333333333333
0 0.6275 0.23083333333333333 0.025 0.025
0 0.5783333333333334 0.22416666666666665 0.02666666666666667 0.025
0 0.6075 0.2225 0.021666666666666667 0.045
0 0.5566666666666666 0.21666666666666667 0.016666666666666666 0.043333333333333335
0 0.5916666666666667 0.20833333333333334 0.013333333333333334 0.03333333333333333
0 0.23166666666666666 0.20666666666666667 0.0033333333333333335 0.0033333333333333335
0 0.74 0.9225 0.023333333333333334 0.03166666666666667
0 0.7225 0.895 0.018333333333333333 0.03
0 0.735 0.8966666666666666 0.013333333333333334 0.04
0 0.7241666666666666 0.895 0.015 0.03
0 0.7333333333333333 0.8675 0.02 0.028333333333333332
0 0.7766666666666666 0.8658333333333333 0.02666666666666667 0.025
0 0.82 0.8583333333333333 0.013333333333333334 0.03666666666666667
0 0.7966666666666666 0.8425 0.02 0.03166666666666667
0 0.8175 0.825 0.015 0.03666666666666667
0 0.78 0.825 0.016666666666666666 0.03
0 0.8033333333333333 0.825 0.016666666666666666 0.04
0 0.8275 0.8208333333333333 0.011666666666666667 0.021666666666666667
0 0.8558333333333333 0.8183333333333334 0.025 0.03333333333333333
0 0.7883333333333333 0.8108333333333333 0.016666666666666666 0.035
0 0.775 0.8 0.013333333333333334 0.023333333333333334
0 0.8308333333333333 0.8008333333333333 0.011666666666666667 0.028333333333333332
0 0.6991666666666667 0.6416666666666667 0.025 0.03333333333333333
0 0.7058333333333333 0.5875 0.018333333333333333 0.04833333333333333
