0 0.49333333333333335 0.6008333333333333 0.03 0.075
0 0.4791666666666667 0.6025 0.03833333333333333 0.04833333333333333
0 0.5016666666666667 0.6383333333333333 0.016666666666666666 0.07333333333333333
0 0.46 0.6425 0.03333333333333333 0.03833333333333333
0 0.4683333333333333 0.66 0.03 0.043333333333333335
0 0.4825 0.6658333333333334 0.025 0.055
0 0.21416666666666667 0.6816666666666666 0.021666666666666667 0.08
0 0.19833333333333333 0.6891666666666667 0.02666666666666667 0.075
0 0.4866666666666667 0.6975 0.02 0.058333333333333334
0 0.23416666666666666 0.7208333333333333 0.025 0.058333333333333334
0 0.22416666666666665 0.7441666666666666 0.028333333333333332 0.045
0 0.28833333333333333 0.7691666666666667 0.04 0.045
0 0.6166666666666667 0.7941666666666667 0.03333333333333333 0.065
0 0.7341666666666666 0.8466666666666667 0.018333333333333333 0.08333333333333333
0 0.09166666666666666 0.8758333333333334 0.023333333333333334 0.07833333333333334
0 0.7525 0.8833333333333333 0.021666666666666667 0.056666666666666664
0 0.6933333333333334 0.9058333333333334 0.03333333333333333 0.03166666666666667
0 0.7733333333333333 0.9141666666666667 0.023333333333333334 0.051666666666666666
0 0.7408333333333333 0.9233333333333333 0.025 0.07666666666666666
0 0.7916666666666666 0.9533333333333334 0.03666666666666667 0.05333333333333334
0 0.7566666666666667 0.9491666666666667 0.023333333333333334 0.06833333333333333
0 0.765 0.9708333333333333 0.02 0.058333333333333334
0 0.8291666666666667 0.9658333333333333 0.035 0.035
0 0.8075 0.9733333333333334 0.025 0.05333333333333334
0 0.16666666666666666 0.9783333333333334 0.03666666666666667 0.043333333333333335
0 0.7975 0.9891666666666666 0.011666666666666667 0.021666666666666667
0 0.7858333333333334 0.9883333333333333 0.018333333333333333 0.023333333333333334
0 0.54 0.14833333333333334 0.03 0.06
0 0.4625 0.17666666666666667 0.018333333333333333 0.08
0 0.535 0.19 0.02666666666666667 0.06
0 0.5566666666666666 0.19916666666666666 0.016666666666666666 0.06166666666666667
0 0.5308333333333334 0.22 0.021666666666666667 0.07666666666666666
0 0.5091666666666667 0.2658333333333333 0.04833333333333333 0.035
0 0.5508333333333333 0.27 0.018333333333333333 0.07666666666666666
0 0.5616666666666666 0.32416666666666666 0.016666666666666666 0.07166666666666667
0 0.5758333333333333 0.36333333333333334 0.025 0.07333333333333333
