0 0.715 0.5583333333333333 0.02666666666666667 0.04666666666666667
0 0.2808333333333333 0.5566666666666666 0.018333333333333333 0.056666666666666664
0 0.29333333333333333 0.5508333333333333 0.023333333333333334 0.06166666666666667
0 0.74 0.5391666666666667 0.03 0.04833333333333333
0 0.7591666666666667 0.5391666666666667 0.035 0.035
0 0.31166666666666665 0.535 0.016666666666666666 0.05333333333333334
0 0.6916666666666667 0.5316666666666666 0.03333333333333333 0.03666666666666667
0 0.7158333333333333 0.5308333333333334 0.03166666666666667 0.03833333333333333
0 0.7833333333333333 0.5216666666666666 0.02666666666666667 0.02
0 0.25833333333333336 0.5183333333333333 0.02 0.05333333333333334
0 0.2791666666666667 0.5116666666666667 0.018333333333333333 0.043333333333333335
0 0.2225 0.5125 0.021666666666666667 0.058333333333333334
0 0.6916666666666667 0.5066666666666667 0.03666666666666667 0.03333333333333333
0 0.3233333333333333 0.5033333333333333 0.016666666666666666 0.05
0 0.2941666666666667 0.5016666666666667 0.015 0.056666666666666664
0 0.7366666666666667 0.49333333333333335 0.03333333333333333 0.03333333333333333
0 0.7966666666666666 0.49333333333333335 0.03 0.04
0 0.7716666666666666 0.485 0.02666666666666667 0.03
0 0.050833333333333335 0.4841666666666667 0.028333333333333332 0.045
0 0.25416666666666665 0.4775 0.015 0.06166666666666667
0 0.30833333333333335 0.47833333333333333 0.016666666666666666 0.05333333333333334
0 0.27416666666666667 0.4741666666666667 0.018333333333333333 0.06166666666666667
0 0.7558333333333334 0.4725 0.035 0.028333333333333332
0 0.8008333333333333 0.4666666666666667 0.028333333333333332 0.03666666666666667
0 0.2866666666666667 0.4633333333333333 0.016666666666666666 0.05
0 0.24166666666666667 0.4608333333333333 0.023333333333333334 0.06833333333333333
0 0.06833333333333333 0.4558333333333333 0.02 0.04833333333333333
0 0.325 0.4483333333333333 0.013333333333333334 0.06666666666666667
0 0.2658333333333333 0.44916666666666666 0.018333333333333333 0.045
0 0.79 0.4483333333333333 0.016666666666666666 0.03333333333333333
0 0.3016666666666667 0.4483333333333333 0.016666666666666666 0.043333333333333335
0 0.8066666666666666 0.43666666666666665 0.023333333333333334 0.04
0 0.7775 0.435 0.028333333333333332 0.05333333333333334
0 0.3358333333333333 0.42916666666666664 0.015 0.04833333333333333
0 0.11083333333333334 0.4325 0.025 0.045
0 0.0925 0.42833333333333334 0.03166666666666667 0.05333333333333334
0 0.32 0.4191666666666667 0.02 0.075
0 0.8241666666666667 0.4241666666666667 0.018333333333333333 0.045
0 0.07 0.4175 0.03666666666666667 0.035
0 0.26416666666666666 0.4141666666666667 0.021666666666666667 0.04833333333333333
0 0.2875 0.4175 0.018333333333333333 0.03833333333333333
0 0.30083333333333334 0.41083333333333333 0.018333333333333333 0.055
0 0.18833333333333332 0.4091666666666667 0.03333333333333333 0.035
0 0.8066666666666666 0.4033333333333333 0.03 0.05
0 0.13166666666666665 0.39916666666666667 0.02 0.058333333333333334
0 0.2775 0.4091666666666667 0.018333333333333333 0.041666666666666664
0 0.24666666666666667 0.3883333333333333 0.023333333333333334 0.043333333333333335
0 0.8308333333333333 0.3858333333333333 0.021666666666666667 0.045
0 0.32 0.38666666666666666 0.02666666666666667 0.06
0 0.8033333333333333 0.38 0.02666666666666667 0.04
0 0.1225 0.38333333333333336 0.03166666666666667 0.04666666666666667
0 0.29333333333333333 0.38 0.03333333333333333 0.03666666666666667
0 0.15166666666666667 0.37083333333333335 0.02666666666666667 0.06833333333333333
0 0.1975 0.37333333333333335 0.03166666666666667 0.04666666666666667
0 0.8508333333333333 0.36833333333333335 0.021666666666666667 0.03333333333333333
0 0.1025 0.3675 0.03833333333333333 0.04833333333333333
0 0.22083333333333333 0.3625 0.028333333333333332 0.055
0 0.2775 0.35833333333333334 0.03166666666666667 0.04
0 0.3225 0.35333333333333333 0.03166666666666667 0.03333333333333333
0 0.16666666666666666 0.3566666666666667 0.023333333333333334 0.05
0 0.24333333333333335 0.3516666666666667 0.03333333333333333 0.05333333333333334
0 0.8066666666666666 0.35083333333333333 0.02666666666666667 0.04833333333333333
0 0.305 0.34833333333333333 0.03 0.03666666666666667
0 0.8925 0.985 0.045 0.03
0 0.8425 0.3383333333333333 0.035 0.043333333333333335
0 0.87 0.3308333333333333 0.03333333333333333 0.03833333333333333
0 0.14833333333333334 0.32916666666666666 0.03 0.03833333333333333
0 0.24166666666666667 0.3225 0.023333333333333334 0.051666666666666666
0 0.32416666666666666 0.32416666666666666 0.03166666666666667 0.025
0 0.22166666666666668 0.32416666666666666 0.03333333333333333 0.03833333333333333
0 0.21 0.31833333333333336 0.03333333333333333 0.03333333333333333
0 0.17666666666666667 0.31166666666666665 0.02666666666666667 0.04666666666666667
0 0.8116666666666666 0.3125 0.023333333333333334 0.03166666666666667
0 0.19333333333333333 0.3075 0.03333333333333333 0.04833333333333333
0 0.16166666666666665 0.2966666666666667 0.03333333333333333 0.03
0 0.7833333333333333 0.7983333333333333 0.02 0.06666666666666667
0 0.93 0.7891666666666667 0.03666666666666667 0.045
0 0.6266666666666667 0.7683333333333333 0.016666666666666666 0.06333333333333334
0 0.9316666666666666 0.7491666666666666 0.04 0.06166666666666667
0 0.6383333333333333 0.7316666666666667 0.016666666666666666 0.07
0 0.9483333333333334 0.7283333333333334 0.043333333333333335 0.06666666666666667
0 0.6008333333333333 0.7258333333333333 0.018333333333333333 0.075
0 0.6141666666666666 0.7125 0.015 0.07166666666666667
0 0.6258333333333334 0.6916666666666667 0.015 0.08666666666666667
0 0.6466666666666666 0.6883333333333334 0.02 0.05
0 0.91 0.68 0.023333333333333334 0.07666666666666666
0 0.6316666666666667 0.6516666666666666 0.0033333333333333335 0.013333333333333334
0 0.6416666666666667 0.6408333333333334 0.02666666666666667 0.045
0 0.665 0.6216666666666667 0.02 0.06666666666666667
0 0.9108333333333334 0.62 0.028333333333333332 0.07333333333333333
0 0.6916666666666667 0.6208333333333333 0.03 0.051666666666666666
0 0.2916666666666667 0.5858333333333333 0.02666666666666667 0.055
0 0.65 0.5875 0.03333333333333333 0.06166666666666667
0 0.6683333333333333 0.58 0.023333333333333334 0.05
0 0.26416666666666666 0.575 0.018333333333333333 0.03666666666666667
0 0.6883333333333334 0.5666666666666667 0.02666666666666667 0.04
