0 0.7775 0.5 0.07166666666666667 0.10333333333333333
0 0.7658333333333334 0.66 0.035 0.13666666666666666
0 0.98 0.04583333333333333 0.04 0.065
0 0.7366666666666667 0.7708333333333334 0.05333333333333334 0.115
0 0.5808333333333333 0.06 0.07833333333333334 0.07
0 0.7766666666666666 0.9216666666666666 0.07666666666666666 0.06333333333333334
0 0.7233333333333334 0.9625 0.06666666666666667 0.075
0 0.9166666666666666 0.975 0.043333333333333335 0.05
0 0.6083333333333333 0.11583333333333333 0.06333333333333334 0.095
0 0.7491666666666666 0.27 0.03166666666666667 0.14
0 0.97 0.275 0.05333333333333334 0.09
0 0.57 0.010833333333333334 0.04666666666666667 0.021666666666666667
0 0.8275 0.29083333333333333 0.07833333333333334 0.058333333333333334
0 0.94 0.32166666666666666 0.06666666666666667 0.056666666666666664
0 0.9225 0.3625 0.06166666666666667 0.051666666666666666
0 0.785 0.385 0.06666666666666667 0.10333333333333333
0 0.7325 0.4033333333333333 0.045 0.13
0 0.91 0.44666666666666666 0.07666666666666666 0.06666666666666667
