0 0.4975 0.4533333333333333 0.035 0.12
0 0.14333333333333334 0.5616666666666666 0.04 0.14
0 0.16 0.6525 0.056666666666666664 0.115
0 0.37083333333333335 0.7516666666666667 0.03166666666666667 0.12666666666666668
0 0.10166666666666667 0.7541666666666667 0.06333333333333334 0.095
0 0.63 0.8 0.06333333333333334 0.06666666666666667
0 0.7125 0.87 0.035 0.13
0 0.7275 0.0975 0.03833333333333333 0.13833333333333334
0 0.6666666666666666 0.09833333333333333 0.04666666666666667 0.13666666666666666
0 0.028333333333333332 0.23583333333333334 0.056666666666666664 0.10166666666666667
0 0.725 0.26916666666666667 0.043333333333333335 0.11833333333333333
0 0.025 0.3283333333333333 0.05 0.08
0 0.4525 0.385 0.035 0.11333333333333333
0 0.008333333333333333 0.43 0.016666666666666666 0.06666666666666667
