0 0.5916666666666667 0.5441666666666667 0.03333333333333333 0.025
0 0.5075 0.545 0.035 0.03666666666666667
0 0.7266666666666667 0.5416666666666666 0.016666666666666666 0.06666666666666667
0 0.5258333333333334 0.5408333333333334 0.028333333333333332 0.03833333333333333
0 0.5633333333333334 0.5308333333333334 0.04 0.025
0 0.7441666666666666 0.5258333333333334 0.018333333333333333 0.04833333333333333
0 0.44166666666666665 0.5258333333333334 0.03333333333333333 0.045
0 0.475 0.5275 0.03666666666666667 0.021666666666666667
0 0.7616666666666667 0.52 0.02666666666666667 0.07333333333333333
0 0.6241666666666666 0.5191666666666667 0.045 0.028333333333333332
0 0.41 0.515 0.016666666666666666 0.05
0 0.4825 0.51 0.041666666666666664 0.02666666666666667
0 0.43166666666666664 0.5075 0.03 0.03166666666666667
0 0.6066666666666667 0.49583333333333335 0.04 0.028333333333333332
0 0.6416666666666667 0.4891666666666667 0.03 0.03166666666666667
0 0.42 0.47 0.013333333333333334 0.05
0 0.4625 0.4741666666666667 0.03166666666666667 0.03833333333333333
0 0.4425 0.4691666666666667 0.03166666666666667 0.045
0 0.4925 0.4691666666666667 0.028333333333333332 0.041666666666666664
0 0.645 0.4625 0.03 0.041666666666666664
0 0.4716666666666667 0.43416666666666665 0.023333333333333334 0.04833333333333333
0 0.44166666666666665 0.43416666666666665 0.023333333333333334 0.058333333333333334
0 0.7108333333333333 0.4275 0.018333333333333333 0.041666666666666664
0 0.6558333333333334 0.41583333333333333 0.028333333333333332 0.051666666666666666
0 0.435 0.41333333333333333 0.03333333333333333 0.05333333333333334
0 0.4625 0.4141666666666667 0.018333333333333333 0.04833333333333333
0 0.6733333333333333 0.3983333333333333 0.02 0.07333333333333333
0 0.6483333333333333 0.3983333333333333 0.016666666666666666 0.08
0 0.4825 0.39166666666666666 0.025 0.04666666666666667
0 0.425 0.3883333333333333 0.03333333333333333 0.04666666666666667
0 0.4675 0.37583333333333335 0.025 0.04833333333333333
0 0.44 0.3416666666666667 0.016666666666666666 0.056666666666666664
0 0.45916666666666667 0.33166666666666667 0.021666666666666667 0.08
0 0.42916666666666664 0.30333333333333334 0.018333333333333333 0.06
0 0.4508333333333333 0.2925 0.015 0.055
0 0.4116666666666667 0.30666666666666664 0.016666666666666666 0.07666666666666666
0 0.43666666666666665 0.2808333333333333 0.016666666666666666 0.058333333333333334
0 0.425 0.24666666666666667 0.016666666666666666 0.056666666666666664
0 0.4475 0.23666666666666666 0.015 0.06666666666666667
0 0.4083333333333333 0.22083333333333333 0.02 0.065
0 0.4325 0.20833333333333334 0.015 0.06333333333333334
0 0.8966666666666666 0.08083333333333333 0.043333333333333335 0.028333333333333332
0 0.9533333333333334 0.03916666666666667 0.03 0.058333333333333334
0 0.8516666666666667 0.014166666666666666 0.03666666666666667 0.028333333333333332
0 0.49583333333333335 0.8875 0.021666666666666667 0.06166666666666667
0 0.49333333333333335 0.8433333333333334 0.02 0.03666666666666667
0 0.47583333333333333 0.8133333333333334 0.03166666666666667 0.07
0 0.515 0.8125 0.023333333333333334 0.051666666666666666
0 0.3591666666666667 0.8025 0.028333333333333332 0.03166666666666667
0 0.3308333333333333 0.79 0.041666666666666664 0.03666666666666667
0 0.5033333333333333 0.7891666666666667 0.016666666666666666 0.06166666666666667
0 0.4041666666666667 0.7825 0.021666666666666667 0.025
0 0.37833333333333335 0.7716666666666666 0.03333333333333333 0.03666666666666667
0 0.5283333333333333 0.7716666666666666 0.03333333333333333 0.03
0 0.3308333333333333 0.7658333333333334 0.028333333333333332 0.028333333333333332
0 0.37166666666666665 0.7616666666666667 0.03666666666666667 0.05
0 0.4225 0.7575 0.035 0.028333333333333332
0 0.30833333333333335 0.7608333333333334 0.03333333333333333 0.03166666666666667
0 0.43583333333333335 0.7675 0.0016666666666666668 0.0016666666666666668
0 0.5341666666666667 0.7408333333333333 0.035 0.045
0 0.4091666666666667 0.735 0.035 0.02666666666666667
0 0.34 0.7316666666666667 0.03 0.04
0 0.36833333333333335 0.73 0.02666666666666667 0.06333333333333334
0 0.5308333333333334 0.7216666666666667 0.03166666666666667 0.04666666666666667
0 0.39 0.7233333333333334 0.03 0.02666666666666667
0 0.4241666666666667 0.7175 0.035 0.03166666666666667
0 0.5666666666666667 0.7133333333333334 0.03 0.023333333333333334
0 0.3983333333333333 0.7025 0.03 0.018333333333333333
0 0.4675 0.6991666666666667 0.035 0.03166666666666667
0 0.43083333333333335 0.6983333333333334 0.035 0.023333333333333334
0 0.5016666666666667 0.6966666666666667 0.03333333333333333 0.02666666666666667
0 0.4033333333333333 0.6825 0.03666666666666667 0.028333333333333332
0 0.44 0.68 0.03333333333333333 0.03
0 0.5066666666666667 0.6775 0.03666666666666667 0.03166666666666667
0 0.4725 0.6708333333333333 0.03833333333333333 0.03166666666666667
0 0.6908333333333333 0.6666666666666666 0.03833333333333333 0.04666666666666667
0 0.4025 0.6533333333333333 0.03833333333333333 0.03
0 0.435 0.6525 0.03 0.028333333333333332
0 0.49833333333333335 0.65 0.043333333333333335 0.02666666666666667
0 0.6958333333333333 0.6366666666666667 0.03166666666666667 0.06666666666666667
0 0.3775 0.6325 0.025 0.06166666666666667
0 0.9283333333333333 0.63 0.04 0.07
0 0.4375 0.6275 0.045 0.03166666666666667
0 0.4041666666666667 0.6191666666666666 0.03833333333333333 0.035
0 0.44 0.6058333333333333 0.03333333333333333 0.03166666666666667
0 0.4716666666666667 0.6033333333333334 0.03666666666666667 0.023333333333333334
0 0.7191666666666666 0.6033333333333334 0.018333333333333333 0.06
0 0.48583333333333334 0.59 0.03166666666666667 0.03333333333333333
0 0.59 0.59 0.03666666666666667 0.03333333333333333
0 0.9583333333333334 0.5783333333333334 0.02666666666666667 0.06333333333333334
0 0.4083333333333333 0.5791666666666667 0.04 0.03166666666666667
0 0.45 0.58 0.04 0.03333333333333333
0 0.7375 0.5741666666666667 0.021666666666666667 0.055
0 0.3875 0.5733333333333334 0.028333333333333332 0.05333333333333334
0 0.49166666666666664 0.5733333333333334 0.04 0.03333333333333333
0 0.57 0.56 0.04666666666666667 0.04
0 0.4116666666666667 0.5516666666666666 0.02666666666666667 0.043333333333333335
0 0.4533333333333333 0.5516666666666666 0.05 0.04
0 0.49416666666666664 0.5525 0.035 0.028333333333333332
0 0.435 0.5516666666666666 0.02 0.04
0 0.6275 0.5508333333333333 0.035 0.03166666666666667
