0 0.4275 0.47583333333333333 0.018333333333333333 0.06166666666666667
0 0.38166666666666665 0.49166666666666664 0.016666666666666666 0.07666666666666666
0 0.41583333333333333 0.5016666666666667 0.021666666666666667 0.07
0 0.4125 0.5075 0.021666666666666667 0.06833333333333333
0 0.44333333333333336 0.9833333333333333 0.043333333333333335 0.03333333333333333
0 0.15333333333333332 0.24166666666666667 0.04666666666666667 0.04
0 0.36916666666666664 0.2725 0.021666666666666667 0.028333333333333332
0 0.3441666666666667 0.2775 0.03166666666666667 0.035
0 0.3225 0.28833333333333333 0.028333333333333332 0.02666666666666667
0 0.37416666666666665 0.2991666666666667 0.028333333333333332 0.035
0 0.3458333333333333 0.31 0.021666666666666667 0.03666666666666667
0 0.39416666666666667 0.31083333333333335 0.021666666666666667 0.058333333333333334
0 0.315 0.31083333333333335 0.03666666666666667 0.025
0 0.37416666666666665 0.31583333333333335 0.03833333333333333 0.03166666666666667
0 0.3383333333333333 0.33166666666666667 0.03333333333333333 0.03
0 0.41 0.3358333333333333 0.013333333333333334 0.055
0 0.37416666666666665 0.3416666666666667 0.035 0.02666666666666667
0 0.4241666666666667 0.35 0.018333333333333333 0.06
0 0.38916666666666666 0.35583333333333333 0.03166666666666667 0.03166666666666667
0 0.33666666666666667 0.3566666666666667 0.04 0.04
0 0.39916666666666667 0.38166666666666665 0.035 0.02666666666666667
0 0.4216666666666667 0.4275 0.03666666666666667 0.035
0 0.39666666666666667 0.4558333333333333 0.043333333333333335 0.035
