0 0.24083333333333334 0.045 0.028333333333333332 0.09
0 0.72 0.5541666666666667 0.056666666666666664 0.095
0 0.48833333333333334 0.5658333333333333 0.02666666666666667 0.09833333333333333
0 0.6216666666666667 0.5775 0.03 0.105
0 0.5608333333333333 0.5808333333333333 0.041666666666666664 0.085
0 0.5933333333333334 0.0625 0.043333333333333335 0.125
0 0.2966666666666667 0.008333333333333333 0.056666666666666664 0.016666666666666666
0 0.5358333333333334 0.1925 0.035 0.09833333333333333
0 0.7466666666666667 0.33666666666666667 0.03333333333333333 0.10666666666666667
0 0.6183333333333333 0.4666666666666667 0.03666666666666667 0.11666666666666667
