0 0.4625 0.49833333333333335 0.021666666666666667 0.06
0 0.4766666666666667 0.49833333333333335 0.016666666666666666 0.06333333333333334
0 0.49 0.5091666666666667 0.016666666666666666 0.08166666666666667
0 0.44583333333333336 0.5266666666666666 0.018333333333333333 0.08333333333333333
0 0.21416666666666667 0.5291666666666667 0.028333333333333332 0.058333333333333334
0 0.24 0.5466666666666666 0.03333333333333333 0.06
0 0.20666666666666667 0.5575 0.023333333333333334 0.04833333333333333
0 0.4841666666666667 0.5591666666666667 0.018333333333333333 0.06166666666666667
0 0.23166666666666666 0.575 0.03 0.03666666666666667
0 0.32166666666666666 0.6116666666666667 0.043333333333333335 0.03333333333333333
0 0.735 0.6758333333333333 0.02 0.085
0 0.6483333333333333 0.6958333333333333 0.02666666666666667 0.03166666666666667
0 0.7583333333333333 0.6975 0.03 0.028333333333333332
0 0.7791666666666667 0.7366666666666667 0.025 0.056666666666666664
0 0.7591666666666667 0.7375 0.018333333333333333 0.058333333333333334
0 0.7416666666666667 0.7441666666666666 0.023333333333333334 0.065
0 0.8183333333333334 0.7741666666666667 0.04 0.051666666666666666
0 0.7558333333333334 0.7833333333333333 0.021666666666666667 0.04666666666666667
0 0.7708333333333334 0.7833333333333333 0.018333333333333333 0.06333333333333334
0 0.13333333333333333 0.7841666666666667 0.03333333333333333 0.04833333333333333
0 0.8066666666666666 0.7841666666666667 0.03333333333333333 0.041666666666666664
0 0.7641666666666667 0.8091666666666667 0.0016666666666666668 0.0016666666666666668
0 0.18166666666666667 0.815 0.03666666666666667 0.04
0 0.7883333333333333 0.8358333333333333 0.016666666666666666 0.041666666666666664
0 0.8066666666666666 0.84 0.02 0.07666666666666666
0 0.7983333333333333 0.8841666666666667 0.023333333333333334 0.065
0 0.5416666666666666 0.12583333333333332 0.03 0.065
0 0.5375 0.15666666666666668 0.018333333333333333 0.06666666666666667
0 0.5616666666666666 0.17333333333333334 0.016666666666666666 0.056666666666666664
0 0.5508333333333333 0.2075 0.018333333333333333 0.058333333333333334
0 0.5233333333333333 0.20333333333333334 0.02666666666666667 0.05333333333333334
0 0.5308333333333334 0.2375 0.025 0.058333333333333334
0 0.5308333333333334 0.28 0.021666666666666667 0.06
0 0.24833333333333332 0.2791666666666667 0.04 0.055
0 0.2325 0.3516666666666667 0.025 0.08
0 0.4725 0.43416666666666665 0.035 0.03166666666666667
0 0.4841666666666667 0.44916666666666666 0.041666666666666664 0.035
