0 0.4091666666666667 0.5041666666666667 0.021666666666666667 0.065
0 0.3908333333333333 0.49166666666666664 0.025 0.08
0 0.5366666666666666 0.49916666666666665 0.03666666666666667 0.035
0 0.49166666666666664 0.49083333333333334 0.043333333333333335 0.035
0 0.4683333333333333 0.4891666666666667 0.023333333333333334 0.065
0 0.5125 0.475 0.03833333333333333 0.04
0 0.3675 0.4691666666666667 0.028333333333333332 0.055
0 0.5633333333333334 0.4766666666666667 0.02666666666666667 0.08666666666666667
0 0.41833333333333333 0.4625 0.03666666666666667 0.055
0 0.43583333333333335 0.4508333333333333 0.035 0.055
0 0.5533333333333333 0.45 0.03333333333333333 0.07
0 0.5358333333333334 0.43166666666666664 0.03833333333333333 0.08
0 0.48583333333333334 0.42833333333333334 0.03833333333333333 0.06
0 0.4633333333333333 0.4191666666666667 0.03666666666666667 0.065
0 0.5141666666666667 0.4216666666666667 0.045 0.04
0 0.5366666666666666 0.30666666666666664 0.03333333333333333 0.07
0 0.45416666666666666 0.6133333333333333 0.035 0.06333333333333334
0 0.505 0.5908333333333333 0.05 0.04833333333333333
0 0.4191666666666667 0.5858333333333333 0.03833333333333333 0.065
0 0.39666666666666667 0.5841666666666666 0.03666666666666667 0.03833333333333333
0 0.3566666666666667 0.5783333333333334 0.05 0.04
0 0.48333333333333334 0.5716666666666667 0.043333333333333335 0.03333333333333333
0 0.44166666666666665 0.5616666666666666 0.03 0.043333333333333335
0 0.42 0.5583333333333333 0.03 0.043333333333333335
0 0.36083333333333334 0.5491666666666667 0.041666666666666664 0.055
0 0.53 0.5433333333333333 0.056666666666666664 0.05333333333333334
0 0.4475 0.5425 0.028333333333333332 0.06166666666666667
0 0.36916666666666664 0.5325 0.045 0.058333333333333334
0 0.33 0.5308333333333334 0.023333333333333334 0.03833333333333333
0 0.5283333333333333 0.5325 0.056666666666666664 0.035
0 0.38166666666666665 0.5241666666666667 0.03666666666666667 0.058333333333333334
0 0.4533333333333333 0.5183333333333333 0.03666666666666667 0.07333333333333333
0 0.42583333333333334 0.5108333333333334 0.018333333333333333 0.06166666666666667
