0 0.9108333333333334 0.5258333333333334 0.055 0.105
0 0.965 0.43916666666666665 0.06 0.08166666666666667
0 0.7158333333333333 0.4325 0.03166666666666667 0.11833333333333333
0 0.4666666666666667 0.9458333333333333 0.04 0.10833333333333334
0 0.4766666666666667 0.3883333333333333 0.06 0.06333333333333334
0 0.4025 0.31666666666666665 0.03166666666666667 0.12333333333333334
0 0.5683333333333334 0.10666666666666667 0.04666666666666667 0.11333333333333333
0 0.32916666666666666 0.09583333333333334 0.03166666666666667 0.125
0 0.375 0.075 0.03333333333333333 0.12333333333333334
0 0.26916666666666667 0.07333333333333333 0.041666666666666664 0.11666666666666667
0 0.9841666666666666 0.025 0.03166666666666667 0.05
0 0.3883333333333333 0.8675 0.04 0.12166666666666667
0 0.6408333333333334 0.77 0.035 0.10666666666666667
0 0.385 0.9816666666666667 0.03333333333333333 0.03666666666666667
0 0.6 0.7016666666666667 0.03333333333333333 0.12
0 0.925 0.605 0.03333333333333333 0.14333333333333334
