0 0.37916666666666665 0.49333333333333335 0.03166666666666667 0.04666666666666667
0 0.6041666666666666 0.495 0.025 0.05
0 0.33666666666666667 0.49583333333333335 0.02666666666666667 0.055
0 0.5833333333333334 0.5083333333333333 0.023333333333333334 0.056666666666666664
0 0.535 0.5158333333333334 0.04 0.03166666666666667
0 0.5625 0.5191666666666667 0.03166666666666667 0.058333333333333334
0 0.3591666666666667 0.5133333333333333 0.028333333333333332 0.04666666666666667
0 0.30583333333333335 0.5141666666666667 0.028333333333333332 0.041666666666666664
0 0.37833333333333335 0.5208333333333334 0.03 0.041666666666666664
0 0.4266666666666667 0.5308333333333334 0.02 0.055
0 0.4125 0.5325 0.028333333333333332 0.04833333333333333
0 0.5233333333333333 0.5375 0.04 0.03166666666666667
0 0.46 0.5383333333333333 0.03333333333333333 0.05333333333333334
0 0.33166666666666667 0.545 0.02 0.06
0 0.31 0.5541666666666667 0.03 0.045
0 0.375 0.5566666666666666 0.02666666666666667 0.04
0 0.4083333333333333 0.5641666666666667 0.03 0.058333333333333334
0 0.3933333333333333 0.5616666666666666 0.03 0.05
0 0.44916666666666666 0.5633333333333334 0.028333333333333332 0.07333333333333333
0 0.4141666666666667 0.5666666666666667 0.025 0.056666666666666664
0 0.2991666666666667 0.5741666666666667 0.021666666666666667 0.04833333333333333
0 0.54 0.585 0.03333333333333333 0.05
0 0.3575 0.58 0.035 0.056666666666666664
0 0.48833333333333334 0.5833333333333334 0.02 0.06333333333333334
0 0.37833333333333335 0.5891666666666666 0.03333333333333333 0.04833333333333333
0 0.3383333333333333 0.5908333333333333 0.03333333333333333 0.041666666666666664
0 0.44 0.5933333333333334 0.03 0.06666666666666667
0 0.5858333333333333 0.6025 0.035 0.03166666666666667
0 0.3225 0.5975 0.03166666666666667 0.041666666666666664
0 0.6041666666666666 0.6 0.03166666666666667 0.05
0 0.52 0.6016666666666667 0.02666666666666667 0.06333333333333334
0 0.27166666666666667 0.6008333333333333 0.03 0.03166666666666667
0 0.45416666666666666 0.605 0.021666666666666667 0.06333333333333334
0 0.485 0.605 0.03 0.05
0 0.5383333333333333 0.6116666666666667 0.02666666666666667 0.02666666666666667
0 0.30666666666666664 0.61 0.04 0.05333333333333334
0 0.4025 0.6066666666666667 0.025 0.05
0 0.36083333333333334 0.62 0.03833333333333333 0.02666666666666667
0 0.51 0.615 0.023333333333333334 0.056666666666666664
0 0.5616666666666666 0.6325 0.043333333333333335 0.035
0 0.4725 0.63 0.025 0.023333333333333334
0 0.43 0.6325 0.03666666666666667 0.06166666666666667
0 0.37666666666666665 0.6341666666666667 0.02666666666666667 0.025
0 0.285 0.6333333333333333 0.016666666666666666 0.056666666666666664
0 0.2633333333333333 0.6441666666666667 0.03333333333333333 0.035
0 0.5641666666666667 0.6416666666666667 0.0016666666666666668 0.0033333333333333335
0 0.5025 0.6483333333333333 0.03166666666666667 0.04
0 0.4075 0.6491666666666667 0.035 0.055
0 0.3725 0.6541666666666667 0.041666666666666664 0.028333333333333332
0 0.2941666666666667 0.05416666666666667 0.045 0.041666666666666664
0 0.4675 0.6625 0.03833333333333333 0.045
0 0.34833333333333333 0.6608333333333334 0.03333333333333333 0.028333333333333332
0 0.24166666666666667 0.6641666666666667 0.03666666666666667 0.028333333333333332
0 0.43666666666666665 0.6633333333333333 0.04 0.03666666666666667
0 0.3233333333333333 0.665 0.03 0.02666666666666667
0 0.2991666666666667 0.67 0.03166666666666667 0.03
0 0.4891666666666667 0.6741666666666667 0.015 0.055
0 0.2775 0.6791666666666667 0.03166666666666667 0.045
0 0.3875 0.685 0.041666666666666664 0.04
0 0.5366666666666666 0.6875 0.03333333333333333 0.04833333333333333
0 0.5225 0.6891666666666667 0.03833333333333333 0.045
0 0.3616666666666667 0.6875 0.03666666666666667 0.03833333333333333
0 0.33416666666666667 0.6916666666666667 0.035 0.03
0 0.51 0.705 0.03666666666666667 0.04
0 0.4058333333333333 0.715 0.041666666666666664 0.03333333333333333
0 0.31083333333333335 0.7233333333333334 0.041666666666666664 0.043333333333333335
0 0.23416666666666666 0.725 0.041666666666666664 0.023333333333333334
0 0.1575 0.1 0.018333333333333333 0.05
0 0.17916666666666667 0.01 0.045 0.02
0 0.4725 0.2125 0.041666666666666664 0.028333333333333332
0 0.5183333333333333 0.22416666666666665 0.04 0.03166666666666667
0 0.42833333333333334 0.2325 0.03666666666666667 0.035
0 0.4666666666666667 0.23833333333333334 0.03666666666666667 0.03666666666666667
0 0.4025 0.24 0.03166666666666667 0.023333333333333334
0 0.5108333333333334 0.2475 0.025 0.018333333333333333
0 0.3775 0.25333333333333335 0.03833333333333333 0.03
0 0.4225 0.26166666666666666 0.041666666666666664 0.03
0 0.45166666666666666 0.2783333333333333 0.03333333333333333 0.043333333333333335
0 0.20583333333333334 0.0175 0.028333333333333332 0.035
0 0.4633333333333333 0.31 0.03 0.06666666666666667
0 0.705 0.31833333333333336 0.02666666666666667 0.08
0 0.22916666666666666 0.025 0.045 0.05
0 0.6858333333333333 0.3458333333333333 0.025 0.065
0 0.6666666666666666 0.37166666666666665 0.023333333333333334 0.06666666666666667
0 0.6416666666666667 0.4141666666666667 0.023333333333333334 0.035
0 0.62 0.4225 0.03 0.055
0 0.59 0.45666666666666667 0.03 0.05333333333333334
0 0.6266666666666667 0.45666666666666667 0.02 0.06
0 0.6075 0.4633333333333333 0.028333333333333332 0.043333333333333335
0 0.4483333333333333 0.4716666666666667 0.03333333333333333 0.06333333333333334
0 0.4166666666666667 0.47333333333333333 0.023333333333333334 0.06333333333333334
0 0.32916666666666666 0.035833333333333335 0.045 0.03833333333333333
0 0.43583333333333335 0.4791666666666667 0.035 0.065
0 0.39916666666666667 0.4775 0.035 0.06166666666666667
0 0.29583333333333334 0.5075 0.0016666666666666668 0.005
