0 0.405 0.4708333333333333 0.03666666666666667 0.10166666666666667
0 0.6316666666666667 0.4816666666666667 0.03 0.10333333333333333
0 0.15583333333333332 0.4975 0.065 0.075
0 0.3425 0.5508333333333333 0.065 0.06166666666666667
0 0.42833333333333334 0.5541666666666667 0.07 0.04833333333333333
0 0.42583333333333334 0.7775 0.065 0.06166666666666667
0 0.3575 0.8708333333333333 0.035 0.12166666666666667
0 0.1 0.895 0.043333333333333335 0.11
0 0.7866666666666666 0.9408333333333333 0.03666666666666667 0.11833333333333333
0 0.83 0.95 0.056666666666666664 0.1
0 0.68 0.9758333333333333 0.043333333333333335 0.04833333333333333
0 0.745 0.9866666666666667 0.06 0.02666666666666667
0 0.18916666666666668 0.33916666666666667 0.051666666666666666 0.10166666666666667
0 0.24833333333333332 0.425 0.04666666666666667 0.09666666666666666
0 0.3416666666666667 0.46166666666666667 0.06333333333333334 0.06666666666666667
