0 0.09916666666666667 0.5158333333333334 0.028333333333333332 0.041666666666666664
0 0.075 0.5041666666666667 0.02666666666666667 0.065
0 0.7608333333333334 0.5033333333333333 0.03166666666666667 0.06666666666666667
0 0.8716666666666667 0.5033333333333333 0.03666666666666667 0.043333333333333335
0 0.17083333333333334 0.5016666666666667 0.018333333333333333 0.056666666666666664
0 0.16083333333333333 0.4725 0.021666666666666667 0.058333333333333334
0 0.185 0.4525 0.03 0.065
0 0.12916666666666668 0.445 0.03166666666666667 0.07333333333333333
0 0.065 0.44083333333333335 0.023333333333333334 0.06166666666666667
0 0.16333333333333333 0.4266666666666667 0.02 0.03666666666666667
0 0.18 0.4175 0.02666666666666667 0.055
0 0.855 0.4075 0.03666666666666667 0.04833333333333333
0 0.17833333333333334 0.38416666666666666 0.023333333333333334 0.04833333333333333
0 0.2025 0.3675 0.028333333333333332 0.051666666666666666
0 0.8491666666666666 0.36666666666666664 0.035 0.03666666666666667
0 0.2225 0.355 0.025 0.03666666666666667
0 0.17666666666666667 0.35 0.02666666666666667 0.03333333333333333
0 0.19833333333333333 0.3458333333333333 0.03 0.055
0 0.85 0.3333333333333333 0.03666666666666667 0.04
0 0.8833333333333333 0.33 0.023333333333333334 0.06666666666666667
0 0.22166666666666668 0.3275 0.02 0.025
0 0.18583333333333332 0.3233333333333333 0.03833333333333333 0.02666666666666667
0 0.23083333333333333 0.31083333333333335 0.045 0.045
0 0.19916666666666666 0.295 0.035 0.03333333333333333
0 0.8633333333333333 0.29583333333333334 0.03 0.041666666666666664
0 0.22916666666666666 0.2783333333333333 0.03833333333333333 0.04
0 0.8533333333333334 0.2608333333333333 0.02 0.06833333333333333
0 0.8675 0.25 0.015 0.06666666666666667
0 0.8791666666666667 0.24416666666666667 0.011666666666666667 0.041666666666666664
0 0.8483333333333334 0.225 0.013333333333333334 0.03666666666666667
0 0.8583333333333333 0.2075 0.016666666666666666 0.028333333333333332
0 0.73 0.19666666666666666 0.02666666666666667 0.056666666666666664
0 0.8391666666666666 0.20083333333333334 0.018333333333333333 0.04833333333333333
0 0.8716666666666667 0.19666666666666666 0.02 0.06
0 0.8558333333333333 0.17 0.018333333333333333 0.06
0 0.7183333333333334 0.16333333333333333 0.03333333333333333 0.03
0 0.7416666666666667 0.16416666666666666 0.03 0.06166666666666667
0 0.7508333333333334 0.15416666666666667 0.025 0.04833333333333333
0 0.7975 0.14916666666666667 0.021666666666666667 0.07833333333333334
0 0.8641666666666666 0.13666666666666666 0.018333333333333333 0.056666666666666664
0 0.8441666666666666 0.13583333333333333 0.018333333333333333 0.06166666666666667
0 0.7541666666666667 0.12916666666666668 0.025 0.035
0 0.7266666666666667 0.12416666666666666 0.023333333333333334 0.035
0 0.8516666666666667 0.10583333333333333 0.023333333333333334 0.055
0 0.8483333333333334 0.07916666666666666 0.02 0.058333333333333334
0 0.8325 0.06833333333333333 0.021666666666666667 0.06666666666666667
0 0.8158333333333333 0.0675 0.028333333333333332 0.065
0 0.8541666666666666 0.05 0.03166666666666667 0.06666666666666667
0 0.6983333333333334 0.043333333333333335 0.023333333333333334 0.06333333333333334
0 0.8075 0.014166666666666666 0.03166666666666667 0.028333333333333332
0 0.8191666666666667 0.013333333333333334 0.041666666666666664 0.02666666666666667
0 0.2275 0.8416666666666667 0.021666666666666667 0.06
0 0.2775 0.9866666666666667 0.021666666666666667 0.02666666666666667
0 0.24083333333333334 0.8 0.015 0.05
0 0.22416666666666665 0.7808333333333334 0.021666666666666667 0.075
0 0.20666666666666667 0.775 0.023333333333333334 0.09333333333333334
0 0.23 0.7541666666666667 0.02 0.045
0 0.27416666666666667 0.7316666666666667 0.025 0.07333333333333333
0 0.6758333333333333 0.6725 0.03833333333333333 0.045
0 0.016666666666666666 0.6658333333333334 0.03333333333333333 0.041666666666666664
0 0.8491666666666666 0.6658333333333334 0.025 0.045
0 0.1825 0.64 0.028333333333333332 0.06666666666666667
0 0.2775 0.97 0.025 0.06
0 0.8491666666666666 0.6225 0.021666666666666667 0.051666666666666666
0 0.8708333333333333 0.6091666666666666 0.015 0.035
0 0.8391666666666666 0.5866666666666667 0.028333333333333332 0.06
0 0.5308333333333334 0.5866666666666667 0.035 0.03333333333333333
0 0.8725 0.6166666666666667 0.008333333333333333 0.006666666666666667
0 0.17833333333333334 0.5741666666666667 0.02 0.08166666666666667
0 0.13916666666666666 0.5758333333333333 0.028333333333333332 0.04833333333333333
0 0.1 0.5716666666666667 0.02666666666666667 0.056666666666666664
0 0.8616666666666667 0.5525 0.023333333333333334 0.058333333333333334
0 0.8966666666666666 0.5483333333333333 0.03666666666666667 0.05333333333333334
0 0.11833333333333333 0.5425 0.02 0.075
0 0.16166666666666665 0.54 0.016666666666666666 0.06666666666666667
