0 0.47333333333333333 0.5291666666666667 0.03 0.028333333333333332
0 0.5358333333333334 0.5308333333333334 0.021666666666666667 0.021666666666666667
0 0.5175 0.5233333333333333 0.028333333333333332 0.023333333333333334
0 0.44 0.515 0.03 0.02666666666666667
0 0.5016666666666667 0.5116666666666667 0.02666666666666667 0.03
0 0.4225 0.5133333333333333 0.018333333333333333 0.06
0 0.4741666666666667 0.5091666666666667 0.028333333333333332 0.03166666666666667
0 0.44166666666666665 0.4975 0.02666666666666667 0.03166666666666667
0 0.43833333333333335 0.475 0.03333333333333333 0.02
0 0.4275 0.46166666666666667 0.035 0.03666666666666667
0 0.45666666666666667 0.4475 0.02666666666666667 0.03833333333333333
0 0.435 0.43666666666666665 0.02666666666666667 0.03666666666666667
0 0.42916666666666664 0.4325 0.028333333333333332 0.045
0 0.45666666666666667 0.425 0.023333333333333334 0.03333333333333333
0 0.4716666666666667 0.39916666666666667 0.03 0.025
0 0.44083333333333335 0.3883333333333333 0.021666666666666667 0.043333333333333335
0 0.47333333333333333 0.375 0.03333333333333333 0.04
0 0.4608333333333333 0.36333333333333334 0.025 0.04
0 0.4683333333333333 0.3333333333333333 0.02666666666666667 0.03333333333333333
0 0.49083333333333334 0.335 0.028333333333333332 0.02666666666666667
0 0.5025 0.30583333333333335 0.028333333333333332 0.028333333333333332
0 0.4791666666666667 0.2991666666666667 0.035 0.03166666666666667
0 0.5366666666666666 0.2833333333333333 0.03 0.02666666666666667
0 0.5058333333333334 0.2791666666666667 0.028333333333333332 0.025
0 0.55 0.26416666666666666 0.023333333333333334 0.021666666666666667
0 0.49 0.2608333333333333 0.03333333333333333 0.055
0 0.5241666666666667 0.2575 0.035 0.028333333333333332
0 0.43916666666666665 0.6858333333333333 0.021666666666666667 0.065
0 0.49666666666666665 0.675 0.03333333333333333 0.03666666666666667
0 0.48 0.6741666666666667 0.03 0.035
0 0.4775 0.6566666666666666 0.03833333333333333 0.03
0 0.45416666666666666 0.6483333333333333 0.015 0.07333333333333333
0 0.4216666666666667 0.6416666666666667 0.013333333333333334 0.05
0 0.505 0.6333333333333333 0.02666666666666667 0.02666666666666667
0 0.5308333333333334 0.6258333333333334 0.03166666666666667 0.028333333333333332
0 0.4766666666666667 0.6258333333333334 0.02666666666666667 0.025
0 0.42916666666666664 0.6208333333333333 0.015 0.06833333333333333
0 0.505 0.6175 0.023333333333333334 0.021666666666666667
0 0.44333333333333336 0.6083333333333333 0.016666666666666666 0.056666666666666664
0 0.5133333333333333 0.6008333333333333 0.02666666666666667 0.028333333333333332
0 0.4741666666666667 0.5983333333333334 0.025 0.03333333333333333
0 0.4583333333333333 0.5916666666666667 0.016666666666666666 0.04
0 0.49 0.5908333333333333 0.03 0.03833333333333333
0 0.5258333333333334 0.5866666666666667 0.021666666666666667 0.03
0 0.5025 0.575 0.025 0.02666666666666667
0 0.52 0.5658333333333333 0.03 0.025
0 0.5425 0.5625 0.021666666666666667 0.021666666666666667
0 0.45 0.5616666666666666 0.02666666666666667 0.023333333333333334
0 0.485 0.5566666666666666 0.02666666666666667 0.02
0 0.43416666666666665 0.5508333333333333 0.021666666666666667 0.058333333333333334
0 0.4508333333333333 0.5516666666666666 0.03166666666666667 0.043333333333333335
0 0.5183333333333333 0.5466666666666666 0.03 0.023333333333333334
0 0.49416666666666664 0.5383333333333333 0.03166666666666667 0.023333333333333334
