0 0.61 0.55 0.02 0.07
0 0.4575 0.9933333333333333 0.03166666666666667 0.013333333333333334
0 0.4575 0.5491666666666667 0.021666666666666667 0.058333333333333334
0 0.5816666666666667 0.55 0.016666666666666666 0.07
0 0.45166666666666666 0.5741666666666667 0.0033333333333333335 0.005
0 0.5875 0.5575 0.0016666666666666668 0.008333333333333333
0 0.43833333333333335 0.5225 0.02 0.075
0 0.4775 0.5208333333333334 0.011666666666666667 0.04833333333333333
0 0.4266666666666667 0.5183333333333333 0.023333333333333334 0.056666666666666664
0 0.49333333333333335 0.5175 0.016666666666666666 0.075
0 0.5666666666666667 0.5125 0.03333333333333333 0.035
0 0.625 0.5091666666666667 0.013333333333333334 0.07166666666666667
0 0.6333333333333333 0.5083333333333333 0.023333333333333334 0.06666666666666667
0 0.6108333333333333 0.4975 0.018333333333333333 0.065
0 0.4191666666666667 0.9841666666666666 0.028333333333333332 0.03166666666666667
0 0.595 0.48833333333333334 0.02 0.05
0 0.41 0.49 0.02 0.07
0 0.4633333333333333 0.48333333333333334 0.02 0.06666666666666667
0 0.56 0.48 0.023333333333333334 0.04666666666666667
0 0.42 0.4741666666666667 0.023333333333333334 0.051666666666666666
0 0.4875 0.4658333333333333 0.015 0.06166666666666667
0 0.43833333333333335 0.4633333333333333 0.016666666666666666 0.056666666666666664
0 0.4475 0.45916666666666667 0.015 0.065
0 0.5733333333333334 0.45666666666666667 0.02 0.07333333333333333
0 0.4741666666666667 0.4483333333333333 0.018333333333333333 0.06333333333333334
0 0.595 0.44583333333333336 0.016666666666666666 0.055
0 0.42 0.9875 0.02666666666666667 0.025
0 0.425 0.44416666666666665 0.016666666666666666 0.065
0 0.5541666666666667 0.43416666666666665 0.018333333333333333 0.051666666666666666
0 0.8558333333333333 0.43833333333333335 0.03166666666666667 0.06
0 0.87 0.43833333333333335 0.03666666666666667 0.043333333333333335
0 0.61 0.43 0.016666666666666666 0.06333333333333334
0 0.4075 0.43583333333333335 0.015 0.045
0 0.49333333333333335 0.43083333333333335 0.02666666666666667 0.06833333333333333
0 0.5825 0.4175 0.015 0.06166666666666667
0 0.4683333333333333 0.435 0.0033333333333333335 0.02
0 0.4216666666666667 0.4083333333333333 0.016666666666666666 0.056666666666666664
0 0.375 0.4091666666666667 0.016666666666666666 0.07166666666666667
0 0.39416666666666667 0.4075 0.018333333333333333 0.07166666666666667
0 0.5316666666666666 0.4041666666666667 0.02666666666666667 0.065
0 0.5683333333333334 0.3958333333333333 0.016666666666666666 0.045
0 0.5541666666666667 0.39166666666666666 0.018333333333333333 0.05333333333333334
0 0.4766666666666667 0.3825 0.02 0.07166666666666667
0 0.405 0.37083333333333335 0.016666666666666666 0.07833333333333334
0 0.42083333333333334 0.3541666666666667 0.015 0.06166666666666667
0 0.37916666666666665 0.3475 0.018333333333333333 0.058333333333333334
0 0.49166666666666664 0.35 0.016666666666666666 0.07
0 0.3925 0.3408333333333333 0.015 0.06166666666666667
0 0.3616666666666667 0.34 0.016666666666666666 0.07
0 0.4083333333333333 0.31666666666666665 0.016666666666666666 0.05
0 0.7933333333333333 0.31166666666666665 0.04 0.03666666666666667
0 0.4575 0.9783333333333334 0.035 0.03333333333333333
0 0.38666666666666666 0.29583333333333334 0.016666666666666666 0.055
0 0.37416666666666665 0.2875 0.018333333333333333 0.058333333333333334
0 0.36083333333333334 0.2891666666666667 0.018333333333333333 0.07166666666666667
0 0.35833333333333334 0.24583333333333332 0.013333333333333334 0.04833333333333333
0 0.48083333333333333 0.97 0.03833333333333333 0.02666666666666667
0 0.9425 0.23833333333333334 0.028333333333333332 0.043333333333333335
0 0.3858333333333333 0.9716666666666667 0.025 0.056666666666666664
0 0.9416666666666667 0.2125 0.02666666666666667 0.08166666666666667
0 0.4191666666666667 0.9666666666666667 0.035 0.05
0 0.375 0.08 0.02 0.08333333333333333
0 0.44083333333333335 0.9483333333333334 0.03166666666666667 0.02666666666666667
0 0.48 0.9458333333333333 0.043333333333333335 0.03166666666666667
0 0.5183333333333333 0.9333333333333333 0.02666666666666667 0.05333333333333334
0 0.355 0.9258333333333333 0.023333333333333334 0.025
0 0.37666666666666665 0.9275 0.02666666666666667 0.045
0 0.48083333333333333 0.9158333333333334 0.035 0.051666666666666666
0 0.45916666666666667 0.915 0.035 0.05
0 0.5025 0.91 0.018333333333333333 0.03666666666666667
0 0.3441666666666667 0.9025 0.03833333333333333 0.028333333333333332
0 0.5191666666666667 0.9008333333333334 0.028333333333333332 0.045
0 0.8383333333333334 0.8983333333333333 0.03666666666666667 0.06333333333333334
0 0.3525 0.8833333333333333 0.03166666666666667 0.023333333333333334
0 0.3275 0.8783333333333333 0.03833333333333333 0.043333333333333335
0 0.865 0.8575 0.02666666666666667 0.06166666666666667
0 0.5225 0.8566666666666667 0.025 0.056666666666666664
0 0.5441666666666667 0.8441666666666666 0.028333333333333332 0.06166666666666667
0 0.6416666666666667 0.7975 0.03 0.058333333333333334
0 0.6275 0.82 0.0016666666666666668 0.0033333333333333335
0 0.5625 0.78 0.025 0.06666666666666667
0 0.6416666666666667 0.7658333333333334 0.023333333333333334 0.06166666666666667
0 0.5875 0.7591666666666667 0.028333333333333332 0.04833333333333333
0 0.6816666666666666 0.7533333333333333 0.023333333333333334 0.05
0 0.6666666666666666 0.7516666666666667 0.023333333333333334 0.04666666666666667
0 0.55 0.7325 0.02 0.075
0 0.6641666666666667 0.7291666666666666 0.021666666666666667 0.051666666666666666
0 0.6041666666666666 0.7125 0.021666666666666667 0.04833333333333333
0 0.585 0.6958333333333333 0.02666666666666667 0.07166666666666667
0 0.6166666666666667 0.6816666666666666 0.01 0.03333333333333333
0 0.6075 0.6725 0.025 0.06833333333333333
0 0.9258333333333333 0.6658333333333334 0.021666666666666667 0.03833333333333333
0 0.5558333333333333 0.665 0.018333333333333333 0.06333333333333334
0 0.3875 0.9883333333333333 0.018333333333333333 0.023333333333333334
0 0.6241666666666666 0.6183333333333333 0.015 0.05
0 0.6083333333333333 0.6216666666666667 0.023333333333333334 0.06
0 0.6358333333333334 0.61 0.018333333333333333 0.06666666666666667
0 0.605 0.6108333333333333 0.02 0.075
0 0.5691666666666667 0.5958333333333333 0.025 0.07166666666666667
0 0.5508333333333333 0.5933333333333334 0.03166666666666667 0.07
0 0.5808333333333333 0.6066666666666667 0.0016666666666666668 0.0033333333333333335
0 0.5966666666666667 0.5675 0.016666666666666666 0.06833333333333333
