0 0.4875 0.38166666666666665 0.03833333333333333 0.05333333333333334
0 0.5066666666666667 0.38083333333333336 0.03666666666666667 0.075
0 0.515 0.35333333333333333 0.02 0.09333333333333334
0 0.4683333333333333 0.33916666666666667 0.03666666666666667 0.03833333333333333
0 0.47833333333333333 0.32166666666666666 0.03 0.04666666666666667
0 0.4925 0.31333333333333335 0.025 0.06
0 0.21416666666666667 0.3016666666666667 0.035 0.07666666666666666
0 0.18666666666666668 0.2966666666666667 0.023333333333333334 0.08
0 0.49583333333333335 0.2808333333333333 0.021666666666666667 0.06166666666666667
0 0.22666666666666666 0.2683333333333333 0.02666666666666667 0.07666666666666666
0 0.215 0.235 0.02666666666666667 0.056666666666666664
0 0.2825 0.20083333333333334 0.045 0.045
0 0.6308333333333334 0.18 0.035 0.07333333333333333
0 0.07166666666666667 0.12166666666666667 0.023333333333333334 0.08333333333333333
0 0.76 0.12 0.02 0.09
0 0.7775 0.08 0.021666666666666667 0.06333333333333334
0 0.7116666666666667 0.0625 0.02666666666666667 0.045
0 0.7991666666666667 0.05583333333333333 0.025 0.055
0 0.7675 0.03833333333333333 0.021666666666666667 0.07666666666666666
0 0.785 0.024166666666666666 0.02 0.04833333333333333
0 0.8258333333333333 0.0175 0.041666666666666664 0.035
0 0.13 0.0225 0.02 0.045
0 0.79 0.0225 0.03 0.045
0 0.8541666666666666 0.005833333333333334 0.028333333333333332 0.011666666666666667
0 0.545 0.8858333333333334 0.04 0.04833333333333333
0 0.545 0.8483333333333334 0.02666666666666667 0.06666666666666667
0 0.5675 0.8358333333333333 0.018333333333333333 0.06833333333333333
0 0.4691666666666667 0.8333333333333334 0.018333333333333333 0.08333333333333333
0 0.5408333333333334 0.8041666666666667 0.021666666666666667 0.09166666666666666
0 0.57 0.75 0.023333333333333334 0.07666666666666666
0 0.5316666666666666 0.7291666666666666 0.056666666666666664 0.03166666666666667
0 0.5741666666666667 0.6816666666666666 0.018333333333333333 0.07666666666666666
0 0.5908333333333333 0.6391666666666667 0.025 0.085
