0 0.56 0.45166666666666666 0.016666666666666666 0.07333333333333333
0 0.6116666666666667 0.4708333333333333 0.016666666666666666 0.06166666666666667
0 0.5866666666666667 0.475 0.02666666666666667 0.05333333333333334
0 0.6241666666666666 0.47583333333333333 0.015 0.06833333333333333
0 0.5733333333333334 0.47 0.02 0.06333333333333334
0 0.6358333333333334 0.49833333333333335 0.015 0.05
0 0.605 0.5016666666666667 0.02 0.056666666666666664
0 0.5616666666666666 0.5 0.02 0.04666666666666667
0 0.6008333333333333 0.5325 0.015 0.051666666666666666
0 0.635 0.5366666666666666 0.02666666666666667 0.04666666666666667
0 0.6516666666666666 0.5441666666666667 0.023333333333333334 0.045
0 0.6291666666666667 0.5641666666666667 0.028333333333333332 0.058333333333333334
0 0.6175 0.5691666666666667 0.021666666666666667 0.058333333333333334
0 0.6691666666666667 0.5916666666666667 0.021666666666666667 0.056666666666666664
0 0.6508333333333334 0.5941666666666666 0.018333333333333333 0.058333333333333334
0 0.6358333333333334 0.6041666666666666 0.028333333333333332 0.055
0 0.6125 0.6075 0.018333333333333333 0.07166666666666667
0 0.63 0.6325 0.02 0.055
0 0.65 0.6383333333333333 0.016666666666666666 0.04
0 0.6658333333333334 0.6441666666666667 0.021666666666666667 0.051666666666666666
0 0.6233333333333333 0.6783333333333333 0.02666666666666667 0.06666666666666667
0 0.635 0.6891666666666667 0.023333333333333334 0.06166666666666667
0 0.6483333333333333 0.6866666666666666 0.016666666666666666 0.056666666666666664
0 0.6233333333333333 0.7216666666666667 0.013333333333333334 0.05333333333333334
0 0.051666666666666666 0.8766666666666667 0.03 0.08666666666666667
0 0.09833333333333333 0.955 0.043333333333333335 0.09
0 0.045 0.9616666666666667 0.03 0.07666666666666666
0 0.06833333333333333 0.9783333333333334 0.04 0.043333333333333335
0 0.023333333333333334 0.9791666666666666 0.016666666666666666 0.041666666666666664
0 0.5758333333333333 0.20916666666666667 0.025 0.075
0 0.6041666666666666 0.24666666666666667 0.021666666666666667 0.05333333333333334
0 0.6008333333333333 0.25333333333333335 0.028333333333333332 0.06666666666666667
0 0.5808333333333333 0.2725 0.021666666666666667 0.06166666666666667
0 0.6 0.3258333333333333 0.02 0.06166666666666667
0 0.5891666666666666 0.3383333333333333 0.015 0.07
0 0.625 0.35583333333333333 0.016666666666666666 0.07166666666666667
0 0.6008333333333333 0.375 0.021666666666666667 0.056666666666666664
0 0.6416666666666667 0.3775 0.016666666666666666 0.06166666666666667
0 0.5875 0.40166666666666667 0.015 0.04666666666666667
0 0.6116666666666667 0.4041666666666667 0.02 0.07166666666666667
0 0.6275 0.4166666666666667 0.015 0.04
0 0.5841666666666666 0.42333333333333334 0.021666666666666667 0.07
0 0.6341666666666667 0.425 0.018333333333333333 0.056666666666666664
0 0.5983333333333334 0.43916666666666665 0.02 0.06166666666666667
