0 0.5066666666666667 0.4841666666666667 0.04666666666666667 0.04833333333333333
0 0.5158333333333334 0.5391666666666667 0.03833333333333333 0.03833333333333333
0 0.5433333333333333 0.5433333333333333 0.03333333333333333 0.06666666666666667
0 0.5725 0.5641666666666667 0.03166666666666667 0.058333333333333334
0 0.5475 0.5891666666666666 0.03833333333333333 0.035
0 0.6 0.6133333333333333 0.04 0.04666666666666667
0 0.5741666666666667 0.6208333333333333 0.041666666666666664 0.03833333333333333
0 0.6175 0.6541666666666667 0.041666666666666664 0.035
0 0.5891666666666666 0.6558333333333334 0.035 0.035
0 0.6091666666666666 0.6858333333333333 0.045 0.03166666666666667
0 0.6166666666666667 0.7141666666666666 0.04666666666666667 0.035
0 0.6225 0.7358333333333333 0.045 0.025
0 0.585 0.7375 0.04 0.041666666666666664
0 0.6283333333333333 0.7625 0.04 0.03166666666666667
0 0.63 0.7833333333333333 0.043333333333333335 0.03
0 0.65 0.8133333333333334 0.043333333333333335 0.03666666666666667
0 0.2525 0.9383333333333334 0.025 0.07
0 0.23166666666666666 0.99 0.03666666666666667 0.02
0 0.3275 0.15583333333333332 0.028333333333333332 0.09166666666666666
0 0.2775 0.16416666666666666 0.055 0.03166666666666667
0 0.3275 0.15666666666666668 0.028333333333333332 0.09333333333333334
0 0.29333333333333333 0.175 0.043333333333333335 0.043333333333333335
0 0.3525 0.1775 0.03833333333333333 0.03166666666666667
0 0.2425 0.19333333333333333 0.03166666666666667 0.03333333333333333
0 0.37666666666666665 0.19916666666666666 0.03666666666666667 0.06833333333333333
0 0.24583333333333332 0.21416666666666667 0.028333333333333332 0.055
0 0.31166666666666665 0.21916666666666668 0.03333333333333333 0.03166666666666667
0 0.285 0.21833333333333332 0.03666666666666667 0.056666666666666664
0 0.2625 0.21333333333333335 0.028333333333333332 0.06666666666666667
0 0.33916666666666667 0.225 0.025 0.07
0 0.3075 0.25166666666666665 0.03833333333333333 0.04
0 0.4008333333333333 0.25166666666666665 0.051666666666666666 0.03333333333333333
0 0.4241666666666667 0.2816666666666667 0.03833333333333333 0.02666666666666667
0 0.42333333333333334 0.2991666666666667 0.05 0.03833333333333333
0 0.6008333333333333 0.385 0.045 0.05
