0 0.9716666666666667 0.7116666666666667 0.056666666666666664 0.08
0 0.9816666666666667 0.78 0.03666666666666667 0.06666666666666667
0 0.93 0.8216666666666667 0.05333333333333334 0.11
0 0.9933333333333333 0.8933333333333333 0.013333333333333334 0.12
0 0.16083333333333333 0.9075 0.075 0.065
0 0.8958333333333334 0.9191666666666667 0.07166666666666667 0.065
0 0.10666666666666667 0.9475 0.07666666666666666 0.055
0 0.5975 0.9583333333333334 0.075 0.056666666666666664
0 0.985 0.9833333333333333 0.03 0.03333333333333333
0 0.9083333333333333 0.1225 0.06 0.06833333333333333
0 0.6541666666666667 0.2783333333333333 0.065 0.09
