0 0.5191666666666667 0.47833333333333333 0.028333333333333332 0.03666666666666667
0 0.5516666666666666 0.4891666666666667 0.016666666666666666 0.055
0 0.5591666666666667 0.51 0.018333333333333333 0.056666666666666664
0 0.5791666666666667 0.5175 0.018333333333333333 0.07166666666666667
0 0.34833333333333333 0.04083333333333333 0.016666666666666666 0.06833333333333333
0 0.5575 0.5125 0.0016666666666666668 0.0016666666666666668
0 0.5358333333333334 0.5441666666666667 0.018333333333333333 0.06833333333333333
0 0.5466666666666666 0.5591666666666667 0.013333333333333334 0.058333333333333334
0 0.5525 0.5666666666666667 0.018333333333333333 0.05333333333333334
0 0.6041666666666666 0.5783333333333334 0.018333333333333333 0.07333333333333333
0 0.575 0.5816666666666667 0.016666666666666666 0.06
0 0.5675 0.5991666666666666 0.015 0.058333333333333334
0 0.5308333333333334 0.6091666666666666 0.015 0.075
0 0.5441666666666667 0.6208333333333333 0.015 0.06166666666666667
0 0.5841666666666666 0.6283333333333333 0.015 0.07666666666666666
0 0.5591666666666667 0.6325 0.015 0.058333333333333334
0 0.5716666666666667 0.6366666666666667 0.016666666666666666 0.04666666666666667
0 0.5316666666666666 0.6716666666666666 0.016666666666666666 0.05333333333333334
0 0.5458333333333333 0.6691666666666667 0.018333333333333333 0.04833333333333333
0 0.36583333333333334 0.051666666666666666 0.025 0.07666666666666666
0 0.5608333333333333 0.6741666666666667 0.028333333333333332 0.041666666666666664
0 0.5941666666666666 0.6975 0.025 0.055
0 0.6158333333333333 0.6975 0.011666666666666667 0.051666666666666666
0 0.5575 0.7016666666666667 0.025 0.03666666666666667
0 0.5641666666666667 0.7175 0.025 0.058333333333333334
0 0.5358333333333334 0.7175 0.025 0.04833333333333333
0 0.5966666666666667 0.72 0.02666666666666667 0.04666666666666667
0 0.6266666666666667 0.73 0.02 0.08
0 0.5691666666666667 0.7441666666666666 0.028333333333333332 0.045
0 0.5383333333333333 0.7458333333333333 0.023333333333333334 0.041666666666666664
0 0.5841666666666666 0.7325 0.0016666666666666668 0.0016666666666666668
0 0.6083333333333333 0.7641666666666667 0.02 0.045
0 0.5641666666666667 0.7783333333333333 0.028333333333333332 0.043333333333333335
0 0.5308333333333334 0.7766666666666666 0.025 0.03
0 0.5791666666666667 0.7825 0.025 0.03833333333333333
0 0.6241666666666666 0.79 0.025 0.05333333333333334
0 0.5366666666666666 0.7916666666666666 0.02666666666666667 0.02666666666666667
0 0.5983333333333334 0.8075 0.02666666666666667 0.051666666666666666
0 0.5733333333333334 0.81 0.023333333333333334 0.03333333333333333
0 0.57 0.835 0.02666666666666667 0.03666666666666667
0 0.55 0.8883333333333333 0.03333333333333333 0.07
0 0.5183333333333333 0.9358333333333333 0.03 0.075
0 0.5091666666666667 0.98 0.025 0.04
0 0.22583333333333333 0.09 0.025 0.03666666666666667
0 0.4925 0.9941666666666666 0.021666666666666667 0.011666666666666667
0 0.5408333333333334 0.1 0.03833333333333333 0.03
0 0.6058333333333333 0.10666666666666667 0.035 0.04
0 0.22916666666666666 0.10416666666666667 0.03166666666666667 0.065
0 0.5775 0.12583333333333332 0.035 0.03166666666666667
0 0.5416666666666666 0.14916666666666667 0.03 0.028333333333333332
0 0.5616666666666666 0.15416666666666667 0.03333333333333333 0.041666666666666664
0 0.525 0.16916666666666666 0.03666666666666667 0.028333333333333332
0 0.82 0.20166666666666666 0.023333333333333334 0.02666666666666667
0 0.6816666666666666 0.21083333333333334 0.03 0.041666666666666664
0 0.7933333333333333 0.2175 0.03666666666666667 0.025
0 0.7016666666666667 0.22833333333333333 0.03666666666666667 0.03
0 0.8225 0.2275 0.03166666666666667 0.028333333333333332
0 0.8466666666666667 0.23083333333333333 0.02666666666666667 0.06166666666666667
0 0.8658333333333333 0.23333333333333334 0.018333333333333333 0.06333333333333334
0 0.6658333333333334 0.24083333333333334 0.035 0.028333333333333332
0 0.8383333333333334 0.24083333333333334 0.023333333333333334 0.018333333333333333
0 0.3541666666666667 0.24166666666666667 0.03166666666666667 0.05
0 0.6325 0.25083333333333335 0.025 0.035
0 0.6141666666666666 0.24833333333333332 0.03166666666666667 0.023333333333333334
0 0.6891666666666667 0.25583333333333336 0.03833333333333333 0.03833333333333333
0 0.15583333333333332 0.015833333333333335 0.041666666666666664 0.03166666666666667
0 0.8808333333333334 0.26166666666666666 0.015 0.04666666666666667
0 0.6566666666666666 0.26916666666666667 0.02666666666666667 0.03833333333333333
0 0.5891666666666666 0.2733333333333333 0.018333333333333333 0.023333333333333334
0 0.6041666666666666 0.275 0.03166666666666667 0.03
0 0.6358333333333334 0.27666666666666667 0.018333333333333333 0.06333333333333334
0 0.6058333333333333 0.2966666666666667 0.025 0.04
0 0.62 0.29333333333333333 0.02 0.05333333333333334
0 0.5833333333333334 0.30083333333333334 0.03 0.025
0 0.8841666666666667 0.29833333333333334 0.015 0.05
0 0.5583333333333333 0.305 0.023333333333333334 0.03
0 0.8725 0.31 0.015 0.04
0 0.5775 0.3258333333333333 0.028333333333333332 0.03166666666666667
0 0.6 0.32666666666666666 0.02666666666666667 0.02666666666666667
0 0.8866666666666667 0.33 0.02 0.04666666666666667
0 0.5575 0.34833333333333333 0.015 0.07
0 0.545 0.35833333333333334 0.016666666666666666 0.056666666666666664
0 0.5358333333333334 0.355 0.021666666666666667 0.06
0 0.87 0.3616666666666667 0.023333333333333334 0.056666666666666664
0 0.5158333333333334 0.37916666666666665 0.021666666666666667 0.055
0 0.5225 0.4091666666666667 0.028333333333333332 0.04833333333333333
0 0.855 0.41 0.043333333333333335 0.04666666666666667
0 0.5425 0.43083333333333335 0.035 0.03833333333333333
0 0.5808333333333333 0.4375 0.021666666666666667 0.07166666666666667
0 0.5658333333333333 0.43916666666666665 0.021666666666666667 0.041666666666666664
0 0.49666666666666665 0.455 0.023333333333333334 0.05
0 0.5075 0.4558333333333333 0.025 0.051666666666666666
0 0.5591666666666667 0.45916666666666667 0.021666666666666667 0.04833333333333333
0 0.4766666666666667 0.47 0.02 0.05
0 0.5383333333333333 0.4741666666666667 0.016666666666666666 0.055
