0 0.3825 0.5391666666666667 0.015 0.08833333333333333
0 0.2791666666666667 0.5233333333333333 0.018333333333333333 0.06
0 0.4266666666666667 0.5241666666666667 0.016666666666666666 0.058333333333333334
0 0.2608333333333333 0.505 0.025 0.05
0 0.43916666666666665 0.5075 0.015 0.058333333333333334
0 0.345 0.5025 0.016666666666666666 0.055
0 0.35833333333333334 0.5 0.016666666666666666 0.05333333333333334
0 0.24083333333333334 0.49666666666666665 0.021666666666666667 0.05
0 0.3725 0.49333333333333335 0.015 0.05333333333333334
0 0.32916666666666666 0.49083333333333334 0.021666666666666667 0.055
0 0.25833333333333336 0.4683333333333333 0.023333333333333334 0.06
0 0.3908333333333333 0.4683333333333333 0.021666666666666667 0.06666666666666667
0 0.35583333333333333 0.4625 0.018333333333333333 0.06166666666666667
0 0.49416666666666664 0.4575 0.018333333333333333 0.07166666666666667
0 0.33166666666666667 0.455 0.02666666666666667 0.04666666666666667
0 0.33666666666666667 0.43666666666666665 0.02 0.04666666666666667
0 0.2658333333333333 0.43833333333333335 0.018333333333333333 0.06666666666666667
0 0.36 0.43583333333333335 0.023333333333333334 0.051666666666666666
0 0.4791666666666667 0.42333333333333334 0.015 0.06
0 0.52 0.4275 0.016666666666666666 0.065
0 0.5058333333333334 0.42333333333333334 0.015 0.07666666666666666
0 0.505 0.4225 0.013333333333333334 0.075
0 0.49333333333333335 0.41583333333333333 0.016666666666666666 0.075
0 0.295 0.4166666666666667 0.013333333333333334 0.043333333333333335
0 0.46416666666666667 0.4033333333333333 0.015 0.05333333333333334
0 0.3258333333333333 0.3983333333333333 0.015 0.06
0 0.33916666666666667 0.39166666666666666 0.015 0.06333333333333334
0 0.5241666666666667 0.3775 0.018333333333333333 0.051666666666666666
0 0.3566666666666667 0.3825 0.013333333333333334 0.058333333333333334
0 0.005 0.3625 0.01 0.04833333333333333
0 0.475 0.3625 0.02 0.06166666666666667
0 0.5025 0.36 0.015 0.06
0 0.5141666666666667 0.35083333333333333 0.011666666666666667 0.06166666666666667
0 0.48333333333333334 0.33916666666666667 0.016666666666666666 0.06833333333333333
0 0.5258333333333334 0.33166666666666667 0.015 0.043333333333333335
0 0.495 0.3283333333333333 0.013333333333333334 0.056666666666666664
0 0.5525 0.32916666666666666 0.018333333333333333 0.07166666666666667
0 0.33416666666666667 0.325 0.015 0.06666666666666667
0 0.46166666666666667 0.315 0.02666666666666667 0.03666666666666667
0 0.37 0.31083333333333335 0.03333333333333333 0.058333333333333334
0 0.5066666666666667 0.2991666666666667 0.016666666666666666 0.051666666666666666
0 0.5608333333333333 0.2966666666666667 0.015 0.06
0 0.4708333333333333 0.2925 0.018333333333333333 0.051666666666666666
0 0.31833333333333336 0.2916666666666667 0.02 0.06666666666666667
0 0.45666666666666667 0.28833333333333333 0.016666666666666666 0.03333333333333333
0 0.5775 0.28833333333333333 0.018333333333333333 0.07
0 0.5391666666666667 0.2725 0.015 0.07833333333333334
0 0.5516666666666666 0.24833333333333332 0.016666666666666666 0.06
0 0.5241666666666667 0.24666666666666667 0.015 0.07666666666666666
0 0.5816666666666667 0.22666666666666666 0.016666666666666666 0.06
0 0.565 0.22333333333333333 0.016666666666666666 0.06333333333333334
0 0.55 0.2 0.02 0.056666666666666664
0 0.5375 0.1975 0.015 0.06833333333333333
0 0.56 0.14333333333333334 0.023333333333333334 0.05
0 0.105 0.08666666666666667 0.03666666666666667 0.06
0 0.06916666666666667 0.05583333333333333 0.028333333333333332 0.051666666666666666
0 0.16083333333333333 0.013333333333333334 0.035 0.02666666666666667
0 0.48583333333333334 0.8183333333333334 0.025 0.05333333333333334
0 0.51 0.8041666666666667 0.03333333333333333 0.058333333333333334
0 0.5916666666666667 0.7766666666666666 0.03333333333333333 0.04
0 0.4683333333333333 0.7633333333333333 0.03333333333333333 0.04666666666666667
0 0.5658333333333333 0.7625 0.021666666666666667 0.018333333333333333
0 0.5583333333333333 0.7416666666666667 0.03333333333333333 0.02666666666666667
0 0.5875 0.7366666666666667 0.035 0.03
0 0.43583333333333335 0.74 0.03833333333333333 0.03
0 0.5975 0.7341666666666666 0.03833333333333333 0.04833333333333333
0 0.4666666666666667 0.7241666666666666 0.03666666666666667 0.028333333333333332
0 0.6116666666666667 0.7208333333333333 0.03666666666666667 0.045
0 0.5483333333333333 0.7183333333333334 0.043333333333333335 0.03
0 0.42833333333333334 0.72 0.04 0.023333333333333334
0 0.5258333333333334 0.7125 0.03166666666666667 0.035
0 0.5058333333333334 0.7125 0.021666666666666667 0.028333333333333332
0 0.56 0.7108333333333333 0.03333333333333333 0.03166666666666667
0 0.6241666666666666 0.705 0.021666666666666667 0.05
0 0.61 0.6975 0.03 0.03833333333333333
0 0.5716666666666667 0.6958333333333333 0.03666666666666667 0.028333333333333332
0 0.4266666666666667 0.6916666666666667 0.03666666666666667 0.03333333333333333
0 0.5266666666666666 0.69 0.03 0.02666666666666667
0 0.3975 0.6891666666666667 0.035 0.035
0 0.5491666666666667 0.6766666666666666 0.03166666666666667 0.02666666666666667
0 0.5791666666666667 0.675 0.028333333333333332 0.03
0 0.43416666666666665 0.655 0.035 0.04666666666666667
0 0.3725 0.6325 0.045 0.04833333333333333
0 0.44166666666666665 0.625 0.02666666666666667 0.03666666666666667
0 0.39166666666666666 0.6175 0.03333333333333333 0.06166666666666667
0 0.4216666666666667 0.6208333333333333 0.03 0.028333333333333332
0 0.3983333333333333 0.6058333333333333 0.03 0.03833333333333333
0 0.47 0.5958333333333333 0.03333333333333333 0.058333333333333334
0 0.42083333333333334 0.5941666666666666 0.028333333333333332 0.025
0 0.44916666666666666 0.5925 0.03166666666666667 0.03833333333333333
0 0.075 0.5825 0.04 0.06833333333333333
0 0.43083333333333335 0.575 0.03166666666666667 0.03
0 0.35 0.5708333333333333 0.03 0.065
0 0.2791666666666667 0.57 0.025 0.06333333333333334
0 0.36333333333333334 0.5658333333333333 0.03 0.065
0 0.4533333333333333 0.5616666666666666 0.03666666666666667 0.02666666666666667
0 0.375 0.5558333333333333 0.02 0.065
0 0.3925 0.5566666666666666 0.018333333333333333 0.056666666666666664
0 0.049166666666666664 0.545 0.021666666666666667 0.056666666666666664
0 0.4741666666666667 0.5466666666666666 0.028333333333333332 0.043333333333333335
