0 0.31833333333333336 0.475 0.016666666666666666 0.07
0 0.3275 0.4816666666666667 0.018333333333333333 0.056666666666666664
0 0.36833333333333335 0.48 0.02666666666666667 0.056666666666666664
0 0.3516666666666667 0.4975 0.02 0.065
0 0.3358333333333333 0.5058333333333334 0.025 0.055
0 0.2991666666666667 0.5108333333333334 0.021666666666666667 0.055
0 0.37083333333333335 0.515 0.03833333333333333 0.056666666666666664
0 0.3375 0.5383333333333333 0.015 0.04666666666666667
0 0.2941666666666667 0.5591666666666667 0.028333333333333332 0.04833333333333333
0 0.35333333333333333 0.5641666666666667 0.023333333333333334 0.045
0 0.32 0.5775 0.023333333333333334 0.058333333333333334
0 0.30666666666666664 0.5716666666666667 0.03333333333333333 0.056666666666666664
0 0.27666666666666667 0.6083333333333333 0.006666666666666667 0.016666666666666666
0 0.2758333333333333 0.6033333333333334 0.021666666666666667 0.04666666666666667
0 0.28583333333333333 0.6108333333333333 0.018333333333333333 0.045
0 0.3258333333333333 0.6116666666666667 0.025 0.08
0 0.2991666666666667 0.6191666666666666 0.025 0.051666666666666666
0 0.30416666666666664 0.6391666666666667 0.025 0.04833333333333333
0 0.2708333333333333 0.6516666666666666 0.021666666666666667 0.05
0 0.2825 0.665 0.015 0.05333333333333334
0 0.31166666666666665 0.6741666666666667 0.016666666666666666 0.055
0 0.295 0.7016666666666667 0.016666666666666666 0.05333333333333334
0 0.3125 0.7166666666666667 0.018333333333333333 0.06666666666666667
0 0.2991666666666667 0.7308333333333333 0.018333333333333333 0.06833333333333333
0 0.875 0.9583333333333334 0.03 0.08333333333333333
0 0.8225 0.9766666666666667 0.03166666666666667 0.04666666666666667
0 0.36583333333333334 0.24333333333333335 0.028333333333333332 0.06666666666666667
0 0.34 0.25083333333333335 0.02 0.058333333333333334
0 0.3616666666666667 0.29 0.02 0.05333333333333334
0 0.3416666666666667 0.33666666666666667 0.02 0.06
0 0.35583333333333333 0.35333333333333333 0.015 0.07333333333333333
0 0.31833333333333336 0.36333333333333334 0.02 0.06333333333333334
0 0.3433333333333333 0.3858333333333333 0.016666666666666666 0.058333333333333334
0 0.3016666666666667 0.3858333333333333 0.02 0.06166666666666667
0 0.355 0.4083333333333333 0.013333333333333334 0.04
0 0.33166666666666667 0.4141666666666667 0.02 0.058333333333333334
0 0.31166666666666665 0.4191666666666667 0.016666666666666666 0.041666666666666664
0 0.3025 0.43916666666666665 0.015 0.055
0 0.3575 0.435 0.021666666666666667 0.06666666666666667
0 0.3425 0.445 0.025 0.056666666666666664
