0 0.5633333333333334 0.43166666666666664 0.03666666666666667 0.023333333333333334
0 0.4775 0.43333333333333335 0.021666666666666667 0.07
0 0.45416666666666666 0.4625 0.025 0.07166666666666667
0 0.5391666666666667 0.46166666666666667 0.04833333333333333 0.03333333333333333
0 0.6158333333333333 0.49416666666666664 0.0016666666666666668 0.0016666666666666668
0 0.4325 0.4708333333333333 0.03166666666666667 0.07166666666666667
0 0.5983333333333334 0.4716666666666667 0.043333333333333335 0.05333333333333334
0 0.6341666666666667 0.48583333333333334 0.025 0.09833333333333333
0 0.5483333333333333 0.4925 0.04 0.03166666666666667
0 0.5633333333333334 0.5158333333333334 0.043333333333333335 0.04833333333333333
0 0.6108333333333333 0.5166666666666667 0.025 0.056666666666666664
0 0.5291666666666667 0.5316666666666666 0.028333333333333332 0.05
0 0.575 0.5525 0.03666666666666667 0.058333333333333334
0 0.6025 0.5641666666666667 0.021666666666666667 0.09833333333333333
0 0.6216666666666667 0.5825 0.02 0.095
0 0.6366666666666667 0.615 0.02666666666666667 0.09
0 0.6183333333333333 0.685 0.02 0.08
0 0.61 0.7291666666666666 0.023333333333333334 0.09166666666666666
0 0.5175 0.315 0.03166666666666667 0.07333333333333333
0 0.49083333333333334 0.3375 0.041666666666666664 0.07833333333333334
0 0.43833333333333335 0.34833333333333333 0.04666666666666667 0.03666666666666667
0 0.4633333333333333 0.3566666666666667 0.04 0.04666666666666667
0 0.515 0.3566666666666667 0.04 0.06
0 0.5416666666666666 0.3616666666666667 0.04 0.07666666666666666
0 0.5925 0.41583333333333333 0.0016666666666666668 0.0016666666666666668
0 0.48083333333333333 0.38666666666666666 0.028333333333333332 0.043333333333333335
0 0.5091666666666667 0.3925 0.03166666666666667 0.055
0 0.4075 0.3908333333333333 0.028333333333333332 0.04833333333333333
0 0.42583333333333334 0.38916666666666666 0.03166666666666667 0.055
0 0.5458333333333333 0.39916666666666667 0.035 0.07833333333333334
0 0.4575 0.405 0.025 0.06666666666666667
0 0.4375 0.4125 0.03166666666666667 0.065
0 0.6 0.41083333333333333 0.03666666666666667 0.045
