0 0.6808333333333333 0.5358333333333334 0.03833333333333333 0.04833333333333333
0 0.7808333333333334 0.5358333333333334 0.018333333333333333 0.025
0 0.7408333333333333 0.5325 0.028333333333333332 0.035
0 0.36 0.5325 0.023333333333333334 0.028333333333333332
0 0.725 0.5258333333333334 0.03333333333333333 0.028333333333333332
0 0.28 0.5216666666666666 0.016666666666666666 0.05
0 0.34 0.5166666666666667 0.016666666666666666 0.04666666666666667
0 0.3025 0.5133333333333333 0.015 0.04666666666666667
0 0.25333333333333335 0.5108333333333334 0.02 0.055
0 0.7691666666666667 0.5066666666666667 0.021666666666666667 0.03333333333333333
0 0.7933333333333333 0.5041666666666667 0.02666666666666667 0.045
0 0.7408333333333333 0.5025 0.03166666666666667 0.028333333333333332
0 0.315 0.5008333333333334 0.013333333333333334 0.051666666666666666
0 0.3275 0.4975 0.015 0.04833333333333333
0 0.30583333333333335 0.48333333333333334 0.0016666666666666668 0.006666666666666667
0 0.08583333333333333 0.49333333333333335 0.025 0.04666666666666667
0 0.7908333333333334 0.4891666666666667 0.025 0.045
0 0.7566666666666667 0.48583333333333334 0.03333333333333333 0.028333333333333332
0 0.2758333333333333 0.4891666666666667 0.015 0.06166666666666667
0 0.10166666666666667 0.4725 0.023333333333333334 0.04833333333333333
0 0.3433333333333333 0.4708333333333333 0.013333333333333334 0.058333333333333334
0 0.7225 0.4691666666666667 0.03166666666666667 0.051666666666666666
0 0.30583333333333335 0.4691666666666667 0.018333333333333333 0.04833333333333333
0 0.32166666666666666 0.4666666666666667 0.013333333333333334 0.04
0 0.7783333333333333 0.4716666666666667 0.016666666666666666 0.03333333333333333
0 0.28833333333333333 0.46166666666666667 0.016666666666666666 0.05
0 0.7458333333333333 0.46 0.03166666666666667 0.03666666666666667
0 0.7941666666666667 0.4575 0.021666666666666667 0.045
0 0.2683333333333333 0.45916666666666667 0.02 0.058333333333333334
0 0.8108333333333333 0.44666666666666666 0.018333333333333333 0.05
0 0.14666666666666667 0.4475 0.03 0.045
0 0.3375 0.44333333333333336 0.021666666666666667 0.06666666666666667
0 0.1025 0.43666666666666665 0.03166666666666667 0.03
0 0.12416666666666666 0.4375 0.028333333333333332 0.041666666666666664
0 0.3075 0.43583333333333335 0.015 0.035
0 0.31916666666666665 0.43166666666666664 0.015 0.05
0 0.28833333333333333 0.4275 0.023333333333333334 0.045
0 0.21583333333333332 0.4266666666666667 0.03166666666666667 0.03666666666666667
0 0.30083333333333334 0.4425 0.008333333333333333 0.018333333333333333
0 0.3333333333333333 0.4175 0.03 0.051666666666666666
0 0.15083333333333335 0.4058333333333333 0.025 0.041666666666666664
0 0.16666666666666666 0.4033333333333333 0.013333333333333334 0.05
0 0.8108333333333333 0.4041666666666667 0.028333333333333332 0.041666666666666664
0 0.8008333333333333 0.4 0.03166666666666667 0.03666666666666667
0 0.31666666666666665 0.40166666666666667 0.02 0.03666666666666667
0 0.8308333333333333 0.39416666666666667 0.025 0.041666666666666664
0 0.1775 0.39166666666666666 0.035 0.07
0 0.24416666666666667 0.3858333333333333 0.025 0.055
0 0.22666666666666666 0.385 0.03 0.043333333333333335
0 0.8516666666666667 0.38416666666666666 0.023333333333333334 0.028333333333333332
0 0.30083333333333334 0.3825 0.03166666666666667 0.03833333333333333
0 0.3408333333333333 0.38 0.03166666666666667 0.03666666666666667
0 0.19666666666666666 0.37833333333333335 0.023333333333333334 0.05
0 0.2725 0.37416666666666665 0.035 0.051666666666666666
0 0.1425 0.37416666666666665 0.03166666666666667 0.055
0 0.3258333333333333 0.3725 0.028333333333333332 0.035
0 0.8183333333333334 0.3725 0.03 0.021666666666666667
0 0.29333333333333333 0.36916666666666664 0.023333333333333334 0.03166666666666667
0 0.86 0.3525 0.03333333333333333 0.03833333333333333
0 0.2683333333333333 0.3491666666666667 0.03 0.051666666666666666
0 0.8575 0.3516666666666667 0.03833333333333333 0.03666666666666667
0 0.3433333333333333 0.35 0.03 0.023333333333333334
0 0.8308333333333333 0.3475 0.035 0.035
0 0.18166666666666667 0.3458333333333333 0.03 0.03833333333333333
0 0.24083333333333334 0.3458333333333333 0.03833333333333333 0.035
0 0.2525 0.3425 0.03833333333333333 0.041666666666666664
0 0.8175 0.3383333333333333 0.025 0.02666666666666667
0 0.21166666666666667 0.33 0.02666666666666667 0.04
0 0.1975 0.31833333333333336 0.03166666666666667 0.02666666666666667
0 0.24083333333333334 0.315 0.03833333333333333 0.02666666666666667
0 0.9108333333333334 0.8033333333333333 0.025 0.04666666666666667
0 0.7725 0.8 0.018333333333333333 0.06666666666666667
0 0.8666666666666667 0.9808333333333333 0.043333333333333335 0.03833333333333333
0 0.9116666666666666 0.7558333333333334 0.03333333333333333 0.058333333333333334
0 0.9275 0.7358333333333333 0.035 0.06833333333333333
0 0.63 0.72 0.016666666666666666 0.07333333333333333
0 0.9066666666666666 0.7125 0.02 0.06166666666666667
0 0.8916666666666667 0.6966666666666667 0.02 0.06333333333333334
0 0.6191666666666666 0.7008333333333333 0.021666666666666667 0.051666666666666666
0 0.645 0.6575 0.023333333333333334 0.07166666666666667
0 0.6241666666666666 0.6508333333333334 0.025 0.06166666666666667
0 0.6383333333333333 0.6316666666666667 0.02 0.07333333333333333
0 0.89 0.6291666666666667 0.02 0.075
0 0.6691666666666667 0.6083333333333333 0.025 0.043333333333333335
0 0.31166666666666665 0.5925 0.02666666666666667 0.058333333333333334
0 0.6583333333333333 0.5908333333333333 0.023333333333333334 0.04833333333333333
0 0.6933333333333334 0.5866666666666667 0.02666666666666667 0.03
0 0.7258333333333333 0.5866666666666667 0.025 0.02666666666666667
0 0.2866666666666667 0.5833333333333334 0.016666666666666666 0.03666666666666667
0 0.6825 0.5708333333333333 0.028333333333333332 0.03166666666666667
0 0.7108333333333333 0.5616666666666666 0.028333333333333332 0.03666666666666667
0 0.3125 0.56 0.021666666666666667 0.06333333333333334
0 0.7366666666666667 0.5591666666666667 0.02666666666666667 0.03166666666666667
0 0.3025 0.5566666666666666 0.018333333333333333 0.05333333333333334
0 0.33166666666666667 0.5508333333333333 0.016666666666666666 0.058333333333333334
0 0.7 0.545 0.03 0.03
0 0.7616666666666667 0.5433333333333333 0.023333333333333334 0.06
