0 0.5733333333333334 0.4608333333333333 0.08 0.055
0 0.445 0.5 0.06333333333333334 0.08666666666666667
0 0.6225 0.5966666666666667 0.051666666666666666 0.12666666666666668
0 0.6858333333333333 0.69 0.06833333333333333 0.1
0 0.7366666666666667 0.8491666666666666 0.06 0.125
0 0.6725 0.8541666666666666 0.065 0.08166666666666667
0 0.20166666666666666 0.94 0.08333333333333333 0.05333333333333334
0 0.7633333333333333 0.9791666666666666 0.043333333333333335 0.041666666666666664
0 0.595 0.9891666666666666 0.02 0.021666666666666667
0 0.005833333333333334 0.13 0.011666666666666667 0.043333333333333335
0 0.2708333333333333 0.1925 0.065 0.07166666666666667
0 0.555 0.22 0.043333333333333335 0.12666666666666668
0 0.48583333333333334 0.2891666666666667 0.075 0.058333333333333334
0 0.5416666666666666 0.3625 0.08 0.051666666666666666
0 0.6275 0.38083333333333336 0.058333333333333334 0.11833333333333333
0 0.3458333333333333 0.3858333333333333 0.028333333333333332 0.12166666666666667
0 0.3858333333333333 0.4058333333333333 0.04833333333333333 0.08166666666666667
0 0.41 0.4325 0.06333333333333334 0.06166666666666667
