0 0.5 0.4691666666666667 0.043333333333333335 0.07166666666666667
0 0.28 0.4741666666666667 0.03 0.075
0 0.18916666666666668 0.4658333333333333 0.0016666666666666668 0.005
0 0.20083333333333334 0.4791666666666667 0.021666666666666667 0.08166666666666667
0 0.5733333333333334 0.51 0.016666666666666666 0.08666666666666667
0 0.11 0.5158333333333334 0.03333333333333333 0.045
0 0.0625 0.52 0.021666666666666667 0.06333333333333334
0 0.0925 0.5216666666666666 0.028333333333333332 0.08333333333333333
0 0.0775 0.5358333333333334 0.021666666666666667 0.058333333333333334
0 0.13916666666666666 0.5416666666666666 0.045 0.04
0 0.12583333333333332 0.5591666666666667 0.035 0.045
0 0.63 0.025833333333333333 0.016666666666666666 0.051666666666666666
0 0.08083333333333333 0.6033333333333334 0.028333333333333332 0.07333333333333333
0 0.08083333333333333 0.6116666666666667 0.028333333333333332 0.08666666666666667
0 0.10916666666666666 0.6283333333333333 0.03166666666666667 0.07333333333333333
0 0.13583333333333333 0.6316666666666667 0.028333333333333332 0.07666666666666666
0 0.10583333333333333 0.6608333333333334 0.028333333333333332 0.051666666666666666
0 0.07333333333333333 0.6766666666666666 0.023333333333333334 0.07
0 0.11 0.705 0.02666666666666667 0.05
0 0.09583333333333334 0.7125 0.028333333333333332 0.065
0 0.135 0.7208333333333333 0.03333333333333333 0.075
0 0.5125 0.0325 0.03166666666666667 0.065
0 0.54 0.7325 0.02666666666666667 0.085
0 0.5208333333333334 0.7466666666666667 0.03166666666666667 0.07333333333333333
0 0.07833333333333334 0.7575 0.02666666666666667 0.07833333333333334
0 0.10166666666666667 0.7658333333333334 0.03666666666666667 0.06833333333333333
0 0.49166666666666664 0.7691666666666667 0.043333333333333335 0.06166666666666667
0 0.42 0.7833333333333333 0.03666666666666667 0.06666666666666667
0 0.075 0.7875 0.02666666666666667 0.055
0 0.49083333333333334 0.8 0.03166666666666667 0.043333333333333335
0 0.5066666666666667 0.8083333333333333 0.02666666666666667 0.06333333333333334
0 0.11583333333333333 0.8216666666666667 0.03833333333333333 0.05
0 0.095 0.8416666666666667 0.03666666666666667 0.04
0 0.4766666666666667 0.84 0.03333333333333333 0.04666666666666667
0 0.6016666666666667 0.04 0.02 0.05333333333333334
0 0.10833333333333334 0.8791666666666667 0.03 0.03833333333333333
0 0.5708333333333333 0.04666666666666667 0.021666666666666667 0.06
0 0.11083333333333334 0.9075 0.03166666666666667 0.051666666666666666
0 0.14 0.9141666666666667 0.03666666666666667 0.04833333333333333
0 0.12916666666666668 0.9491666666666667 0.045 0.035
0 0.5825 0.05333333333333334 0.028333333333333332 0.04666666666666667
0 0.115 0.9583333333333334 0.04 0.06666666666666667
0 0.6141666666666666 0.056666666666666664 0.018333333333333333 0.056666666666666664
0 0.5758333333333333 0.9933333333333333 0.025 0.013333333333333334
0 0.6283333333333333 0.07833333333333334 0.02666666666666667 0.07666666666666666
0 0.5858333333333333 0.09166666666666666 0.03166666666666667 0.02666666666666667
0 0.605 0.11833333333333333 0.02 0.06
0 0.5466666666666666 0.125 0.03666666666666667 0.03333333333333333
0 0.575 0.135 0.02 0.06666666666666667
0 0.5208333333333334 0.14833333333333334 0.041666666666666664 0.03
0 0.3591666666666667 0.15166666666666667 0.041666666666666664 0.06
0 0.4875 0.15916666666666668 0.03166666666666667 0.03166666666666667
0 0.4033333333333333 0.18333333333333332 0.03333333333333333 0.08666666666666667
0 0.5916666666666667 0.18666666666666668 0.02 0.043333333333333335
0 0.46166666666666667 0.19083333333333333 0.04 0.035
0 0.2833333333333333 0.205 0.03333333333333333 0.06333333333333334
0 0.31833333333333336 0.2075 0.04666666666666667 0.065
0 0.44 0.21583333333333332 0.04 0.03166666666666667
0 0.575 0.22 0.03 0.02666666666666667
0 0.26416666666666666 0.225 0.03166666666666667 0.07
0 0.24416666666666667 0.23833333333333334 0.021666666666666667 0.04
0 0.27416666666666667 0.25333333333333335 0.03833333333333333 0.05333333333333334
0 0.5483333333333333 0.25666666666666665 0.02666666666666667 0.05
0 0.5683333333333334 0.25666666666666665 0.03 0.056666666666666664
0 0.6491666666666667 0.2825 0.015 0.011666666666666667
0 0.5733333333333334 0.2866666666666667 0.02 0.05333333333333334
0 0.24166666666666667 0.2841666666666667 0.02666666666666667 0.045
0 0.6533333333333333 0.28833333333333333 0.02666666666666667 0.03333333333333333
0 0.2733333333333333 0.2925 0.02666666666666667 0.065
0 0.5408333333333334 0.2966666666666667 0.035 0.04
0 0.245 0.31 0.03333333333333333 0.05333333333333334
0 0.14 0.3125 0.023333333333333334 0.07833333333333334
0 0.10583333333333333 0.31416666666666665 0.035 0.055
0 0.5516666666666666 0.31666666666666665 0.02666666666666667 0.056666666666666664
0 0.25083333333333335 0.31583333333333335 0.025 0.065
0 0.115 0.3258333333333333 0.02666666666666667 0.07166666666666667
0 0.5041666666666667 0.3333333333333333 0.03833333333333333 0.03666666666666667
0 0.2225 0.33416666666666667 0.018333333333333333 0.08166666666666667
0 0.11666666666666667 0.3375 0.02666666666666667 0.085
0 0.5183333333333333 0.3475 0.03 0.055
0 0.08333333333333333 0.37083333333333335 0.02 0.06166666666666667
0 0.0975 0.37666666666666665 0.021666666666666667 0.06
0 0.485 0.375 0.03 0.05
0 0.13083333333333333 0.385 0.021666666666666667 0.07666666666666666
0 0.1475 0.4066666666666667 0.015 0.06333333333333334
0 0.19 0.4216666666666667 0.02 0.07333333333333333
0 0.07333333333333333 0.4275 0.03333333333333333 0.04833333333333333
0 0.10666666666666667 0.4483333333333333 0.02666666666666667 0.07666666666666666
0 0.07416666666666667 0.4558333333333333 0.03166666666666667 0.07833333333333334
