0 0.4475 0.5591666666666667 0.021666666666666667 0.065
0 0.45666666666666667 0.5475 0.016666666666666666 0.03833333333333333
0 0.4875 0.5333333333333333 0.018333333333333333 0.05333333333333334
0 0.47333333333333333 0.535 0.016666666666666666 0.05
0 0.5225 0.5366666666666666 0.015 0.06666666666666667
0 0.49916666666666665 0.515 0.021666666666666667 0.056666666666666664
0 0.45666666666666667 0.5091666666666667 0.02 0.058333333333333334
0 0.4691666666666667 0.4925 0.025 0.04833333333333333
0 0.5041666666666667 0.4841666666666667 0.018333333333333333 0.07166666666666667
0 0.43333333333333335 0.4575 0.016666666666666666 0.07166666666666667
0 0.48583333333333334 0.455 0.021666666666666667 0.06
0 0.4666666666666667 0.43916666666666665 0.02 0.065
0 0.4525 0.4125 0.018333333333333333 0.07833333333333334
0 0.5008333333333334 0.4025 0.03166666666666667 0.075
0 0.4691666666666667 0.39 0.018333333333333333 0.06666666666666667
0 0.5066666666666667 0.37416666666666665 0.02 0.08166666666666667
0 0.4841666666666667 0.37 0.018333333333333333 0.06666666666666667
0 0.52 0.3466666666666667 0.02 0.07333333333333333
0 0.4725 0.335 0.018333333333333333 0.07
0 0.49416666666666664 0.335 0.011666666666666667 0.05333333333333334
0 0.485 0.2808333333333333 0.023333333333333334 0.051666666666666666
0 0.4483333333333333 0.27 0.02 0.08666666666666667
0 0.5066666666666667 0.26416666666666666 0.04 0.04833333333333333
0 0.41583333333333333 0.23833333333333334 0.03833333333333333 0.06
0 0.39166666666666666 0.19083333333333333 0.02666666666666667 0.06833333333333333
0 0.4891666666666667 0.8475 0.021666666666666667 0.075
0 0.5208333333333334 0.8175 0.015 0.075
0 0.5308333333333334 0.7758333333333334 0.011666666666666667 0.051666666666666666
0 0.5083333333333333 0.7716666666666666 0.013333333333333334 0.07
0 0.5208333333333334 0.7258333333333333 0.015 0.065
0 0.5083333333333333 0.705 0.013333333333333334 0.056666666666666664
0 0.5283333333333333 0.705 0.023333333333333334 0.07666666666666666
0 0.5091666666666667 0.6558333333333334 0.021666666666666667 0.055
0 0.5183333333333333 0.625 0.016666666666666666 0.06333333333333334
0 0.455 0.6241666666666666 0.02 0.055
0 0.4425 0.6208333333333333 0.018333333333333333 0.058333333333333334
0 0.4866666666666667 0.6166666666666667 0.013333333333333334 0.07
0 0.5033333333333333 0.5916666666666667 0.016666666666666666 0.06
0 0.5266666666666666 0.6 0.013333333333333334 0.06666666666666667
0 0.4791666666666667 0.5991666666666666 0.018333333333333333 0.08166666666666667
0 0.4775 0.6158333333333333 0.0016666666666666668 0.0016666666666666668
0 0.5116666666666667 0.56 0.016666666666666666 0.05
