0 0.4875 0.005 0.011666666666666667 0.01
0 0.49833333333333335 0.009166666666666667 0.01 0.008333333333333333
0 0.49083333333333334 0.01 0.015 0.01
0 0.4775 0.013333333333333334 0.011666666666666667 0.013333333333333334
0 0.505 0.016666666666666666 0.01 0.01
0 0.5183333333333333 0.018333333333333333 0.01 0.01
0 0.5333333333333333 0.021666666666666667 0.006666666666666667 0.01
0 0.4875 0.021666666666666667 0.008333333333333333 0.01
0 0.495 0.023333333333333334 0.01 0.01
0 0.5041666666666667 0.025 0.005 0.013333333333333334
0 0.5 0.024166666666666666 0.006666666666666667 0.008333333333333333
0 0.48333333333333334 0.025 0.006666666666666667 0.013333333333333334
0 0.5133333333333333 0.028333333333333332 0.006666666666666667 0.02
0 0.5275 0.02666666666666667 0.008333333333333333 0.02
0 0.4725 0.0275 0.011666666666666667 0.021666666666666667
0 0.4891666666666667 0.030833333333333334 0.008333333333333333 0.008333333333333333
0 0.545 0.030833333333333334 0.01 0.011666666666666667
0 0.5208333333333334 0.03 0.008333333333333333 0.016666666666666666
0 0.5366666666666666 0.0325 0.01 0.018333333333333333
0 0.49583333333333335 0.04083333333333333 0.008333333333333333 0.018333333333333333
0 0.48583333333333334 0.03833333333333333 0.005 0.01
0 0.5108333333333334 0.035 0.011666666666666667 0.02
0 0.49333333333333335 0.03833333333333333 0.006666666666666667 0.006666666666666667
0 0.505 0.03916666666666667 0.01 0.021666666666666667
0 0.4766666666666667 0.04 0.013333333333333334 0.016666666666666666
0 0.5475 0.043333333333333335 0.015 0.02
0 0.49333333333333335 0.04666666666666667 0.016666666666666666 0.016666666666666666
0 0.5558333333333333 0.05 0.011666666666666667 0.02
0 0.5866666666666667 0.11583333333333333 0.01 0.018333333333333333
0 0.8741666666666666 0.16916666666666666 0.021666666666666667 0.021666666666666667
0 0.5033333333333333 0.17083333333333334 0.01 0.021666666666666667
0 0.5016666666666667 0.19 0.01 0.023333333333333334
0 0.5041666666666667 0.20416666666666666 0.008333333333333333 0.028333333333333332
0 0.5241666666666667 0.23916666666666667 0.021666666666666667 0.021666666666666667
0 0.585 0.25 0.016666666666666666 0.03333333333333333
