0 0.6375 0.5408333333333334 0.035 0.025
0 0.5466666666666666 0.5425 0.03666666666666667 0.03833333333333333
0 0.7825 0.5375 0.018333333333333333 0.07166666666666667
0 0.5666666666666667 0.5391666666666667 0.03333333333333333 0.041666666666666664
0 0.6075 0.5266666666666666 0.041666666666666664 0.02666666666666667
0 0.8 0.5216666666666666 0.02 0.05
0 0.4766666666666667 0.5225 0.03666666666666667 0.051666666666666666
0 0.5125 0.5233333333333333 0.03833333333333333 0.023333333333333334
0 0.8191666666666667 0.515 0.028333333333333332 0.07666666666666666
0 0.6708333333333333 0.5141666666666667 0.04833333333333333 0.028333333333333332
0 0.44 0.5116666666666667 0.023333333333333334 0.056666666666666664
0 0.52 0.505 0.043333333333333335 0.02666666666666667
0 0.4658333333333333 0.5016666666666667 0.03166666666666667 0.03666666666666667
0 0.6533333333333333 0.49 0.043333333333333335 0.03
0 0.69 0.4825 0.03333333333333333 0.035
0 0.4533333333333333 0.4608333333333333 0.016666666666666666 0.055
0 0.49833333333333335 0.4658333333333333 0.03333333333333333 0.041666666666666664
0 0.4775 0.4633333333333333 0.035 0.05
0 0.5316666666666666 0.4608333333333333 0.03 0.045
0 0.6941666666666667 0.4533333333333333 0.03166666666666667 0.043333333333333335
0 0.5091666666666667 0.42333333333333334 0.025 0.05333333333333334
0 0.4766666666666667 0.42333333333333334 0.023333333333333334 0.06
0 0.7641666666666667 0.4191666666666667 0.018333333333333333 0.041666666666666664
0 0.7066666666666667 0.4041666666666667 0.02666666666666667 0.055
0 0.4691666666666667 0.40166666666666667 0.035 0.056666666666666664
0 0.4975 0.40166666666666667 0.021666666666666667 0.056666666666666664
0 0.7241666666666666 0.38666666666666666 0.021666666666666667 0.08
0 0.6975 0.3858333333333333 0.018333333333333333 0.085
0 0.52 0.3775 0.02666666666666667 0.051666666666666666
0 0.4575 0.37416666666666665 0.035 0.051666666666666666
0 0.505 0.3616666666666667 0.02666666666666667 0.05333333333333334
0 0.475 0.32416666666666666 0.02 0.06166666666666667
0 0.49583333333333335 0.31333333333333335 0.021666666666666667 0.08666666666666667
0 0.4633333333333333 0.2841666666666667 0.02 0.06166666666666667
0 0.48583333333333334 0.2733333333333333 0.018333333333333333 0.06
0 0.44416666666666665 0.2866666666666667 0.018333333333333333 0.08
0 0.4716666666666667 0.25916666666666666 0.016666666666666666 0.06166666666666667
0 0.4583333333333333 0.22416666666666665 0.016666666666666666 0.06166666666666667
0 0.4816666666666667 0.21166666666666667 0.016666666666666666 0.07
0 0.44 0.19583333333333333 0.02 0.06833333333333333
0 0.4666666666666667 0.1825 0.016666666666666666 0.07166666666666667
0 0.9633333333333334 0.04583333333333333 0.04666666666666667 0.03166666666666667
0 0.5333333333333333 0.9083333333333333 0.023333333333333334 0.06666666666666667
0 0.5316666666666666 0.8616666666666667 0.02 0.04
0 0.5125 0.8291666666666667 0.03166666666666667 0.075
0 0.5558333333333333 0.8291666666666667 0.025 0.055
0 0.3883333333333333 0.8166666666666667 0.03 0.03333333333333333
0 0.3575 0.8041666666666667 0.045 0.041666666666666664
0 0.5425 0.805 0.018333333333333333 0.06333333333333334
0 0.43666666666666665 0.7958333333333333 0.023333333333333334 0.025
0 0.38916666666666666 0.7875 0.0016666666666666668 0.0016666666666666668
0 0.5691666666666667 0.785 0.035 0.03333333333333333
0 0.35833333333333334 0.7783333333333333 0.03 0.03
0 0.405 0.7758333333333334 0.043333333333333335 0.055
0 0.4558333333333333 0.7691666666666667 0.035 0.03166666666666667
0 0.3325 0.7733333333333333 0.035 0.03333333333333333
0 0.4708333333333333 0.7783333333333333 0.005 0.006666666666666667
0 0.5758333333333333 0.7516666666666667 0.03833333333333333 0.04666666666666667
0 0.44083333333333335 0.745 0.03833333333333333 0.02666666666666667
0 0.3675 0.7408333333333333 0.028333333333333332 0.041666666666666664
0 0.3975 0.7416666666666667 0.028333333333333332 0.06666666666666667
0 0.5716666666666667 0.7316666666666667 0.03333333333333333 0.05
0 0.4216666666666667 0.7325 0.03333333333333333 0.028333333333333332
0 0.4575 0.7266666666666667 0.03833333333333333 0.03333333333333333
0 0.6091666666666666 0.7225 0.035 0.025
0 0.42916666666666664 0.71 0.03166666666666667 0.02
0 0.5033333333333333 0.7075 0.03666666666666667 0.03166666666666667
0 0.465 0.7058333333333333 0.03666666666666667 0.025
0 0.5416666666666666 0.7041666666666667 0.03666666666666667 0.028333333333333332
0 0.43583333333333335 0.6875 0.03833333333333333 0.028333333333333332
0 0.475 0.6866666666666666 0.03666666666666667 0.03
0 0.5458333333333333 0.6841666666666667 0.03833333333333333 0.035
0 0.5091666666666667 0.6766666666666666 0.041666666666666664 0.03333333333333333
0 0.7433333333333333 0.6733333333333333 0.04 0.05
0 0.435 0.6575 0.04 0.03166666666666667
0 0.47 0.6566666666666666 0.03333333333333333 0.03
0 0.5375 0.6541666666666667 0.045 0.028333333333333332
0 0.7483333333333333 0.6391666666666667 0.03333333333333333 0.07166666666666667
0 0.4083333333333333 0.635 0.02666666666666667 0.06666666666666667
0 0.9883333333333333 0.6366666666666667 0.023333333333333334 0.06666666666666667
0 0.47333333333333333 0.63 0.043333333333333335 0.03333333333333333
0 0.43666666666666665 0.6208333333333333 0.04 0.03833333333333333
0 0.475 0.6058333333333333 0.03666666666666667 0.035
0 0.5083333333333333 0.605 0.03666666666666667 0.02666666666666667
0 0.7725 0.605 0.018333333333333333 0.06333333333333334
0 0.5233333333333333 0.59 0.03666666666666667 0.03666666666666667
0 0.6341666666666667 0.5908333333333333 0.03833333333333333 0.035
0 0.44083333333333335 0.5783333333333334 0.041666666666666664 0.03333333333333333
0 0.485 0.5783333333333334 0.043333333333333335 0.03333333333333333
0 0.7933333333333333 0.575 0.023333333333333334 0.06666666666666667
0 0.41833333333333333 0.5716666666666667 0.03 0.056666666666666664
0 0.5291666666666667 0.5725 0.041666666666666664 0.035
0 0.6141666666666666 0.5583333333333333 0.04833333333333333 0.043333333333333335
0 0.44416666666666665 0.5491666666666667 0.028333333333333332 0.045
0 0.48833333333333334 0.5483333333333333 0.05333333333333334 0.043333333333333335
0 0.5333333333333333 0.5508333333333333 0.03666666666666667 0.03166666666666667
0 0.4691666666666667 0.5475 0.021666666666666667 0.041666666666666664
0 0.675 0.5475 0.03666666666666667 0.035
