0 0.13833333333333334 0.49333333333333335 0.023333333333333334 0.08333333333333333
0 0.6475 0.5033333333333333 0.045 0.03666666666666667
0 0.125 0.5533333333333333 0.023333333333333334 0.06666666666666667
0 0.15583333333333332 0.575 0.03833333333333333 0.043333333333333335
0 0.09833333333333333 0.58 0.03666666666666667 0.05333333333333334
0 0.07583333333333334 0.59 0.028333333333333332 0.04
0 0.8358333333333333 0.5966666666666667 0.041666666666666664 0.04
0 0.043333333333333335 0.6108333333333333 0.043333333333333335 0.03833333333333333
0 0.8566666666666667 0.6133333333333333 0.03666666666666667 0.05333333333333334
0 0.09916666666666667 0.6275 0.028333333333333332 0.058333333333333334
0 0.028333333333333332 0.635 0.03666666666666667 0.05
0 0.08 0.6375 0.03 0.06166666666666667
0 0.075 0.6541666666666667 0.02666666666666667 0.04833333333333333
0 0.043333333333333335 0.6575 0.04 0.045
0 0.7925 0.6583333333333333 0.025 0.08333333333333333
0 0.035833333333333335 0.6975 0.03166666666666667 0.06833333333333333
0 0.065 0.6991666666666667 0.02666666666666667 0.07166666666666667
0 0.7666666666666667 0.7158333333333333 0.03 0.04833333333333333
0 0.42 0.25166666666666665 0.023333333333333334 0.07333333333333333
0 0.37833333333333335 0.265 0.043333333333333335 0.04666666666666667
0 0.3375 0.28583333333333333 0.03833333333333333 0.03833333333333333
0 0.42083333333333334 0.3 0.028333333333333332 0.06666666666666667
0 0.37666666666666665 0.315 0.03 0.06666666666666667
0 0.3958333333333333 0.3175 0.025 0.06166666666666667
0 0.41333333333333333 0.3258333333333333 0.02666666666666667 0.06166666666666667
0 0.72 0.38083333333333336 0.03333333333333333 0.07166666666666667
0 0.4 0.3883333333333333 0.02 0.07
0 0.6908333333333333 0.4041666666666667 0.028333333333333332 0.07833333333333334
0 0.7091666666666666 0.4166666666666667 0.021666666666666667 0.09
0 0.6816666666666666 0.43833333333333335 0.02666666666666667 0.07333333333333333
