0 0.39666666666666667 0.6108333333333333 0.02 0.08166666666666667
0 0.24166666666666667 0.6283333333333333 0.03666666666666667 0.05333333333333334
0 0.46 0.6875 0.01 0.06166666666666667
0 0.4483333333333333 0.69 0.016666666666666666 0.08666666666666667
0 0.8333333333333334 0.7416666666666667 0.04 0.07666666666666666
0 0.32916666666666666 0.11833333333333333 0.021666666666666667 0.07333333333333333
0 0.3433333333333333 0.15083333333333335 0.016666666666666666 0.07166666666666667
0 0.36 0.19583333333333333 0.016666666666666666 0.06833333333333333
0 0.44666666666666666 0.23833333333333334 0.03 0.03333333333333333
0 0.36666666666666664 0.245 0.02666666666666667 0.09
0 0.4791666666666667 0.25 0.041666666666666664 0.05
0 0.4241666666666667 0.265 0.035 0.04666666666666667
0 0.43583333333333335 0.3 0.03833333333333333 0.03666666666666667
0 0.475 0.305 0.03 0.07
0 0.3566666666666667 0.3125 0.016666666666666666 0.055
0 0.43333333333333335 0.3416666666666667 0.023333333333333334 0.07333333333333333
0 0.45166666666666666 0.36 0.03666666666666667 0.06
0 0.43 0.3958333333333333 0.03666666666666667 0.051666666666666666
0 0.5066666666666667 0.4166666666666667 0.02 0.08666666666666667
0 0.4716666666666667 0.43166666666666664 0.03666666666666667 0.06666666666666667
