0 0.165 0.5041666666666667 0.023333333333333334 0.075
0 0.145 0.51 0.02 0.06666666666666667
0 0.49333333333333335 0.5216666666666666 0.04 0.04
0 0.9058333333333334 0.53 0.021666666666666667 0.05333333333333334
0 0.885 0.5333333333333333 0.023333333333333334 0.06666666666666667
0 0.7575 0.05416666666666667 0.021666666666666667 0.06166666666666667
0 0.9625 0.5741666666666667 0.03166666666666667 0.06166666666666667
0 0.94 0.5775 0.03333333333333333 0.051666666666666666
0 0.8875 0.5916666666666667 0.018333333333333333 0.07
0 0.8725 0.5933333333333334 0.018333333333333333 0.06333333333333334
0 0.24833333333333332 0.6141666666666666 0.03333333333333333 0.07166666666666667
0 0.9775 0.6358333333333334 0.025 0.06166666666666667
0 0.8608333333333333 0.6508333333333334 0.028333333333333332 0.07166666666666667
0 0.8733333333333333 0.6616666666666666 0.03666666666666667 0.07
0 0.92 0.6691666666666667 0.03333333333333333 0.07833333333333334
0 0.155 0.7266666666666667 0.043333333333333335 0.03666666666666667
0 0.8716666666666667 0.7316666666666667 0.02666666666666667 0.05
0 0.8466666666666667 0.7441666666666666 0.02666666666666667 0.04833333333333333
0 0.1575 0.765 0.035 0.04
0 0.8225 0.7658333333333334 0.025 0.03833333333333333
0 0.8691666666666666 0.77 0.028333333333333332 0.043333333333333335
0 0.18583333333333332 0.7775 0.041666666666666664 0.035
0 0.8491666666666666 0.7741666666666667 0.028333333333333332 0.055
0 0.8758333333333334 0.7783333333333333 0.03833333333333333 0.05333333333333334
0 0.12166666666666667 0.7866666666666666 0.03 0.06666666666666667
0 0.8241666666666667 0.7908333333333334 0.028333333333333332 0.03166666666666667
0 0.16666666666666666 0.795 0.03333333333333333 0.03
0 0.8141666666666667 0.8166666666666667 0.04833333333333333 0.043333333333333335
0 0.8491666666666666 0.8233333333333334 0.035 0.043333333333333335
0 0.14416666666666667 0.8283333333333334 0.03166666666666667 0.05
0 0.16333333333333333 0.8325 0.03666666666666667 0.03833333333333333
0 0.8258333333333333 0.8533333333333334 0.041666666666666664 0.04
0 0.11916666666666667 0.8625 0.015 0.041666666666666664
0 0.14416666666666667 0.8725 0.021666666666666667 0.051666666666666666
0 0.12583333333333332 0.8941666666666667 0.021666666666666667 0.075
0 0.145 0.9 0.023333333333333334 0.043333333333333335
0 0.17166666666666666 0.925 0.03333333333333333 0.05333333333333334
0 0.2791666666666667 0.9433333333333334 0.028333333333333332 0.06333333333333334
0 0.14583333333333334 0.9516666666666667 0.021666666666666667 0.06666666666666667
0 0.13 0.9708333333333333 0.023333333333333334 0.058333333333333334
0 0.7591666666666667 0.09583333333333334 0.028333333333333332 0.08166666666666667
0 0.26666666666666666 0.9766666666666667 0.03333333333333333 0.04666666666666667
0 0.2941666666666667 0.9816666666666667 0.03166666666666667 0.03666666666666667
0 0.20666666666666667 0.9758333333333333 0.023333333333333334 0.04833333333333333
0 0.25333333333333335 0.9816666666666667 0.023333333333333334 0.03666666666666667
0 0.155 0.9825 0.02666666666666667 0.035
0 0.8091666666666667 0.2375 0.021666666666666667 0.04833333333333333
0 0.8291666666666667 0.275 0.018333333333333333 0.08
0 0.795 0.2783333333333333 0.016666666666666666 0.05
0 0.8208333333333333 0.3175 0.028333333333333332 0.051666666666666666
0 0.8058333333333333 0.3308333333333333 0.025 0.03166666666666667
0 0.8383333333333334 0.3491666666666667 0.023333333333333334 0.07833333333333334
0 0.7616666666666667 0.36333333333333334 0.023333333333333334 0.07333333333333333
0 0.18083333333333335 0.38416666666666666 0.018333333333333333 0.058333333333333334
0 0.19333333333333333 0.3933333333333333 0.04 0.04
0 0.8483333333333334 0.4225 0.023333333333333334 0.09166666666666666
0 0.3333333333333333 0.42833333333333334 0.043333333333333335 0.03666666666666667
0 0.155 0.4425 0.023333333333333334 0.06166666666666667
0 0.1625 0.46416666666666667 0.005 0.005
0 0.17333333333333334 0.45166666666666666 0.03333333333333333 0.04
0 0.9091666666666667 0.4666666666666667 0.025 0.07333333333333333
0 0.93 0.4816666666666667 0.023333333333333334 0.07333333333333333
0 0.18916666666666668 0.49083333333333334 0.03833333333333333 0.03833333333333333
