0 0.3333333333333333 0.5441666666666667 0.03666666666666667 0.03166666666666667
0 0.755 0.5308333333333334 0.02 0.06166666666666667
0 0.2525 0.52 0.035 0.03666666666666667
0 0.14916666666666667 0.5208333333333334 0.018333333333333333 0.051666666666666666
0 0.2816666666666667 0.505 0.016666666666666666 0.07333333333333333
0 0.22166666666666668 0.49583333333333335 0.03333333333333333 0.03166666666666667
0 0.1825 0.49583333333333335 0.03833333333333333 0.03833333333333333
0 0.8808333333333334 0.9608333333333333 0.025 0.07833333333333334
0 0.3075 0.495 0.035 0.06
0 0.7691666666666667 0.4925 0.018333333333333333 0.051666666666666666
0 0.23416666666666666 0.4841666666666667 0.03166666666666667 0.03833333333333333
0 0.2683333333333333 0.48083333333333333 0.03333333333333333 0.03833333333333333
0 0.205 0.48 0.02666666666666667 0.04
0 0.16083333333333333 0.4725 0.028333333333333332 0.058333333333333334
0 0.2925 0.4708333333333333 0.018333333333333333 0.06166666666666667
0 0.25 0.4691666666666667 0.03333333333333333 0.028333333333333332
0 0.18833333333333332 0.4608333333333333 0.03333333333333333 0.03166666666666667
0 0.2275 0.45166666666666666 0.03166666666666667 0.02666666666666667
0 0.09833333333333333 0.4375 0.03333333333333333 0.04833333333333333
0 0.2075 0.43833333333333335 0.03166666666666667 0.03
0 0.1525 0.44166666666666665 0.015 0.07
0 0.18416666666666667 0.43416666666666665 0.03166666666666667 0.03166666666666667
0 0.77 0.4266666666666667 0.016666666666666666 0.06
0 0.2725 0.42 0.025 0.06333333333333334
0 0.17583333333333334 0.4191666666666667 0.035 0.028333333333333332
0 0.25 0.415 0.02666666666666667 0.04
0 0.7491666666666666 0.4116666666666667 0.03166666666666667 0.056666666666666664
0 0.22166666666666668 0.4075 0.03333333333333333 0.03166666666666667
0 0.13333333333333333 0.4025 0.03333333333333333 0.041666666666666664
0 0.20166666666666666 0.3983333333333333 0.02 0.03
0 0.17 0.3975 0.04 0.03166666666666667
0 0.11583333333333333 0.38083333333333336 0.035 0.045
0 0.075 0.38416666666666666 0.03 0.06166666666666667
0 0.0925 0.38083333333333336 0.028333333333333332 0.03833333333333333
0 0.15 0.375 0.03333333333333333 0.03
0 0.2608333333333333 0.36666666666666664 0.025 0.05333333333333334
0 0.2791666666666667 0.36583333333333334 0.03166666666666667 0.051666666666666666
0 0.0875 0.355 0.03166666666666667 0.03
0 0.1425 0.35333333333333333 0.03166666666666667 0.02666666666666667
0 0.11833333333333333 0.345 0.03333333333333333 0.03
0 0.18083333333333335 0.31916666666666665 0.055 0.03833333333333333
0 0.14 0.32 0.03666666666666667 0.03333333333333333
0 0.86 0.9533333333333334 0.013333333333333334 0.05
0 0.8466666666666667 0.945 0.016666666666666666 0.06
0 0.55 0.019166666666666665 0.023333333333333334 0.03833333333333333
0 0.875 0.9133333333333333 0.02 0.06
0 0.8808333333333334 0.9033333333333333 0.025 0.07
0 0.8916666666666667 0.9125 0.0033333333333333335 0.018333333333333333
0 0.8508333333333333 0.8808333333333334 0.028333333333333332 0.06833333333333333
0 0.8508333333333333 0.8783333333333333 0.028333333333333332 0.07
0 0.825 0.8358333333333333 0.02666666666666667 0.058333333333333334
0 0.8416666666666667 0.8116666666666666 0.023333333333333334 0.05333333333333334
0 0.8516666666666667 0.985 0.02 0.03
0 0.8625 0.9833333333333333 0.028333333333333332 0.03333333333333333
0 0.8166666666666667 0.6958333333333333 0.02 0.075
0 0.3525 0.6108333333333333 0.03166666666666667 0.07166666666666667
0 0.2966666666666667 0.5633333333333334 0.03 0.07
0 0.31333333333333335 0.555 0.04 0.056666666666666664
