0 0.645 0.5383333333333333 0.016666666666666666 0.06
0 0.47333333333333333 0.5408333333333334 0.02 0.045
0 0.44166666666666665 0.535 0.02 0.056666666666666664
0 0.635 0.5016666666666667 0.013333333333333334 0.05333333333333334
0 0.6591666666666667 0.49916666666666665 0.015 0.06833333333333333
0 0.4658333333333333 0.49833333333333335 0.028333333333333332 0.06666666666666667
0 0.4716666666666667 0.5 0.016666666666666666 0.056666666666666664
0 0.44666666666666666 0.49333333333333335 0.02666666666666667 0.04666666666666667
0 0.6233333333333333 0.4891666666666667 0.016666666666666666 0.07833333333333334
0 0.51 0.4825 0.016666666666666666 0.058333333333333334
0 0.5225 0.47333333333333333 0.011666666666666667 0.056666666666666664
0 0.49833333333333335 0.4708333333333333 0.016666666666666666 0.055
0 0.4841666666666667 0.46166666666666667 0.015 0.06333333333333334
0 0.615 0.46 0.016666666666666666 0.06
0 0.5775 0.4533333333333333 0.018333333333333333 0.056666666666666664
0 0.6308333333333334 0.4533333333333333 0.025 0.05
0 0.4533333333333333 0.44083333333333335 0.02666666666666667 0.045
0 0.5308333333333334 0.44 0.015 0.07333333333333333
0 0.495 0.4375 0.016666666666666666 0.051666666666666666
0 0.46416666666666667 0.435 0.018333333333333333 0.04666666666666667
0 0.5191666666666667 0.42333333333333334 0.015 0.056666666666666664
0 0.5608333333333333 0.42083333333333334 0.018333333333333333 0.06166666666666667
0 0.6283333333333333 0.4083333333333333 0.023333333333333334 0.056666666666666664
0 0.48 0.41 0.016666666666666666 0.05333333333333334
0 0.5075 0.4091666666666667 0.018333333333333333 0.065
0 0.505 0.4091666666666667 0.02 0.06166666666666667
0 0.5716666666666667 0.39916666666666667 0.03 0.055
0 0.6116666666666667 0.39 0.013333333333333334 0.07333333333333333
0 0.4925 0.385 0.015 0.05333333333333334
0 0.45916666666666667 0.39 0.018333333333333333 0.05
0 0.4766666666666667 0.37916666666666665 0.023333333333333334 0.045
0 0.5991666666666666 0.3641666666666667 0.021666666666666667 0.055
0 0.5758333333333333 0.36083333333333334 0.025 0.06166666666666667
0 0.5175 0.3625 0.015 0.06166666666666667
0 0.5475 0.3575 0.015 0.07166666666666667
0 0.5583333333333333 0.3541666666666667 0.016666666666666666 0.06833333333333333
0 0.5808333333333333 0.35 0.025 0.05333333333333334
0 0.5058333333333334 0.3491666666666667 0.015 0.055
0 0.4866666666666667 0.3458333333333333 0.016666666666666666 0.041666666666666664
0 0.5358333333333334 0.33166666666666667 0.015 0.07333333333333333
0 0.5241666666666667 0.3275 0.018333333333333333 0.06833333333333333
0 0.4716666666666667 0.3275 0.016666666666666666 0.07166666666666667
0 0.46 0.325 0.013333333333333334 0.06
0 0.48833333333333334 0.32083333333333336 0.02666666666666667 0.051666666666666666
0 0.5041666666666667 0.2975 0.028333333333333332 0.058333333333333334
0 0.48 0.2866666666666667 0.03666666666666667 0.02666666666666667
0 0.49666666666666665 0.25916666666666666 0.023333333333333334 0.03833333333333333
0 0.12916666666666668 0.20083333333333334 0.021666666666666667 0.055
0 0.14416666666666667 0.16166666666666665 0.021666666666666667 0.056666666666666664
0 0.1275 0.14916666666666667 0.018333333333333333 0.055
0 0.14916666666666667 0.11416666666666667 0.021666666666666667 0.055
0 0.11166666666666666 0.10333333333333333 0.023333333333333334 0.05
0 0.13166666666666665 0.09833333333333333 0.02 0.056666666666666664
0 0.09583333333333334 0.08416666666666667 0.018333333333333333 0.03833333333333333
0 0.0775 0.06 0.021666666666666667 0.043333333333333335
0 0.11333333333333333 0.0575 0.02 0.051666666666666666
0 0.125 0.050833333333333335 0.03666666666666667 0.055
0 0.0975 0.04833333333333333 0.021666666666666667 0.05
0 0.07666666666666666 0.03 0.023333333333333334 0.05
0 0.12 0.019166666666666665 0.03666666666666667 0.03833333333333333
0 0.095 0.013333333333333334 0.023333333333333334 0.02666666666666667
0 0.665 0.6708333333333333 0.023333333333333334 0.055
0 0.6558333333333334 0.6075 0.021666666666666667 0.075
0 0.66 0.575 0.02 0.056666666666666664
0 0.6758333333333333 0.5691666666666667 0.025 0.07166666666666667
0 0.6358333333333334 0.5625 0.015 0.065
