0 0.6325 0.5075 0.018333333333333333 0.028333333333333332
0 0.5766666666666667 0.5325 0.023333333333333334 0.021666666666666667
0 0.6058333333333333 0.5425 0.015 0.025
0 0.5891666666666666 0.5491666666666667 0.025 0.021666666666666667
0 0.43083333333333335 0.5691666666666667 0.021666666666666667 0.045
0 0.9191666666666667 0.6141666666666666 0.025 0.03166666666666667
0 0.8183333333333334 0.6325 0.016666666666666666 0.041666666666666664
0 0.8258333333333333 0.6525 0.018333333333333333 0.055
0 0.825 0.6608333333333334 0.02 0.041666666666666664
0 0.8708333333333333 0.6658333333333334 0.011666666666666667 0.028333333333333332
0 0.7008333333333333 0.69 0.021666666666666667 0.04666666666666667
0 0.71 0.695 0.02 0.03
0 0.68 0.7058333333333333 0.023333333333333334 0.03166666666666667
0 0.8566666666666667 0.715 0.03333333333333333 0.04
0 0.655 0.7191666666666666 0.02666666666666667 0.041666666666666664
0 0.6391666666666667 0.7266666666666667 0.021666666666666667 0.04666666666666667
0 0.665 0.7291666666666666 0.03 0.03166666666666667
0 0.7075 0.7433333333333333 0.025 0.04
0 0.6108333333333333 0.7575 0.025 0.04833333333333333
0 0.6816666666666666 0.7575 0.03 0.03833333333333333
0 0.7625 0.8708333333333333 0.03166666666666667 0.03833333333333333
0 0.73 0.8758333333333334 0.03 0.035
0 0.5316666666666666 0.9341666666666667 0.03333333333333333 0.055
0 0.5458333333333333 0.9925 0.028333333333333332 0.015
0 0.37166666666666665 0.16416666666666666 0.006666666666666667 0.008333333333333333
0 0.3858333333333333 0.16333333333333333 0.005 0.006666666666666667
0 0.37333333333333335 0.165 0.006666666666666667 0.01
0 0.4225 0.16416666666666666 0.011666666666666667 0.011666666666666667
0 0.4041666666666667 0.1675 0.008333333333333333 0.011666666666666667
0 0.365 0.16833333333333333 0.006666666666666667 0.013333333333333334
0 0.5375 0.17 0.008333333333333333 0.016666666666666666
0 0.3825 0.17 0.011666666666666667 0.016666666666666666
0 0.375 0.17083333333333334 0.006666666666666667 0.011666666666666667
0 0.3958333333333333 0.17 0.011666666666666667 0.016666666666666666
0 0.52 0.175 0.013333333333333334 0.016666666666666666
0 0.3541666666666667 0.18166666666666667 0.011666666666666667 0.013333333333333334
0 0.5108333333333334 0.18416666666666667 0.015 0.021666666666666667
0 0.5266666666666666 0.18333333333333332 0.01 0.013333333333333334
0 0.5341666666666667 0.18333333333333332 0.011666666666666667 0.02
0 0.3516666666666667 0.18333333333333332 0.016666666666666666 0.016666666666666666
0 0.3575 0.185 0.008333333333333333 0.013333333333333334
0 0.48333333333333334 0.20083333333333334 0.006666666666666667 0.015
0 0.3566666666666667 0.20416666666666666 0.013333333333333334 0.018333333333333333
0 0.3933333333333333 0.2783333333333333 0.006666666666666667 0.01
0 0.39 0.28583333333333333 0.01 0.011666666666666667
0 0.4008333333333333 0.28583333333333333 0.015 0.021666666666666667
0 0.3875 0.29083333333333333 0.015 0.018333333333333333
0 0.5175 0.38916666666666666 0.018333333333333333 0.011666666666666667
0 0.53 0.3908333333333333 0.01 0.021666666666666667
0 0.5116666666666667 0.4008333333333333 0.023333333333333334 0.021666666666666667
0 0.5066666666666667 0.4033333333333333 0.02 0.016666666666666666
0 0.485 0.4091666666666667 0.02 0.021666666666666667
0 0.6266666666666667 0.41583333333333333 0.02 0.021666666666666667
0 0.6066666666666667 0.41833333333333333 0.016666666666666666 0.02
0 0.5866666666666667 0.4191666666666667 0.02 0.018333333333333333
0 0.58 0.4241666666666667 0.016666666666666666 0.011666666666666667
0 0.5716666666666667 0.4275 0.016666666666666666 0.008333333333333333
0 0.7366666666666667 0.42916666666666664 0.01 0.025
0 0.6025 0.43 0.021666666666666667 0.02666666666666667
0 0.5866666666666667 0.435 0.013333333333333334 0.02
0 0.5725 0.43916666666666665 0.021666666666666667 0.021666666666666667
0 0.11666666666666667 0.44333333333333336 0.016666666666666666 0.023333333333333334
0 0.6141666666666666 0.44916666666666666 0.011666666666666667 0.028333333333333332
0 0.1875 0.45166666666666666 0.015 0.02666666666666667
0 0.17 0.4525 0.013333333333333334 0.025
0 0.15416666666666667 0.47 0.018333333333333333 0.03
0 0.17416666666666666 0.47833333333333333 0.018333333333333333 0.03333333333333333
0 0.6475 0.48083333333333333 0.018333333333333333 0.03166666666666667
0 0.17333333333333334 0.48083333333333333 0.016666666666666666 0.028333333333333332
