0 0.8266666666666667 0.48583333333333334 0.03 0.065
0 0.8 0.48833333333333334 0.043333333333333335 0.05333333333333334
0 0.5575 0.49916666666666665 0.045 0.03166666666666667
0 0.27166666666666667 0.5091666666666667 0.03 0.06166666666666667
0 0.2991666666666667 0.5133333333333333 0.025 0.056666666666666664
0 0.25 0.5141666666666667 0.04 0.06833333333333333
0 0.3233333333333333 0.5316666666666666 0.02666666666666667 0.05333333333333334
0 0.7891666666666667 0.5408333333333334 0.03166666666666667 0.045
0 0.395 0.5383333333333333 0.03333333333333333 0.07
0 0.2991666666666667 0.5333333333333333 0.025 0.09333333333333334
0 0.32666666666666666 0.5675 0.03333333333333333 0.045
0 0.7825 0.5741666666666667 0.035 0.041666666666666664
0 0.8066666666666666 0.5666666666666667 0.02 0.07666666666666666
0 0.27666666666666667 0.5825 0.023333333333333334 0.07833333333333334
0 0.29833333333333334 0.5791666666666667 0.023333333333333334 0.075
0 0.31416666666666665 0.6075 0.021666666666666667 0.06166666666666667
0 0.34 0.6108333333333333 0.03333333333333333 0.045
0 0.2916666666666667 0.6075 0.023333333333333334 0.08833333333333333
0 0.435 0.6208333333333333 0.023333333333333334 0.095
0 0.30083333333333334 0.6183333333333333 0.021666666666666667 0.06666666666666667
0 0.33 0.6433333333333333 0.02 0.06666666666666667
0 0.31583333333333335 0.6575 0.018333333333333333 0.051666666666666666
0 0.2975 0.665 0.021666666666666667 0.07333333333333333
0 0.445 0.6691666666666667 0.02 0.065
0 0.7541666666666667 0.6758333333333333 0.03833333333333333 0.06833333333333333
0 0.435 0.7058333333333333 0.02 0.07166666666666667
0 0.2891666666666667 0.7141666666666666 0.021666666666666667 0.07166666666666667
0 0.26 0.7258333333333333 0.023333333333333334 0.055
0 0.525 0.7291666666666666 0.03 0.075
0 0.2783333333333333 0.7916666666666666 0.023333333333333334 0.08666666666666667
0 0.295 0.8441666666666666 0.03333333333333333 0.085
0 0.29 0.8891666666666667 0.02666666666666667 0.075
0 0.7966666666666666 0.9358333333333333 0.02 0.095
0 0.285 0.9416666666666667 0.02 0.06333333333333334
0 0.7775 0.9525 0.025 0.095
0 0.7458333333333333 0.9716666666666667 0.045 0.056666666666666664
0 0.7058333333333333 0.9825 0.045 0.035
0 0.7775 0.9691666666666666 0.025 0.06166666666666667
0 0.7441666666666666 0.9866666666666667 0.03833333333333333 0.02666666666666667
0 0.8683333333333333 0.13583333333333333 0.02 0.07166666666666667
0 0.8141666666666667 0.1775 0.03166666666666667 0.055
0 0.8391666666666666 0.18583333333333332 0.03166666666666667 0.055
0 0.8625 0.20083333333333334 0.021666666666666667 0.07833333333333334
0 0.8208333333333333 0.1975 0.025 0.08166666666666667
0 0.8375 0.21583333333333332 0.015 0.04833333333333333
0 0.7733333333333333 0.22833333333333333 0.023333333333333334 0.07
0 0.825 0.24833333333333332 0.02666666666666667 0.05333333333333334
0 0.7433333333333333 0.2575 0.04 0.058333333333333334
0 0.2375 0.2808333333333333 0.035 0.045
0 0.645 0.28 0.03333333333333333 0.03333333333333333
0 0.8558333333333333 0.2925 0.018333333333333333 0.06166666666666667
0 0.8391666666666666 0.29333333333333333 0.021666666666666667 0.07
0 0.6941666666666667 0.2941666666666667 0.04833333333333333 0.041666666666666664
0 0.7991666666666667 0.3016666666666667 0.021666666666666667 0.08
0 0.6283333333333333 0.30416666666666664 0.04666666666666667 0.04833333333333333
0 0.2783333333333333 0.30666666666666664 0.02666666666666667 0.06666666666666667
0 0.23416666666666666 0.31833333333333336 0.03166666666666667 0.03666666666666667
0 0.8158333333333333 0.3233333333333333 0.028333333333333332 0.06666666666666667
0 0.25333333333333335 0.33916666666666667 0.03333333333333333 0.075
0 0.7716666666666666 0.3516666666666667 0.02666666666666667 0.05333333333333334
0 0.2758333333333333 0.35333333333333333 0.025 0.07
0 0.6066666666666667 0.3625 0.03 0.065
0 0.25666666666666665 0.3675 0.02 0.058333333333333334
0 0.8458333333333333 0.36333333333333334 0.025 0.07
0 0.7891666666666667 0.3675 0.028333333333333332 0.051666666666666666
0 0.6283333333333333 0.37083333333333335 0.02666666666666667 0.075
0 0.7458333333333333 0.37083333333333335 0.041666666666666664 0.065
0 0.2675 0.4033333333333333 0.018333333333333333 0.06333333333333334
0 0.7258333333333333 0.4175 0.03833333333333333 0.03166666666666667
0 0.2475 0.42 0.018333333333333333 0.07
0 0.31 0.41583333333333333 0.03333333333333333 0.03166666666666667
0 0.7683333333333333 0.41833333333333333 0.04 0.03333333333333333
0 0.28583333333333333 0.4225 0.025 0.065
0 0.8341666666666666 0.42583333333333334 0.03166666666666667 0.058333333333333334
0 0.6083333333333333 0.4266666666666667 0.03666666666666667 0.04
0 0.7241666666666666 0.43916666666666665 0.045 0.045
0 0.26916666666666667 0.4475 0.028333333333333332 0.04833333333333333
0 0.2425 0.4575 0.025 0.075
0 0.5725 0.4625 0.041666666666666664 0.041666666666666664
0 0.30083333333333334 0.475 0.03166666666666667 0.04666666666666667
0 0.2708333333333333 0.4791666666666667 0.028333333333333332 0.045
