0 0.6941666666666667 0.45 0.055 0.09666666666666666
0 0.86 0.9383333333333334 0.07333333333333333 0.06333333333333334
0 0.2975 0.305 0.065 0.05333333333333334
0 0.7425 0.9333333333333333 0.058333333333333334 0.09666666666666666
0 0.26916666666666667 0.2325 0.065 0.07833333333333334
0 0.3858333333333333 0.19333333333333333 0.03833333333333333 0.13
0 0.32166666666666666 0.1675 0.07333333333333333 0.058333333333333334
0 0.3458333333333333 0.09083333333333334 0.065 0.085
0 0.3016666666666667 0.08083333333333333 0.05333333333333334 0.10833333333333334
0 0.3675 0.04583333333333333 0.065 0.09166666666666666
0 0.6366666666666667 0.8933333333333333 0.06666666666666667 0.05
0 0.5875 0.8233333333333334 0.058333333333333334 0.07666666666666666
0 0.6608333333333334 0.8066666666666666 0.06833333333333333 0.05333333333333334
0 0.5666666666666667 0.7541666666666667 0.06666666666666667 0.06833333333333333
0 0.3491666666666667 0.6625 0.028333333333333332 0.11166666666666666
0 0.7116666666666667 0.5858333333333333 0.07 0.051666666666666666
0 0.9483333333333334 0.5725 0.056666666666666664 0.095
