0 0.5533333333333333 0.5441666666666667 0.03666666666666667 0.03166666666666667
0 0.5641666666666667 0.48833333333333334 0.018333333333333333 0.06666666666666667
0 0.5108333333333334 0.15416666666666667 0.025 0.085
0 0.5041666666666667 0.09666666666666666 0.011666666666666667 0.03666666666666667
0 0.25583333333333336 0.7508333333333334 0.021666666666666667 0.058333333333333334
0 0.2825 0.7433333333333333 0.03166666666666667 0.05
0 0.5166666666666667 0.7308333333333333 0.02 0.06833333333333333
0 0.4975 0.7208333333333333 0.025 0.035
0 0.32083333333333336 0.7166666666666667 0.035 0.03333333333333333
0 0.26416666666666666 0.7075 0.035 0.035
0 0.525 0.7 0.02 0.05333333333333334
0 0.3 0.7041666666666667 0.03 0.03166666666666667
0 0.5558333333333333 0.6858333333333333 0.018333333333333333 0.065
0 0.5466666666666666 0.6825 0.02 0.07166666666666667
0 0.4625 0.68 0.035 0.05
0 0.315 0.6775 0.03333333333333333 0.025
0 0.5008333333333334 0.6741666666666667 0.035 0.03833333333333333
0 0.5258333333333334 0.6691666666666667 0.028333333333333332 0.058333333333333334
0 0.42083333333333334 0.6441666666666667 0.028333333333333332 0.058333333333333334
0 0.49916666666666665 0.6425 0.03166666666666667 0.035
0 0.4708333333333333 0.6416666666666667 0.041666666666666664 0.03333333333333333
0 0.535 0.6275 0.023333333333333334 0.06166666666666667
0 0.5158333333333334 0.62 0.028333333333333332 0.04666666666666667
0 0.5466666666666666 0.6175 0.02666666666666667 0.06166666666666667
