0 0.5783333333333334 0.53 0.03333333333333333 0.05
0 0.8216666666666667 0.5283333333333333 0.02666666666666667 0.04666666666666667
0 0.8566666666666667 0.5275 0.013333333333333334 0.04833333333333333
0 0.5583333333333333 0.525 0.02 0.02
0 0.8416666666666667 0.5191666666666667 0.023333333333333334 0.041666666666666664
0 0.8133333333333334 0.505 0.023333333333333334 0.016666666666666666
0 0.845 0.5033333333333333 0.016666666666666666 0.02666666666666667
0 0.5466666666666666 0.4891666666666667 0.02666666666666667 0.03166666666666667
0 0.825 0.48833333333333334 0.02666666666666667 0.03
0 0.8683333333333333 0.48833333333333334 0.023333333333333334 0.05333333333333334
0 0.5683333333333334 0.48333333333333334 0.03333333333333333 0.05
0 0.825 0.4666666666666667 0.03333333333333333 0.04
0 0.5925 0.45916666666666667 0.018333333333333333 0.065
0 0.8458333333333333 0.46 0.028333333333333332 0.04666666666666667
0 0.8816666666666667 0.4525 0.02 0.07166666666666667
0 0.845 0.42333333333333334 0.016666666666666666 0.04
0 0.8616666666666667 0.4216666666666667 0.02 0.056666666666666664
0 0.8708333333333333 0.38 0.018333333333333333 0.056666666666666664
0 0.85 0.365 0.02666666666666667 0.056666666666666664
0 0.7591666666666667 0.33416666666666667 0.028333333333333332 0.065
0 0.8441666666666666 0.32166666666666666 0.028333333333333332 0.04
0 0.5508333333333333 0.30416666666666664 0.035 0.041666666666666664
0 0.195 0.2891666666666667 0.03 0.025
0 0.2783333333333333 0.29083333333333333 0.02666666666666667 0.035
0 0.08583333333333333 0.27166666666666667 0.025 0.07666666666666666
0 0.0275 0.25916666666666666 0.021666666666666667 0.065
0 0.58 0.2575 0.03333333333333333 0.041666666666666664
0 0.5483333333333333 0.26 0.03 0.05333333333333334
0 0.20166666666666666 0.2575 0.02666666666666667 0.045
0 0.18583333333333332 0.255 0.03833333333333333 0.05333333333333334
0 0.565 0.255 0.02666666666666667 0.043333333333333335
0 0.5316666666666666 0.25666666666666665 0.03666666666666667 0.05333333333333334
0 0.22416666666666665 0.23083333333333333 0.028333333333333332 0.07166666666666667
0 0.18 0.22833333333333333 0.023333333333333334 0.043333333333333335
0 0.5916666666666667 0.21416666666666667 0.03 0.04833333333333333
0 0.20916666666666667 0.21333333333333335 0.035 0.04
0 0.1975 0.2 0.03166666666666667 0.023333333333333334
0 0.020833333333333332 0.195 0.021666666666666667 0.07
0 0.21583333333333332 0.18333333333333332 0.04833333333333333 0.02666666666666667
0 0.07916666666666666 0.1725 0.03833333333333333 0.04833333333333333
0 0.1875 0.17416666666666666 0.035 0.03166666666666667
0 0.22333333333333333 0.15916666666666668 0.05 0.03166666666666667
0 0.18416666666666667 0.15583333333333332 0.028333333333333332 0.018333333333333333
0 0.20583333333333334 0.1325 0.028333333333333332 0.025
0 0.055 0.11916666666666667 0.02666666666666667 0.058333333333333334
0 0.019166666666666665 0.12583333333333332 0.021666666666666667 0.06833333333333333
0 0.7675 0.08666666666666667 0.03166666666666667 0.06
0 0.8216666666666667 0.08583333333333333 0.02 0.065
0 0.7733333333333333 0.04416666666666667 0.023333333333333334 0.055
0 0.795 0.025833333333333333 0.02666666666666667 0.04833333333333333
0 0.8241666666666667 0.0175 0.025 0.035
0 0.8733333333333333 0.8708333333333333 0.03666666666666667 0.041666666666666664
0 0.8808333333333334 0.825 0.025 0.06
0 0.8641666666666666 0.7991666666666667 0.025 0.058333333333333334
0 0.8825 0.7758333333333334 0.021666666666666667 0.058333333333333334
0 0.6616666666666666 0.7575 0.02 0.07833333333333334
0 0.19 0.7516666666666667 0.03333333333333333 0.056666666666666664
0 0.8558333333333333 0.7316666666666667 0.025 0.06333333333333334
0 0.875 0.7341666666666666 0.02 0.04833333333333333
0 0.20166666666666666 0.705 0.03333333333333333 0.03666666666666667
0 0.8708333333333333 0.6858333333333333 0.015 0.051666666666666666
0 0.8566666666666667 0.675 0.02 0.056666666666666664
0 0.8416666666666667 0.6475 0.016666666666666666 0.058333333333333334
0 0.16333333333333333 0.6383333333333333 0.03333333333333333 0.06333333333333334
0 0.8775 0.61 0.035 0.07
0 0.8683333333333333 0.6108333333333333 0.02 0.07166666666666667
0 0.85 0.61 0.02 0.06
0 0.8333333333333334 0.5975 0.02 0.06166666666666667
0 0.8466666666666667 0.5658333333333333 0.016666666666666666 0.045
0 0.8183333333333334 0.5733333333333334 0.02 0.056666666666666664
0 0.8025 0.5616666666666666 0.021666666666666667 0.06666666666666667
0 0.5766666666666667 0.5525 0.03666666666666667 0.035
0 0.84 0.5516666666666666 0.023333333333333334 0.02666666666666667
0 0.8625 0.5325 0.025 0.058333333333333334
