0 0.6516666666666666 0.5533333333333333 0.016666666666666666 0.06
0 0.9333333333333333 0.5516666666666666 0.023333333333333334 0.07333333333333333
0 0.635 0.5241666666666667 0.023333333333333334 0.058333333333333334
0 0.6491666666666667 0.5191666666666667 0.018333333333333333 0.045
0 0.6675 0.51 0.018333333333333333 0.06333333333333334
0 0.9308333333333333 0.49833333333333335 0.035 0.07333333333333333
0 0.24 0.4925 0.013333333333333334 0.045
0 0.22333333333333333 0.47583333333333333 0.02666666666666667 0.041666666666666664
0 0.6608333333333334 0.47333333333333333 0.018333333333333333 0.05
0 0.24916666666666668 0.48083333333333333 0.03166666666666667 0.06833333333333333
0 0.27 0.4725 0.02666666666666667 0.051666666666666666
0 0.6441666666666667 0.47 0.025 0.056666666666666664
0 0.6616666666666666 0.44583333333333336 0.016666666666666666 0.058333333333333334
0 0.21833333333333332 0.44333333333333336 0.02 0.05333333333333334
0 0.6725 0.43833333333333335 0.011666666666666667 0.04
0 0.24833333333333332 0.43583333333333335 0.03 0.065
0 0.295 0.42916666666666664 0.02666666666666667 0.055
0 0.28 0.42333333333333334 0.03666666666666667 0.06
0 0.23916666666666667 0.41583333333333333 0.028333333333333332 0.07166666666666667
0 0.19583333333333333 0.405 0.035 0.06333333333333334
0 0.31583333333333335 0.4041666666666667 0.021666666666666667 0.06833333333333333
0 0.21833333333333332 0.40166666666666667 0.03 0.056666666666666664
0 0.6541666666666667 0.3983333333333333 0.018333333333333333 0.08
0 0.6625 0.3641666666666667 0.0016666666666666668 0.005
0 0.23666666666666666 0.38666666666666666 0.02 0.056666666666666664
0 0.015833333333333335 0.38166666666666665 0.03166666666666667 0.04666666666666667
0 0.2758333333333333 0.38 0.018333333333333333 0.05333333333333334
0 0.03916666666666667 0.37666666666666665 0.028333333333333332 0.05
0 0.31666666666666665 0.35833333333333334 0.03 0.06
0 0.6716666666666666 0.36833333333333335 0.023333333333333334 0.09
0 0.29 0.355 0.02 0.056666666666666664
0 0.09916666666666667 0.3408333333333333 0.0016666666666666668 0.0016666666666666668
0 0.805 0.3516666666666667 0.03333333333333333 0.04
0 0.0625 0.3433333333333333 0.03166666666666667 0.03666666666666667
0 0.0375 0.3416666666666667 0.025 0.04666666666666667
0 0.25583333333333336 0.35333333333333333 0.0016666666666666668 0.0033333333333333335
0 0.2658333333333333 0.33916666666666667 0.025 0.06833333333333333
0 0.23666666666666666 0.33916666666666667 0.02 0.06833333333333333
0 0.31166666666666665 0.32666666666666666 0.02 0.06333333333333334
0 0.09166666666666666 0.3308333333333333 0.04 0.08166666666666667
0 0.0675 0.3175 0.045 0.028333333333333332
0 0.2833333333333333 0.32083333333333336 0.013333333333333334 0.06166666666666667
0 0.25666666666666665 0.30916666666666665 0.023333333333333334 0.06166666666666667
0 0.30666666666666664 0.3016666666666667 0.03333333333333333 0.07
0 0.041666666666666664 0.2975 0.03 0.045
0 0.82 0.29833333333333334 0.03 0.06333333333333334
0 0.23166666666666666 0.30583333333333335 0.02666666666666667 0.055
0 0.17916666666666667 0.2866666666666667 0.041666666666666664 0.05
0 0.15583333333333332 0.28583333333333333 0.03166666666666667 0.03166666666666667
0 0.09583333333333334 0.2841666666666667 0.03166666666666667 0.041666666666666664
0 0.2791666666666667 0.2791666666666667 0.018333333333333333 0.058333333333333334
0 0.12083333333333333 0.2783333333333333 0.028333333333333332 0.056666666666666664
0 0.2525 0.2675 0.028333333333333332 0.06833333333333333
0 0.9316666666666666 0.9883333333333333 0.056666666666666664 0.023333333333333334
0 0.060833333333333336 0.25833333333333336 0.045 0.04
0 0.2966666666666667 0.25833333333333336 0.023333333333333334 0.07
0 0.825 0.25166666666666665 0.02 0.07333333333333333
0 0.2725 0.245 0.021666666666666667 0.04666666666666667
0 0.21416666666666667 0.24416666666666667 0.028333333333333332 0.035
0 0.19083333333333333 0.2475 0.03833333333333333 0.041666666666666664
0 0.1675 0.24416666666666667 0.035 0.04833333333333333
0 0.8466666666666667 0.2375 0.023333333333333334 0.04833333333333333
0 0.11416666666666667 0.2425 0.03166666666666667 0.04833333333333333
0 0.15916666666666668 0.22833333333333333 0.035 0.04666666666666667
0 0.145 0.22666666666666666 0.03333333333333333 0.056666666666666664
0 0.2966666666666667 0.22 0.02666666666666667 0.05333333333333334
0 0.205 0.21333333333333335 0.043333333333333335 0.03
0 0.135 0.2025 0.03333333333333333 0.06166666666666667
0 0.19333333333333333 0.19666666666666666 0.04666666666666667 0.03333333333333333
0 0.85 0.19083333333333333 0.03 0.075
0 0.30333333333333334 0.1825 0.03333333333333333 0.03166666666666667
0 0.9658333333333333 0.9675 0.03833333333333333 0.03833333333333333
0 0.9583333333333334 0.9475 0.05333333333333334 0.075
0 0.9158333333333334 0.8641666666666666 0.051666666666666666 0.035
0 0.6741666666666667 0.8108333333333333 0.035 0.06166666666666667
0 0.6583333333333333 0.7958333333333333 0.03333333333333333 0.075
0 0.6441666666666667 0.7816666666666666 0.018333333333333333 0.06666666666666667
0 0.6058333333333333 0.7516666666666667 0.018333333333333333 0.05333333333333334
0 0.635 0.745 0.023333333333333334 0.07
0 0.6525 0.7241666666666666 0.025 0.06166666666666667
0 0.6216666666666667 0.7125 0.016666666666666666 0.065
0 0.6108333333333333 0.6933333333333334 0.021666666666666667 0.07
0 0.655 0.695 0.02 0.056666666666666664
0 0.6716666666666666 0.6875 0.023333333333333334 0.051666666666666666
0 0.7991666666666667 0.6633333333333333 0.021666666666666667 0.07
0 0.9675 0.6625 0.045 0.058333333333333334
0 0.6383333333333333 0.6691666666666667 0.02 0.06833333333333333
0 0.675 0.6433333333333333 0.02666666666666667 0.04666666666666667
0 0.6241666666666666 0.6325 0.018333333333333333 0.08166666666666667
0 0.6558333333333334 0.6316666666666667 0.018333333333333333 0.06333333333333334
0 0.5991666666666666 0.63 0.025 0.07333333333333333
0 0.9658333333333333 0.625 0.041666666666666664 0.06333333333333334
0 0.9883333333333333 0.625 0.023333333333333334 0.06
0 0.6433333333333333 0.595 0.02 0.08
0 0.9625 0.5825 0.035 0.055
0 0.6625 0.5791666666666667 0.018333333333333333 0.07833333333333334
