0 0.33 0.5325 0.016666666666666666 0.065
0 0.3408333333333333 0.5225 0.025 0.051666666666666666
0 0.295 0.5225 0.016666666666666666 0.051666666666666666
0 0.31583333333333335 0.5033333333333333 0.015 0.056666666666666664
0 0.35083333333333333 0.495 0.021666666666666667 0.056666666666666664
0 0.5316666666666666 0.49416666666666664 0.03 0.06166666666666667
0 0.3025 0.48583333333333334 0.015 0.058333333333333334
0 0.2758333333333333 0.47 0.018333333333333333 0.05333333333333334
0 0.5108333333333334 0.47583333333333333 0.025 0.058333333333333334
0 0.2916666666666667 0.46166666666666667 0.016666666666666666 0.056666666666666664
0 0.3491666666666667 0.46 0.025 0.04666666666666667
0 0.33166666666666667 0.4633333333333333 0.016666666666666666 0.06666666666666667
0 0.32083333333333336 0.46166666666666667 0.015 0.05
0 0.30833333333333335 0.45166666666666666 0.016666666666666666 0.056666666666666664
0 0.25833333333333336 0.44333333333333336 0.02 0.056666666666666664
0 0.4891666666666667 0.4508333333333333 0.021666666666666667 0.051666666666666666
0 0.3525 0.43416666666666665 0.028333333333333332 0.041666666666666664
0 0.525 0.4275 0.03 0.04833333333333333
0 0.2733333333333333 0.4266666666666667 0.03 0.05
0 0.5033333333333333 0.425 0.02666666666666667 0.043333333333333335
0 0.24166666666666667 0.4241666666666667 0.02666666666666667 0.058333333333333334
0 0.2891666666666667 0.4216666666666667 0.025 0.03
0 0.39666666666666667 0.42083333333333334 0.02666666666666667 0.041666666666666664
0 0.32416666666666666 0.41 0.03166666666666667 0.05333333333333334
0 0.4658333333333333 0.4066666666666667 0.028333333333333332 0.05333333333333334
0 0.30666666666666664 0.4083333333333333 0.02666666666666667 0.05333333333333334
0 0.35 0.4075 0.03333333333333333 0.03833333333333333
0 0.47833333333333333 0.4025 0.03 0.04833333333333333
0 0.375 0.4075 0.02666666666666667 0.055
0 0.45 0.39916666666666667 0.03 0.075
0 0.2825 0.3958333333333333 0.03166666666666667 0.035
0 0.43083333333333335 0.38916666666666666 0.025 0.058333333333333334
0 0.495 0.38666666666666666 0.03666666666666667 0.05
0 0.2633333333333333 0.3858333333333333 0.03333333333333333 0.055
0 0.38916666666666666 0.3858333333333333 0.035 0.041666666666666664
0 0.35083333333333333 0.36833333333333335 0.021666666666666667 0.06666666666666667
0 0.31583333333333335 0.3625 0.035 0.055
0 0.44916666666666666 0.3591666666666667 0.03166666666666667 0.03833333333333333
0 0.3283333333333333 0.35333333333333333 0.03 0.06
0 0.3775 0.3516666666666667 0.035 0.03666666666666667
0 0.35583333333333333 0.34833333333333333 0.028333333333333332 0.06333333333333334
0 0.2783333333333333 0.33416666666666667 0.03333333333333333 0.028333333333333332
0 0.3883333333333333 0.33166666666666667 0.02666666666666667 0.05333333333333334
0 0.42083333333333334 0.33166666666666667 0.025 0.07
0 0.4008333333333333 0.32916666666666666 0.035 0.04833333333333333
0 0.44416666666666665 0.33 0.03166666666666667 0.03
0 0.7641666666666667 0.9083333333333333 0.0016666666666666668 0.006666666666666667
0 0.7691666666666667 0.8825 0.021666666666666667 0.06833333333333333
0 0.30083333333333334 0.635 0.018333333333333333 0.07
0 0.2925 0.5966666666666667 0.018333333333333333 0.08
0 0.32083333333333336 0.5875 0.015 0.058333333333333334
0 0.33666666666666667 0.5758333333333333 0.016666666666666666 0.051666666666666666
0 0.30833333333333335 0.56 0.016666666666666666 0.06333333333333334
0 0.2841666666666667 0.5408333333333334 0.015 0.06833333333333333
