0 0.5816666666666667 0.9675 0.04666666666666667 0.065
0 0.009166666666666667 0.3675 0.018333333333333333 0.028333333333333332
0 0.005 0.14333333333333334 0.01 0.04666666666666667
0 0.020833333333333332 0.0875 0.041666666666666664 0.08833333333333333
0 0.034166666666666665 0.041666666666666664 0.065 0.056666666666666664
0 0.43666666666666665 0.9041666666666667 0.056666666666666664 0.09166666666666666
0 0.395 0.8333333333333334 0.06 0.08
0 0.9333333333333333 0.8341666666666666 0.07666666666666666 0.055
0 0.050833333333333335 0.7683333333333333 0.06166666666666667 0.07
0 0.3283333333333333 0.7558333333333334 0.06333333333333334 0.085
0 0.10666666666666667 0.6508333333333334 0.06666666666666667 0.085
0 0.056666666666666664 0.6258333333333334 0.04666666666666667 0.09833333333333333
0 0.0225 0.6041666666666666 0.045 0.08166666666666667
