0 0.385 0.5208333333333334 0.043333333333333335 0.055
0 0.4425 0.5141666666666667 0.021666666666666667 0.06166666666666667
0 0.4691666666666667 0.5166666666666667 0.03166666666666667 0.05
0 0.5616666666666666 0.5133333333333333 0.03666666666666667 0.06333333333333334
0 0.3516666666666667 0.5008333333333334 0.03333333333333333 0.058333333333333334
0 0.42333333333333334 0.4975 0.023333333333333334 0.065
0 0.4066666666666667 0.4975 0.03 0.07166666666666667
0 0.5175 0.485 0.045 0.04
0 0.37833333333333335 0.48 0.03333333333333333 0.05
0 0.4875 0.47833333333333333 0.035 0.056666666666666664
0 0.5658333333333333 0.48083333333333333 0.045 0.055
0 0.43583333333333335 0.4675 0.03833333333333333 0.055
0 0.45416666666666666 0.45666666666666667 0.03166666666666667 0.05333333333333334
0 0.5508333333333333 0.4508333333333333 0.03833333333333333 0.06833333333333333
0 0.5025 0.43583333333333335 0.035 0.06833333333333333
0 0.48 0.42833333333333334 0.03333333333333333 0.06333333333333334
0 0.45916666666666667 0.43 0.021666666666666667 0.04666666666666667
0 0.5333333333333333 0.42833333333333334 0.043333333333333335 0.043333333333333335
0 0.5058333333333334 0.38083333333333336 0.04833333333333333 0.035
0 0.47333333333333333 0.6233333333333333 0.03666666666666667 0.06666666666666667
0 0.5183333333333333 0.6033333333333334 0.043333333333333335 0.06
0 0.41333333333333333 0.5908333333333333 0.05 0.03166666666666667
0 0.4975 0.585 0.041666666666666664 0.03333333333333333
0 0.3641666666666667 0.5741666666666667 0.045 0.045
0 0.4525 0.5658333333333333 0.041666666666666664 0.045
0 0.43 0.5658333333333333 0.043333333333333335 0.04833333333333333
0 0.5383333333333333 0.5616666666666666 0.05333333333333334 0.03666666666666667
0 0.39416666666666667 0.555 0.03833333333333333 0.043333333333333335
0 0.36916666666666664 0.5525 0.035 0.04833333333333333
0 0.47333333333333333 0.5483333333333333 0.04666666666666667 0.04
0 0.3425 0.5358333333333334 0.021666666666666667 0.03166666666666667
0 0.4925 0.5258333333333334 0.03833333333333333 0.06833333333333333
0 0.5316666666666666 0.5225 0.04 0.045
