0 0.4083333333333333 0.56 0.03 0.03
0 0.395 0.5441666666666667 0.03666666666666667 0.03833333333333333
0 0.3975 0.5441666666666667 0.03166666666666667 0.03833333333333333
0 0.37833333333333335 0.5391666666666667 0.03333333333333333 0.03166666666666667
0 0.395 0.5225 0.03333333333333333 0.021666666666666667
0 0.3975 0.5025 0.025 0.025
0 0.42 0.4975 0.02666666666666667 0.03166666666666667
0 0.38333333333333336 0.49666666666666665 0.03333333333333333 0.03333333333333333
0 0.38916666666666666 0.4666666666666667 0.028333333333333332 0.043333333333333335
0 0.43166666666666664 0.4666666666666667 0.04 0.03
0 0.41833333333333333 0.4475 0.03 0.035
0 0.4708333333333333 0.4325 0.035 0.028333333333333332
0 0.43083333333333335 0.42583333333333334 0.028333333333333332 0.025
0 0.46 0.4175 0.03 0.028333333333333332
0 0.495 0.4083333333333333 0.03333333333333333 0.023333333333333334
0 0.43666666666666665 0.4033333333333333 0.03666666666666667 0.03333333333333333
0 0.4716666666666667 0.3975 0.03 0.025
0 0.5041666666666667 0.3858333333333333 0.028333333333333332 0.025
0 0.44 0.37833333333333335 0.03 0.04
0 0.48083333333333333 0.37333333333333335 0.035 0.02666666666666667
0 0.46416666666666667 0.35583333333333333 0.035 0.028333333333333332
0 0.42583333333333334 0.7916666666666666 0.035 0.03
0 0.3983333333333333 0.7891666666666667 0.03333333333333333 0.025
0 0.4141666666666667 0.7675 0.028333333333333332 0.028333333333333332
0 0.3825 0.7616666666666667 0.03833333333333333 0.03333333333333333
0 0.4533333333333333 0.7608333333333334 0.03333333333333333 0.028333333333333332
0 0.3575 0.7591666666666667 0.018333333333333333 0.06833333333333333
0 0.42583333333333334 0.7583333333333333 0.028333333333333332 0.03
0 0.4266666666666667 0.7416666666666667 0.03 0.023333333333333334
0 0.39666666666666667 0.7383333333333333 0.02666666666666667 0.02666666666666667
0 0.34 0.7325 0.016666666666666666 0.051666666666666666
0 0.46 0.7266666666666667 0.02666666666666667 0.03333333333333333
0 0.44083333333333335 0.725 0.028333333333333332 0.043333333333333335
0 0.37833333333333335 0.7233333333333334 0.02666666666666667 0.03666666666666667
0 0.41833333333333333 0.7175 0.023333333333333334 0.028333333333333332
0 0.39916666666666667 0.7116666666666667 0.025 0.04
0 0.4325 0.7 0.025 0.03333333333333333
0 0.47 0.6975 0.02 0.025
0 0.45166666666666666 0.6975 0.03 0.03166666666666667
0 0.3616666666666667 0.6933333333333334 0.023333333333333334 0.06666666666666667
0 0.4083333333333333 0.6891666666666667 0.02666666666666667 0.035
0 0.3825 0.6883333333333334 0.025 0.023333333333333334
0 0.4525 0.675 0.028333333333333332 0.02666666666666667
0 0.3516666666666667 0.6741666666666667 0.02 0.06833333333333333
0 0.41833333333333333 0.6725 0.023333333333333334 0.025
0 0.3933333333333333 0.6641666666666667 0.03 0.025
0 0.42583333333333334 0.6616666666666666 0.03166666666666667 0.03333333333333333
0 0.4483333333333333 0.6491666666666667 0.03 0.025
0 0.37416666666666665 0.6433333333333333 0.028333333333333332 0.03666666666666667
0 0.4041666666666667 0.6391666666666667 0.028333333333333332 0.028333333333333332
0 0.43416666666666665 0.6341666666666667 0.028333333333333332 0.028333333333333332
0 0.4225 0.6141666666666666 0.03166666666666667 0.03166666666666667
0 0.3858333333333333 0.5891666666666666 0.03833333333333333 0.025
0 0.41583333333333333 0.5883333333333334 0.03166666666666667 0.04666666666666667
0 0.37166666666666665 0.5741666666666667 0.03666666666666667 0.025
