0 0.6116666666666667 0.4575 0.023333333333333334 0.075
0 0.6741666666666667 0.45916666666666667 0.028333333333333332 0.07833333333333334
0 0.4066666666666667 0.46 0.023333333333333334 0.04666666666666667
0 0.5716666666666667 0.4683333333333333 0.04666666666666667 0.03333333333333333
0 0.5891666666666666 0.4666666666666667 0.035 0.056666666666666664
0 0.53 0.4891666666666667 0.03333333333333333 0.051666666666666666
0 0.55 0.49833333333333335 0.03333333333333333 0.03333333333333333
0 0.6416666666666667 0.49416666666666664 0.03 0.075
0 0.6258333333333334 0.5066666666666667 0.03166666666666667 0.06666666666666667
0 0.6008333333333333 0.5116666666666667 0.035 0.056666666666666664
0 0.2941666666666667 0.5133333333333333 0.025 0.08333333333333333
0 0.5791666666666667 0.515 0.03833333333333333 0.04666666666666667
0 0.5508333333333333 0.5233333333333333 0.03166666666666667 0.04666666666666667
0 0.6625 0.5225 0.03166666666666667 0.065
0 0.525 0.53 0.03333333333333333 0.03333333333333333
0 0.7108333333333333 0.5283333333333333 0.03833333333333333 0.03666666666666667
0 0.6883333333333334 0.5333333333333333 0.04 0.056666666666666664
0 0.655 0.5383333333333333 0.04666666666666667 0.09333333333333334
0 0.2658333333333333 0.5408333333333334 0.03166666666666667 0.04833333333333333
0 0.25916666666666666 0.5908333333333333 0.0016666666666666668 0.0016666666666666668
0 0.6491666666666667 0.5666666666666667 0.035 0.03666666666666667
0 0.28583333333333333 0.5733333333333334 0.021666666666666667 0.07
0 0.24833333333333332 0.575 0.02666666666666667 0.06666666666666667
0 0.26916666666666667 0.5825 0.021666666666666667 0.058333333333333334
0 0.2325 0.6158333333333333 0.018333333333333333 0.08166666666666667
0 0.2675 0.6241666666666666 0.021666666666666667 0.04833333333333333
0 0.2125 0.6316666666666667 0.028333333333333332 0.08
0 0.24666666666666667 0.6441666666666667 0.02 0.07833333333333334
0 0.23166666666666666 0.6766666666666666 0.02666666666666667 0.06
0 0.21 0.6941666666666667 0.016666666666666666 0.051666666666666666
0 0.21833333333333332 0.7116666666666667 0.023333333333333334 0.06
0 0.87 0.7466666666666667 0.03666666666666667 0.043333333333333335
0 0.8308333333333333 0.7725 0.03166666666666667 0.055
0 0.5041666666666667 0.21666666666666667 0.021666666666666667 0.08
0 0.4875 0.25916666666666666 0.021666666666666667 0.06166666666666667
0 0.4666666666666667 0.29 0.023333333333333334 0.06333333333333334
