0 0.4083333333333333 0.5825 0.03666666666666667 0.051666666666666666
0 0.6816666666666666 0.5775 0.023333333333333334 0.058333333333333334
0 0.6933333333333334 0.5466666666666666 0.02666666666666667 0.07
0 0.7233333333333334 0.5383333333333333 0.03666666666666667 0.043333333333333335
0 0.6691666666666667 0.5191666666666667 0.025 0.058333333333333334
0 0.5666666666666667 0.46166666666666667 0.03 0.07
0 0.034166666666666665 0.415 0.028333333333333332 0.043333333333333335
0 0.4058333333333333 0.3591666666666667 0.041666666666666664 0.035
0 0.4 0.32916666666666666 0.03 0.03833333333333333
0 0.38416666666666666 0.3225 0.03166666666666667 0.045
0 0.43333333333333335 0.3175 0.04 0.045
0 0.44916666666666666 0.275 0.045 0.04
0 0.5883333333333334 0.16333333333333333 0.03333333333333333 0.05
0 0.625 0.1575 0.03 0.04833333333333333
0 0.6041666666666666 0.11833333333333333 0.03166666666666667 0.043333333333333335
0 0.605 0.09083333333333334 0.03 0.028333333333333332
0 0.61 0.021666666666666667 0.023333333333333334 0.043333333333333335
0 0.4558333333333333 0.9308333333333333 0.021666666666666667 0.085
0 0.7425 0.8841666666666667 0.025 0.06833333333333333
0 0.72 0.8766666666666667 0.03 0.07333333333333333
0 0.6883333333333334 0.8625 0.03333333333333333 0.065
0 0.7183333333333334 0.8583333333333333 0.03 0.07333333333333333
0 0.7508333333333334 0.8283333333333334 0.018333333333333333 0.043333333333333335
0 0.6516666666666666 0.8008333333333333 0.02 0.07166666666666667
0 0.7016666666666667 0.8 0.023333333333333334 0.07666666666666666
0 0.6691666666666667 0.785 0.021666666666666667 0.06666666666666667
0 0.6833333333333333 0.7716666666666666 0.016666666666666666 0.07666666666666666
0 0.7 0.75 0.023333333333333334 0.07
0 0.7483333333333333 0.7475 0.02666666666666667 0.08833333333333333
0 0.37 0.7341666666666666 0.04 0.035
0 0.6558333333333334 0.735 0.035 0.043333333333333335
0 0.6341666666666667 0.72 0.03166666666666667 0.04
0 0.6825 0.7191666666666666 0.028333333333333332 0.058333333333333334
0 0.3775 0.7008333333333333 0.041666666666666664 0.058333333333333334
0 0.6991666666666667 0.6975 0.015 0.045
0 0.6725 0.6966666666666667 0.03166666666666667 0.03333333333333333
0 0.7175 0.6891666666666667 0.025 0.055
0 0.6591666666666667 0.6858333333333333 0.035 0.041666666666666664
0 0.66 0.6541666666666667 0.03666666666666667 0.04833333333333333
0 0.3491666666666667 0.6575 0.025 0.058333333333333334
0 0.7341666666666666 0.6575 0.025 0.085
0 0.6958333333333333 0.6575 0.035 0.04833333333333333
0 0.365 0.6408333333333334 0.03 0.07166666666666667
0 0.6625 0.6325 0.03166666666666667 0.028333333333333332
0 0.7016666666666667 0.6033333333333334 0.02 0.06
0 0.6758333333333333 0.6016666666666667 0.028333333333333332 0.043333333333333335
0 0.6491666666666667 0.6058333333333333 0.03166666666666667 0.025
