0 0.0525 0.61 0.07166666666666667 0.10666666666666667
0 0.7775 0.625 0.028333333333333332 0.10666666666666667
0 0.9158333333333334 0.8033333333333333 0.03833333333333333 0.1
0 0.8533333333333334 0.075 0.03 0.09333333333333334
0 0.38916666666666666 0.08333333333333333 0.03166666666666667 0.08666666666666667
0 0.9808333333333333 0.9641666666666666 0.03833333333333333 0.07166666666666667
0 0.24916666666666668 0.1425 0.028333333333333332 0.105
0 0.2833333333333333 0.13666666666666666 0.03 0.12
0 0.5741666666666667 0.1525 0.035 0.12833333333333333
0 0.22 0.1625 0.03 0.11833333333333333
0 0.30333333333333334 0.24833333333333332 0.04 0.13666666666666666
0 0.525 0.31083333333333335 0.02666666666666667 0.135
0 0.7766666666666666 0.32666666666666666 0.02666666666666667 0.12
0 0.3233333333333333 0.36833333333333335 0.03666666666666667 0.11333333333333333
0 0.024166666666666666 0.4841666666666667 0.04833333333333333 0.105
0 0.27 0.03916666666666667 0.06333333333333334 0.07833333333333334
0 0.0425 0.4975 0.051666666666666666 0.11833333333333333
