0 0.6208333333333333 0.5366666666666666 0.028333333333333332 0.043333333333333335
0 0.4141666666666667 0.535 0.021666666666666667 0.04666666666666667
0 0.6583333333333333 0.5325 0.03 0.055
0 0.43416666666666665 0.5233333333333333 0.021666666666666667 0.05333333333333334
0 0.4775 0.5158333333333334 0.03833333333333333 0.028333333333333332
0 0.4525 0.5141666666666667 0.03166666666666667 0.058333333333333334
0 0.6391666666666667 0.5183333333333333 0.025 0.043333333333333335
0 0.6875 0.5166666666666667 0.025 0.04
0 0.6216666666666667 0.5116666666666667 0.02666666666666667 0.04
0 0.5766666666666667 0.5025 0.016666666666666666 0.04833333333333333
0 0.5908333333333333 0.5008333333333334 0.025 0.045
0 0.49 0.49666666666666665 0.03666666666666667 0.03
0 0.5466666666666666 0.49583333333333335 0.03 0.04833333333333333
0 0.665 0.4891666666666667 0.02 0.055
0 0.6833333333333333 0.4816666666666667 0.02666666666666667 0.043333333333333335
0 0.6141666666666666 0.4891666666666667 0.011666666666666667 0.011666666666666667
0 0.5975 0.4725 0.021666666666666667 0.051666666666666666
0 0.6066666666666667 0.47333333333333333 0.03 0.04666666666666667
0 0.5575 0.4766666666666667 0.025 0.06
0 0.5883333333333334 0.47 0.023333333333333334 0.05333333333333334
0 0.695 0.4633333333333333 0.02 0.043333333333333335
0 0.47333333333333333 0.4525 0.03 0.045
0 0.64 0.4558333333333333 0.03333333333333333 0.051666666666666666
0 0.52 0.4483333333333333 0.02 0.06666666666666667
0 0.6225 0.44916666666666666 0.03166666666666667 0.045
0 0.6583333333333333 0.4475 0.03 0.03833333333333333
0 0.5666666666666667 0.44583333333333336 0.02666666666666667 0.06166666666666667
0 0.43166666666666664 0.4375 0.03 0.028333333333333332
0 0.6725 0.44166666666666665 0.028333333333333332 0.04
0 0.415 0.43916666666666665 0.02666666666666667 0.045
0 0.4925 0.43916666666666665 0.021666666666666667 0.055
0 0.72 0.44 0.02666666666666667 0.03
0 0.5516666666666666 0.4325 0.02 0.06166666666666667
0 0.5233333333333333 0.435 0.03 0.04666666666666667
0 0.475 0.42833333333333334 0.023333333333333334 0.02666666666666667
0 0.6883333333333334 0.43083333333333335 0.03666666666666667 0.04833333333333333
0 0.5983333333333334 0.43083333333333335 0.023333333333333334 0.04833333333333333
0 0.6366666666666667 0.4216666666666667 0.03666666666666667 0.023333333333333334
0 0.5008333333333334 0.42583333333333334 0.021666666666666667 0.051666666666666666
0 0.45416666666666666 0.41 0.03833333333333333 0.03333333333333333
0 0.5341666666666667 0.4116666666666667 0.021666666666666667 0.023333333333333334
0 0.5741666666666667 0.41 0.03166666666666667 0.056666666666666664
0 0.6233333333333333 0.4083333333333333 0.02666666666666667 0.023333333333333334
0 0.7075 0.4083333333333333 0.018333333333333333 0.05333333333333334
0 0.7283333333333334 0.3983333333333333 0.03 0.03333333333333333
0 0.475 0.3925 0.03333333333333333 0.025
0 0.5075 0.39416666666666667 0.03166666666666667 0.035
0 0.5958333333333333 0.39416666666666667 0.03166666666666667 0.051666666666666666
0 0.6275 0.39 0.03833333333333333 0.02666666666666667
0 0.6983333333333334 0.94 0.043333333333333335 0.04
0 0.5408333333333334 0.38333333333333336 0.035 0.04
0 0.6491666666666667 0.38333333333333336 0.028333333333333332 0.02666666666666667
0 0.7475 0.38 0.035 0.02666666666666667
0 0.5683333333333334 0.38166666666666665 0.03666666666666667 0.03333333333333333
0 0.6716666666666666 0.38 0.02666666666666667 0.02666666666666667
0 0.695 0.375 0.03 0.02666666666666667
0 0.5191666666666667 0.37166666666666665 0.015 0.05
0 0.7141666666666666 0.36666666666666664 0.028333333333333332 0.04
0 0.6116666666666667 0.36 0.04 0.03666666666666667
0 0.4766666666666667 0.35833333333333334 0.03 0.043333333333333335
0 0.4891666666666667 0.35833333333333334 0.035 0.04
0 0.6366666666666667 0.3575 0.03333333333333333 0.03166666666666667
0 0.6625 0.355 0.03166666666666667 0.02666666666666667
0 0.5008333333333334 0.3433333333333333 0.03166666666666667 0.03666666666666667
0 0.5966666666666667 0.3333333333333333 0.03666666666666667 0.03
0 0.685 0.32666666666666666 0.04 0.04
0 0.7541666666666667 0.325 0.03833333333333333 0.023333333333333334
0 0.8241666666666667 0.8966666666666666 0.018333333333333333 0.04666666666666667
0 0.8033333333333333 0.985 0.043333333333333335 0.03
0 0.5366666666666666 0.7933333333333333 0.03333333333333333 0.02666666666666667
0 0.49333333333333335 0.7841666666666667 0.03666666666666667 0.028333333333333332
0 0.5766666666666667 0.7758333333333334 0.03333333333333333 0.03166666666666667
0 0.54 0.7708333333333334 0.03333333333333333 0.035
0 0.6 0.7691666666666667 0.03 0.021666666666666667
0 0.5 0.7625 0.023333333333333334 0.018333333333333333
0 0.6225 0.7566666666666667 0.035 0.03
0 0.5816666666666667 0.7491666666666666 0.03666666666666667 0.028333333333333332
0 0.5541666666666667 0.7341666666666666 0.03166666666666667 0.041666666666666664
0 0.7791666666666667 0.975 0.028333333333333332 0.03666666666666667
0 0.5433333333333333 0.705 0.02666666666666667 0.06
0 0.32166666666666666 0.6966666666666667 0.023333333333333334 0.07333333333333333
0 0.76 0.9691666666666666 0.043333333333333335 0.045
0 0.34 0.6725 0.023333333333333334 0.058333333333333334
0 0.3575 0.6491666666666667 0.021666666666666667 0.06166666666666667
0 0.38083333333333336 0.6091666666666666 0.021666666666666667 0.03166666666666667
0 0.4025 0.5991666666666666 0.025 0.045
0 0.4275 0.5708333333333333 0.028333333333333332 0.04833333333333333
0 0.39416666666666667 0.5708333333333333 0.018333333333333333 0.058333333333333334
0 0.4116666666666667 0.5633333333333334 0.02666666666666667 0.04
0 0.5575 0.5566666666666666 0.03166666666666667 0.056666666666666664
0 0.5858333333333333 0.5558333333333333 0.021666666666666667 0.058333333333333334
0 0.6666666666666666 0.955 0.043333333333333335 0.03666666666666667
0 0.5691666666666667 0.5508333333333333 0.03166666666666667 0.06166666666666667
0 0.6025 0.5516666666666666 0.035 0.056666666666666664
0 0.6908333333333333 0.5466666666666666 0.03166666666666667 0.05333333333333334
