0 0.3875 0.46416666666666667 0.015 0.051666666666666666
0 0.42083333333333334 0.48833333333333334 0.015 0.06333333333333334
0 0.3975 0.49583333333333335 0.015 0.055
0 0.4116666666666667 0.49583333333333335 0.013333333333333334 0.065
0 0.3975 0.04416666666666667 0.03166666666666667 0.03833333333333333
0 0.38416666666666666 0.49916666666666665 0.018333333333333333 0.04833333333333333
0 0.37833333333333335 0.5266666666666666 0.016666666666666666 0.06
0 0.36833333333333335 0.535 0.02 0.06333333333333334
0 0.41 0.5433333333333333 0.016666666666666666 0.04666666666666667
0 0.3975 0.5533333333333333 0.021666666666666667 0.04666666666666667
0 0.4275 0.5608333333333333 0.018333333333333333 0.04833333333333333
0 0.36666666666666664 0.5616666666666666 0.023333333333333334 0.05333333333333334
0 0.4041666666666667 0.5808333333333333 0.021666666666666667 0.035
0 0.3908333333333333 0.5825 0.025 0.041666666666666664
0 0.36333333333333334 0.585 0.02666666666666667 0.04666666666666667
0 0.4225 0.5858333333333333 0.025 0.045
0 0.42 0.6116666666666667 0.02666666666666667 0.03
0 0.39416666666666667 0.6108333333333333 0.028333333333333332 0.045
0 0.43333333333333335 0.055 0.03666666666666667 0.03
0 0.36083333333333334 0.6158333333333333 0.028333333333333332 0.025
0 0.3925 0.6358333333333334 0.028333333333333332 0.03833333333333333
0 0.42333333333333334 0.6341666666666667 0.023333333333333334 0.025
0 0.3591666666666667 0.6383333333333333 0.021666666666666667 0.02
0 0.38083333333333336 0.6416666666666667 0.025 0.03333333333333333
0 0.4216666666666667 0.6525 0.02666666666666667 0.025
0 0.3975 0.6675 0.028333333333333332 0.021666666666666667
0 0.39666666666666667 0.6858333333333333 0.03 0.03166666666666667
0 0.3983333333333333 0.7275 0.02666666666666667 0.051666666666666666
0 0.42083333333333334 0.745 0.025 0.06
0 0.4141666666666667 0.7725 0.025 0.045
0 0.47 0.8925 0.03 0.06833333333333333
0 0.15 0.08666666666666667 0.023333333333333334 0.02666666666666667
0 0.37333333333333335 0.006666666666666667 0.03666666666666667 0.013333333333333334
0 0.27666666666666667 0.09666666666666666 0.02666666666666667 0.03666666666666667
0 0.17333333333333334 0.10416666666666667 0.03333333333333333 0.028333333333333332
0 0.1475 0.1125 0.028333333333333332 0.028333333333333332
0 0.25916666666666666 0.11583333333333333 0.035 0.021666666666666667
0 0.12166666666666667 0.11583333333333333 0.02666666666666667 0.058333333333333334
0 0.1025 0.1175 0.018333333333333333 0.058333333333333334
0 0.2941666666666667 0.12333333333333334 0.03166666666666667 0.02666666666666667
0 0.13083333333333333 0.12583333333333332 0.021666666666666667 0.018333333333333333
0 0.59 0.125 0.03 0.04666666666666667
0 0.325 0.13333333333333333 0.023333333333333334 0.03666666666666667
0 0.3441666666666667 0.13166666666666665 0.028333333333333332 0.023333333333333334
0 0.27166666666666667 0.14 0.03666666666666667 0.03
0 0.7208333333333333 0.0125 0.018333333333333333 0.025
0 0.09083333333333334 0.14916666666666667 0.015 0.041666666666666664
0 0.3016666666666667 0.15083333333333335 0.02666666666666667 0.03833333333333333
0 0.3541666666666667 0.15583333333333332 0.03166666666666667 0.028333333333333332
0 0.3625 0.15833333333333333 0.021666666666666667 0.023333333333333334
0 0.32166666666666666 0.16333333333333333 0.016666666666666666 0.05
0 0.35 0.17 0.023333333333333334 0.05333333333333334
0 0.3375 0.17416666666666666 0.018333333333333333 0.051666666666666666
0 0.37333333333333335 0.18166666666666667 0.03 0.02666666666666667
0 0.08666666666666667 0.18083333333333335 0.013333333333333334 0.04833333333333333
0 0.39416666666666667 0.18583333333333332 0.021666666666666667 0.03166666666666667
0 0.0975 0.19166666666666668 0.015 0.03666666666666667
0 0.37666666666666665 0.20416666666666666 0.02666666666666667 0.028333333333333332
0 0.3566666666666667 0.20666666666666667 0.023333333333333334 0.02666666666666667
0 0.08166666666666667 0.21083333333333334 0.016666666666666666 0.04833333333333333
0 0.38333333333333336 0.015833333333333335 0.03333333333333333 0.028333333333333332
0 0.39666666666666667 0.22666666666666666 0.013333333333333334 0.06666666666666667
0 0.41 0.24 0.016666666666666666 0.05333333333333334
0 0.09833333333333333 0.23666666666666666 0.023333333333333334 0.056666666666666664
0 0.42583333333333334 0.25333333333333335 0.018333333333333333 0.043333333333333335
0 0.4425 0.2708333333333333 0.018333333333333333 0.04833333333333333
0 0.11083333333333334 0.2775 0.045 0.03833333333333333
0 0.43166666666666664 0.2866666666666667 0.02666666666666667 0.03666666666666667
0 0.39166666666666666 0.305 0.023333333333333334 0.023333333333333334
0 0.4175 0.30666666666666664 0.035 0.03666666666666667
0 0.37583333333333335 0.31 0.018333333333333333 0.07
0 0.44416666666666665 0.3258333333333333 0.021666666666666667 0.04833333333333333
0 0.45666666666666667 0.32916666666666666 0.02 0.055
0 0.39416666666666667 0.33666666666666667 0.018333333333333333 0.04666666666666667
0 0.4141666666666667 0.3416666666666667 0.015 0.056666666666666664
0 0.40166666666666667 0.3591666666666667 0.016666666666666666 0.051666666666666666
0 0.48 0.3616666666666667 0.03 0.03
0 0.4725 0.3775 0.03166666666666667 0.03833333333333333
0 0.395 0.3825 0.016666666666666666 0.04833333333333333
0 0.415 0.0375 0.03333333333333333 0.028333333333333332
0 0.3775 0.3983333333333333 0.018333333333333333 0.06333333333333334
0 0.3883333333333333 0.41333333333333333 0.013333333333333334 0.04666666666666667
0 0.4075 0.42833333333333334 0.011666666666666667 0.05333333333333334
0 0.4166666666666667 0.435 0.016666666666666666 0.06333333333333334
0 0.39916666666666667 0.43583333333333335 0.015 0.055
0 0.37833333333333335 0.4508333333333333 0.013333333333333334 0.055
