0 0.9541666666666667 0.52 0.041666666666666664 0.07
0 0.47833333333333333 0.9475 0.02 0.085
0 0.4691666666666667 0.8675 0.035 0.08166666666666667
0 0.4875 0.9916666666666667 0.015 0.016666666666666666
0 0.5558333333333333 0.99 0.028333333333333332 0.02
0 0.5175 0.8108333333333333 0.015 0.08166666666666667
0 0.4275 0.7883333333333333 0.035 0.05333333333333334
0 0.5966666666666667 0.7475 0.04666666666666667 0.065
0 0.6066666666666667 0.7416666666666667 0.04 0.05
0 0.4225 0.7158333333333333 0.025 0.06166666666666667
0 0.6416666666666667 0.7025 0.04666666666666667 0.041666666666666664
0 0.6783333333333333 0.7 0.04 0.05333333333333334
0 0.6291666666666667 0.7008333333333333 0.035 0.041666666666666664
0 0.4508333333333333 0.6733333333333333 0.041666666666666664 0.03333333333333333
0 0.6541666666666667 0.6566666666666666 0.035 0.05
0 0.5241666666666667 0.65 0.028333333333333332 0.06666666666666667
0 0.375 0.6458333333333334 0.04 0.051666666666666666
0 0.5783333333333334 0.585 0.023333333333333334 0.07333333333333333
0 0.5858333333333333 0.5808333333333333 0.011666666666666667 0.041666666666666664
