0 0.48 0.37166666666666665 0.03333333333333333 0.08
0 0.4975 0.37 0.041666666666666664 0.05333333333333334
0 0.4666666666666667 0.37416666666666665 0.0033333333333333335 0.011666666666666667
0 0.5183333333333333 0.325 0.03666666666666667 0.04
0 0.5091666666666667 0.30666666666666664 0.035 0.05
0 0.49416666666666664 0.3 0.025 0.06333333333333334
0 0.7858333333333334 0.2841666666666667 0.025 0.08833333333333333
0 0.81 0.28 0.023333333333333334 0.08
0 0.49083333333333334 0.2633333333333333 0.021666666666666667 0.06333333333333334
0 0.7683333333333333 0.2475 0.02666666666666667 0.08166666666666667
0 0.7783333333333333 0.21416666666666667 0.03 0.055
0 0.7075 0.1875 0.045 0.051666666666666666
0 0.3466666666666667 0.15666666666666668 0.03666666666666667 0.07666666666666666
0 0.2175 0.1 0.021666666666666667 0.09333333333333334
0 0.925 0.07333333333333333 0.023333333333333334 0.08666666666666667
0 0.19666666666666666 0.058333333333333334 0.023333333333333334 0.06333333333333334
0 0.26166666666666666 0.03666666666666667 0.03666666666666667 0.03666666666666667
0 0.17333333333333334 0.02666666666666667 0.02666666666666667 0.05333333333333334
0 0.20583333333333334 0.0225 0.028333333333333332 0.045
0 0.19583333333333333 0.015 0.03166666666666667 0.03
0 0.17416666666666666 0.0008333333333333334 0.0016666666666666668 0.0016666666666666668
0 0.4325 0.8691666666666666 0.028333333333333332 0.06833333333333333
0 0.515 0.8366666666666667 0.02 0.08666666666666667
0 0.43583333333333335 0.825 0.025 0.06666666666666667
0 0.415 0.8208333333333333 0.016666666666666666 0.065
0 0.44416666666666665 0.8075 0.025 0.09833333333333333
0 0.465 0.7475 0.043333333333333335 0.065
0 0.41833333333333333 0.7416666666666667 0.02 0.1
0 0.4075 0.6775 0.018333333333333333 0.08166666666666667
0 0.39166666666666666 0.6325 0.02666666666666667 0.085
