0 0.11916666666666667 0.49583333333333335 0.035 0.028333333333333332
0 0.425 0.49416666666666664 0.03333333333333333 0.04833333333333333
0 0.4041666666666667 0.4875 0.028333333333333332 0.065
0 0.12 0.4683333333333333 0.03 0.023333333333333334
0 0.0975 0.4608333333333333 0.028333333333333332 0.04833333333333333
0 0.07166666666666667 0.45416666666666666 0.02 0.07833333333333334
0 0.09083333333333334 0.44 0.021666666666666667 0.056666666666666664
0 0.37 0.43083333333333335 0.03666666666666667 0.035
0 0.10166666666666667 0.38333333333333336 0.03 0.056666666666666664
0 0.08416666666666667 0.38333333333333336 0.018333333333333333 0.06333333333333334
0 0.10666666666666667 0.335 0.03 0.04666666666666667
0 0.20333333333333334 0.32666666666666666 0.03 0.06666666666666667
0 0.7208333333333333 0.265 0.03166666666666667 0.043333333333333335
0 0.7983333333333333 0.26166666666666666 0.03333333333333333 0.023333333333333334
0 0.9308333333333333 0.235 0.028333333333333332 0.08
0 0.805 0.22416666666666665 0.03 0.04833333333333333
0 0.8233333333333334 0.22333333333333333 0.043333333333333335 0.056666666666666664
0 0.35583333333333333 0.22166666666666668 0.035 0.03666666666666667
0 0.3883333333333333 0.20083333333333334 0.03 0.045
0 0.9925 0.20083333333333334 0.015 0.07833333333333334
0 0.3641666666666667 0.19333333333333333 0.03166666666666667 0.04
0 0.7775 0.19583333333333333 0.035 0.07833333333333334
0 0.83 0.19083333333333333 0.03 0.041666666666666664
0 0.33916666666666667 0.18666666666666668 0.03833333333333333 0.043333333333333335
0 0.7966666666666666 0.17583333333333334 0.04 0.045
0 0.36916666666666664 0.16083333333333333 0.041666666666666664 0.03833333333333333
0 0.8091666666666667 0.16083333333333333 0.035 0.025
0 0.3283333333333333 0.15166666666666667 0.04 0.03
0 0.7991666666666667 0.14333333333333334 0.035 0.03
0 0.8158333333333333 0.1325 0.03833333333333333 0.03166666666666667
0 0.9375 0.12583333333333332 0.03833333333333333 0.06166666666666667
0 0.9933333333333333 0.13666666666666666 0.013333333333333334 0.07
0 0.7758333333333334 0.1425 0.005 0.005
0 0.815 0.11083333333333334 0.03333333333333333 0.021666666666666667
0 0.8008333333333333 0.09083333333333334 0.03166666666666667 0.025
0 0.9941666666666666 0.07333333333333333 0.011666666666666667 0.043333333333333335
0 0.9625 0.055 0.025 0.06
0 0.17833333333333334 0.0325 0.03666666666666667 0.04833333333333333
0 0.13916666666666666 0.029166666666666667 0.035 0.04833333333333333
0 0.165 0.006666666666666667 0.03 0.013333333333333334
0 0.085 0.9133333333333333 0.03333333333333333 0.04666666666666667
0 0.07416666666666667 0.8658333333333333 0.025 0.051666666666666666
0 0.09166666666666666 0.85 0.023333333333333334 0.06666666666666667
0 0.07166666666666667 0.8225 0.02 0.065
0 0.09 0.8075 0.023333333333333334 0.051666666666666666
0 0.1075 0.8008333333333333 0.018333333333333333 0.045
0 0.31416666666666665 0.7816666666666666 0.021666666666666667 0.08666666666666667
0 0.08166666666666667 0.7641666666666667 0.016666666666666666 0.058333333333333334
0 0.8033333333333333 0.7416666666666667 0.04666666666666667 0.056666666666666664
0 0.1 0.7358333333333333 0.023333333333333334 0.06833333333333333
0 0.0875 0.7141666666666666 0.018333333333333333 0.04833333333333333
0 0.7825 0.7033333333333334 0.045 0.043333333333333335
0 0.0925 0.6691666666666667 0.025 0.065
0 0.11916666666666667 0.6666666666666666 0.018333333333333333 0.06
0 0.85 0.6341666666666667 0.03666666666666667 0.06833333333333333
0 0.10666666666666667 0.625 0.02 0.07
0 0.0725 0.6225 0.021666666666666667 0.058333333333333334
0 0.12583333333333332 0.6108333333333333 0.021666666666666667 0.06833333333333333
0 0.10083333333333333 0.605 0.005 0.01
0 0.145 0.5891666666666666 0.02666666666666667 0.058333333333333334
0 0.09666666666666666 0.5633333333333334 0.03666666666666667 0.056666666666666664
0 0.12083333333333333 0.56 0.028333333333333332 0.043333333333333335
0 0.07583333333333334 0.5658333333333333 0.021666666666666667 0.07166666666666667
0 0.4075 0.5591666666666667 0.035 0.041666666666666664
0 0.3858333333333333 0.5508333333333333 0.035 0.06166666666666667
0 0.135 0.5416666666666666 0.03666666666666667 0.04
0 0.4141666666666667 0.53 0.021666666666666667 0.023333333333333334
0 0.10333333333333333 0.5158333333333334 0.03 0.041666666666666664
0 0.15 0.5191666666666667 0.02666666666666667 0.051666666666666666
0 0.08 0.5108333333333334 0.02 0.055
