0 0.1125 0.5208333333333334 0.045 0.10833333333333334
0 0.2 0.43083333333333335 0.03666666666666667 0.13833333333333334
0 0.4508333333333333 0.3725 0.03166666666666667 0.11833333333333333
0 0.11333333333333333 0.36 0.06 0.09
0 0.30916666666666665 0.34 0.041666666666666664 0.1
0 0.2575 0.35 0.045 0.1
0 0.2125 0.335 0.035 0.11333333333333333
0 0.3908333333333333 0.32166666666666666 0.035 0.11333333333333333
0 0.49333333333333335 0.24666666666666667 0.03 0.11333333333333333
0 0.18666666666666668 0.2275 0.03 0.11166666666666666
0 0.32083333333333336 0.22166666666666668 0.041666666666666664 0.12333333333333334
0 0.4116666666666667 0.2175 0.03333333333333333 0.11166666666666666
0 0.36833333333333335 0.14833333333333334 0.03666666666666667 0.11
0 0.9366666666666666 0.8283333333333334 0.03333333333333333 0.12333333333333334
0 0.7416666666666667 0.6716666666666666 0.04 0.11333333333333333
0 0.6208333333333333 0.5458333333333333 0.035 0.11833333333333333
