0 0.13333333333333333 0.49833333333333335 0.07 0.09333333333333334
0 0.09583333333333334 0.4975 0.041666666666666664 0.105
0 0.9766666666666667 0.4875 0.04666666666666667 0.085
0 0.24916666666666668 0.4775 0.07166666666666667 0.06166666666666667
0 0.15916666666666668 0.44416666666666665 0.06166666666666667 0.105
0 0.5225 0.32083333333333336 0.065 0.105
0 0.7383333333333333 0.9666666666666667 0.06 0.06666666666666667
0 0.5758333333333333 0.25333333333333335 0.065 0.09
0 0.5683333333333334 0.15916666666666668 0.06333333333333334 0.07166666666666667
0 0.5433333333333333 0.09083333333333334 0.07333333333333333 0.07166666666666667
0 0.4766666666666667 0.07583333333333334 0.07 0.06833333333333333
0 0.7683333333333333 0.06166666666666667 0.03333333333333333 0.12333333333333334
0 0.7191666666666666 0.9166666666666666 0.065 0.09
0 0.9066666666666666 0.8966666666666666 0.06666666666666667 0.06666666666666667
0 0.5 0.8308333333333333 0.05333333333333334 0.09833333333333333
0 0.8808333333333334 0.8 0.07833333333333334 0.05333333333333334
0 0.8741666666666666 0.7166666666666667 0.065 0.08666666666666667
0 0.08166666666666667 0.7116666666666667 0.07333333333333333 0.05333333333333334
0 0.12833333333333333 0.99 0.023333333333333334 0.02
0 0.9116666666666666 0.6516666666666666 0.07666666666666666 0.05333333333333334
0 0.06583333333333333 0.6458333333333334 0.06166666666666667 0.075
0 0.13083333333333333 0.6333333333333333 0.07166666666666667 0.07333333333333333
0 0.9791666666666666 0.9875 0.041666666666666664 0.025
