0 0.2916666666666667 0.49833333333333335 0.02 0.06333333333333334
0 0.9033333333333333 0.5125 0.03666666666666667 0.04833333333333333
0 0.26166666666666666 0.5433333333333333 0.03666666666666667 0.04
0 0.23833333333333334 0.5475 0.03666666666666667 0.028333333333333332
0 0.3233333333333333 0.5483333333333333 0.03 0.03333333333333333
0 0.2025 0.57 0.041666666666666664 0.03666666666666667
0 0.9666666666666667 0.575 0.04 0.04
0 0.99 0.5725 0.02 0.06833333333333333
0 0.23833333333333334 0.58 0.03 0.05
0 0.2608333333333333 0.5875 0.028333333333333332 0.055
0 0.19333333333333333 0.5941666666666666 0.03666666666666667 0.041666666666666664
0 0.22666666666666666 0.6025 0.03666666666666667 0.035
0 0.20666666666666667 0.6233333333333333 0.04 0.03333333333333333
0 0.19166666666666668 0.6391666666666667 0.03333333333333333 0.055
0 0.2325 0.6591666666666667 0.028333333333333332 0.06833333333333333
0 0.5575 0.21833333333333332 0.045 0.043333333333333335
0 0.5108333333333334 0.23166666666666666 0.041666666666666664 0.03333333333333333
0 0.5191666666666667 0.2675 0.041666666666666664 0.055
0 0.49583333333333335 0.2683333333333333 0.041666666666666664 0.03666666666666667
0 0.5733333333333334 0.2758333333333333 0.03333333333333333 0.075
0 0.5458333333333333 0.2783333333333333 0.03166666666666667 0.05333333333333334
0 0.5658333333333333 0.2966666666666667 0.028333333333333332 0.06
0 0.545 0.31583333333333335 0.023333333333333334 0.055
0 0.85 0.3525 0.03666666666666667 0.07166666666666667
0 0.8208333333333333 0.38666666666666666 0.025 0.07
0 0.8316666666666667 0.3875 0.03333333333333333 0.07833333333333334
0 0.8483333333333334 0.3933333333333333 0.023333333333333334 0.08
0 0.8783333333333333 0.41833333333333333 0.03666666666666667 0.06
0 0.8716666666666667 0.43833333333333335 0.03 0.05
0 0.30416666666666664 0.445 0.021666666666666667 0.08333333333333333
0 0.8216666666666667 0.45166666666666666 0.03666666666666667 0.06
