0 0.5375 0.9458333333333333 0.058333333333333334 0.10833333333333334
0 0.4425 0.2833333333333333 0.051666666666666666 0.17666666666666667
0 0.12 0.2783333333333333 0.04 0.17333333333333334
0 0.22166666666666668 0.23833333333333334 0.09 0.1
0 0.7058333333333333 0.20583333333333334 0.058333333333333334 0.16166666666666665
0 0.6308333333333334 0.18083333333333335 0.06166666666666667 0.16166666666666665
0 0.13166666666666665 0.15166666666666667 0.08 0.14666666666666667
0 0.9716666666666667 0.11416666666666667 0.056666666666666664 0.175
0 0.6158333333333333 0.07 0.03833333333333333 0.14
0 0.3933333333333333 0.04583333333333333 0.05333333333333334 0.09166666666666666
0 0.78 0.024166666666666666 0.05333333333333334 0.04833333333333333
0 0.5533333333333333 0.019166666666666665 0.03666666666666667 0.03833333333333333
0 0.49333333333333335 0.0125 0.03666666666666667 0.025
0 0.8766666666666667 0.006666666666666667 0.05333333333333334 0.013333333333333334
0 0.20416666666666666 0.8733333333333333 0.03833333333333333 0.12666666666666668
0 0.5666666666666667 0.8608333333333333 0.05333333333333334 0.12166666666666667
0 0.2275 0.8116666666666666 0.04833333333333333 0.13666666666666666
0 0.09583333333333334 0.7391666666666666 0.03833333333333333 0.155
0 0.13916666666666666 0.6708333333333333 0.041666666666666664 0.175
0 0.21916666666666668 0.6241666666666666 0.041666666666666664 0.165
0 0.7725 0.6216666666666667 0.051666666666666666 0.15
0 0.6266666666666667 0.9641666666666666 0.043333333333333335 0.07166666666666667
