0 0.31666666666666665 0.97 0.05 0.06
0 0.7991666666666667 0.51 0.075 0.09666666666666666
0 0.8616666666666667 0.4741666666666667 0.06666666666666667 0.095
0 0.8975 0.4741666666666667 0.041666666666666664 0.10833333333333334
0 0.014166666666666666 0.4525 0.028333333333333332 0.06833333333333333
0 0.8358333333333333 0.42 0.065 0.10333333333333333
0 0.4841666666666667 0.29583333333333334 0.07166666666666667 0.07833333333333334
0 0.24666666666666667 0.9591666666666666 0.06333333333333334 0.08166666666666667
0 0.41 0.2225 0.06333333333333334 0.10166666666666667
0 0.42 0.1325 0.06666666666666667 0.06833333333333333
0 0.44333333333333336 0.06416666666666666 0.07 0.07833333333333334
0 0.5116666666666667 0.04833333333333333 0.07 0.07333333333333333
0 0.21583333333333332 0.04583333333333333 0.03166666666666667 0.09166666666666666
0 0.07583333333333334 0.8741666666666666 0.065 0.07833333333333334
0 0.48833333333333334 0.8133333333333334 0.05333333333333334 0.1
0 0.19416666666666665 0.7616666666666667 0.07833333333333334 0.05333333333333334
0 0.9066666666666666 0.7041666666666667 0.06333333333333334 0.07833333333333334
0 0.11166666666666666 0.6866666666666666 0.06666666666666667 0.08666666666666667
0 0.8658333333333333 0.9858333333333333 0.025 0.028333333333333332
0 0.9333333333333333 0.6208333333333333 0.06666666666666667 0.08833333333333333
0 0.14333333333333334 0.615 0.07333333333333333 0.05333333333333334
0 0.8641666666666666 0.6125 0.07833333333333334 0.06833333333333333
0 0.015833333333333335 0.9791666666666666 0.03166666666666667 0.041666666666666664
