0 0.5666666666666667 0.575 0.016666666666666666 0.07
0 0.5475 0.5783333333333334 0.028333333333333332 0.08
0 0.5808333333333333 0.57 0.018333333333333333 0.043333333333333335
0 0.53 0.5683333333333334 0.013333333333333334 0.06666666666666667
0 0.5975 0.5466666666666666 0.021666666666666667 0.06333333333333334
0 0.585 0.53 0.023333333333333334 0.05
0 0.5475 0.5225 0.021666666666666667 0.06833333333333333
0 0.5683333333333334 0.49916666666666665 0.023333333333333334 0.07166666666666667
0 0.6225 0.5025 0.015 0.07833333333333334
0 0.5866666666666667 0.4766666666666667 0.02 0.06666666666666667
0 0.6025 0.47 0.021666666666666667 0.06666666666666667
0 0.5516666666666666 0.44083333333333335 0.023333333333333334 0.07833333333333334
0 0.5433333333333333 0.4175 0.02 0.07833333333333334
0 0.585 0.4216666666666667 0.02 0.06666666666666667
0 0.5691666666666667 0.42083333333333334 0.018333333333333333 0.07166666666666667
0 0.5383333333333333 0.3883333333333333 0.016666666666666666 0.07333333333333333
0 0.5583333333333333 0.37666666666666665 0.013333333333333334 0.05
0 0.5816666666666667 0.37083333333333335 0.016666666666666666 0.06833333333333333
0 0.5991666666666666 0.3466666666666667 0.018333333333333333 0.06666666666666667
0 0.5583333333333333 0.3358333333333333 0.02666666666666667 0.058333333333333334
0 0.5441666666666667 0.2991666666666667 0.041666666666666664 0.045
0 0.6525 0.2941666666666667 0.011666666666666667 0.028333333333333332
0 0.6383333333333333 0.27416666666666667 0.03666666666666667 0.065
0 0.6616666666666666 0.2275 0.03 0.07166666666666667
0 0.056666666666666664 0.04083333333333333 0.04666666666666667 0.08166666666666667
0 0.049166666666666664 0.021666666666666667 0.03166666666666667 0.043333333333333335
0 0.5675 0.8866666666666667 0.025 0.07
0 0.5333333333333333 0.86 0.016666666666666666 0.07
0 0.525 0.8158333333333333 0.013333333333333334 0.051666666666666666
0 0.5491666666666667 0.8091666666666667 0.015 0.058333333333333334
0 0.5333333333333333 0.7783333333333333 0.016666666666666666 0.06
0 0.5466666666666666 0.7566666666666667 0.013333333333333334 0.056666666666666664
0 0.5216666666666666 0.7441666666666666 0.023333333333333334 0.07833333333333334
0 0.5416666666666666 0.7208333333333333 0.016666666666666666 0.058333333333333334
0 0.5341666666666667 0.675 0.018333333333333333 0.06
0 0.6008333333333333 0.6616666666666666 0.021666666666666667 0.056666666666666664
0 0.6141666666666666 0.6583333333333333 0.018333333333333333 0.056666666666666664
0 0.5683333333333334 0.6508333333333334 0.013333333333333334 0.07166666666666667
0 0.5491666666666667 0.6425 0.018333333333333333 0.065
0 0.5283333333333333 0.6391666666666667 0.013333333333333334 0.055
0 0.5775 0.6333333333333333 0.015 0.07666666666666666
0 0.5725 0.6058333333333333 0.0016666666666666668 0.008333333333333333
0 0.5433333333333333 0.6033333333333334 0.02 0.056666666666666664
0 0.6075 0.6058333333333333 0.021666666666666667 0.055
0 0.5975 0.5816666666666667 0.015 0.04
