0 0.6025 0.49166666666666664 0.018333333333333333 0.07666666666666666
0 0.6558333333333334 0.5125 0.018333333333333333 0.06166666666666667
0 0.6283333333333333 0.5158333333333334 0.02666666666666667 0.055
0 0.6675 0.515 0.015 0.07333333333333333
0 0.6175 0.5175 0.018333333333333333 0.04833333333333333
0 0.68 0.5341666666666667 0.016666666666666666 0.065
0 0.6483333333333333 0.545 0.02 0.056666666666666664
0 0.6041666666666666 0.5433333333333333 0.021666666666666667 0.04666666666666667
0 0.6433333333333333 0.5741666666666667 0.016666666666666666 0.055
0 0.6791666666666667 0.5808333333333333 0.028333333333333332 0.04833333333333333
0 0.6966666666666667 0.5883333333333334 0.023333333333333334 0.04666666666666667
0 0.6733333333333333 0.6083333333333333 0.03 0.06
0 0.6616666666666666 0.6133333333333333 0.023333333333333334 0.06
0 0.7141666666666666 0.635 0.021666666666666667 0.06333333333333334
0 0.6966666666666667 0.6408333333333334 0.02 0.06166666666666667
0 0.68 0.6508333333333334 0.02666666666666667 0.055
0 0.655 0.6508333333333334 0.02 0.08166666666666667
0 0.6741666666666667 0.6791666666666667 0.021666666666666667 0.055
0 0.6941666666666667 0.6783333333333333 0.015 0.056666666666666664
0 0.7125 0.6925 0.021666666666666667 0.055
0 0.6666666666666666 0.7266666666666667 0.02666666666666667 0.07
0 0.675 0.7325 0.03666666666666667 0.07166666666666667
0 0.6933333333333334 0.7358333333333333 0.016666666666666666 0.058333333333333334
0 0.6683333333333333 0.7725 0.013333333333333334 0.058333333333333334
0 0.07916666666666666 0.9858333333333333 0.0016666666666666668 0.0016666666666666668
0 0.13583333333333333 0.9833333333333333 0.018333333333333333 0.03333333333333333
0 0.07416666666666667 0.9883333333333333 0.018333333333333333 0.023333333333333334
0 0.6183333333333333 0.24 0.02666666666666667 0.07666666666666666
0 0.6391666666666667 0.30333333333333334 0.0016666666666666668 0.006666666666666667
0 0.645 0.285 0.02666666666666667 0.06666666666666667
0 0.6233333333333333 0.30583333333333335 0.023333333333333334 0.065
0 0.6441666666666667 0.3616666666666667 0.018333333333333333 0.06333333333333334
0 0.6316666666666667 0.37416666666666665 0.016666666666666666 0.075
0 0.6691666666666667 0.39166666666666666 0.018333333333333333 0.07333333333333333
0 0.6441666666666667 0.4125 0.021666666666666667 0.058333333333333334
0 0.6866666666666666 0.415 0.016666666666666666 0.06333333333333334
0 0.6308333333333334 0.44083333333333335 0.015 0.051666666666666666
0 0.6533333333333333 0.44166666666666665 0.023333333333333334 0.07333333333333333
0 0.6725 0.4558333333333333 0.015 0.041666666666666664
0 0.6266666666666667 0.4633333333333333 0.023333333333333334 0.07333333333333333
0 0.6783333333333333 0.4633333333333333 0.016666666666666666 0.056666666666666664
0 0.6416666666666667 0.4775 0.016666666666666666 0.065
