0 0.485 0.5291666666666667 0.02666666666666667 0.085
0 0.4508333333333333 0.49416666666666664 0.021666666666666667 0.06166666666666667
0 0.4675 0.4875 0.028333333333333332 0.058333333333333334
0 0.4558333333333333 0.45416666666666666 0.03166666666666667 0.045
0 0.5058333333333334 0.4533333333333333 0.045 0.04
0 0.4875 0.43833333333333335 0.035 0.04
0 0.5216666666666666 0.4141666666666667 0.05 0.035
0 0.5891666666666666 0.3566666666666667 0.045 0.03333333333333333
0 0.5525 0.3491666666666667 0.04833333333333333 0.03166666666666667
0 0.6341666666666667 0.305 0.041666666666666664 0.03666666666666667
0 0.6108333333333333 0.2991666666666667 0.03833333333333333 0.041666666666666664
0 0.6316666666666667 0.2658333333333333 0.03666666666666667 0.03166666666666667
0 0.6541666666666667 0.26666666666666666 0.03833333333333333 0.04
0 0.6708333333333333 0.22916666666666666 0.041666666666666664 0.045
0 0.3591666666666667 0.7566666666666667 0.021666666666666667 0.07333333333333333
0 0.3233333333333333 0.735 0.03666666666666667 0.043333333333333335
0 0.3408333333333333 0.7358333333333333 0.025 0.075
0 0.2966666666666667 0.73 0.03666666666666667 0.043333333333333335
0 0.37833333333333335 0.7308333333333333 0.04 0.051666666666666666
0 0.3925 0.7125 0.03833333333333333 0.06833333333333333
0 0.33916666666666667 0.69 0.03166666666666667 0.05
0 0.31166666666666665 0.6866666666666666 0.02666666666666667 0.06
0 0.36583333333333334 0.6866666666666666 0.025 0.056666666666666664
0 0.2833333333333333 0.6841666666666667 0.04 0.055
0 0.42916666666666664 0.6833333333333333 0.04833333333333333 0.03333333333333333
0 0.2708333333333333 0.6816666666666666 0.03833333333333333 0.05
0 0.2925 0.6766666666666666 0.028333333333333332 0.07333333333333333
0 0.3433333333333333 0.6733333333333333 0.02666666666666667 0.05
0 0.44666666666666666 0.6683333333333333 0.03333333333333333 0.023333333333333334
0 0.305 0.6375 0.04 0.065
0 0.4625 0.6366666666666667 0.03833333333333333 0.08333333333333333
0 0.46166666666666667 0.6033333333333334 0.02666666666666667 0.06
0 0.4658333333333333 0.5466666666666666 0.025 0.08333333333333333
