0 0.4525 0.5333333333333333 0.021666666666666667 0.06
0 0.48833333333333334 0.5283333333333333 0.02 0.05
0 0.4825 0.5033333333333333 0.018333333333333333 0.05
0 0.6675 0.5 0.021666666666666667 0.06666666666666667
0 0.6433333333333333 0.49833333333333335 0.013333333333333334 0.05333333333333334
0 0.45666666666666667 0.49166666666666664 0.023333333333333334 0.04666666666666667
0 0.6291666666666667 0.47583333333333333 0.015 0.075
0 0.475 0.4791666666666667 0.02 0.058333333333333334
0 0.5208333333333334 0.4741666666666667 0.015 0.058333333333333334
0 0.5083333333333333 0.475 0.016666666666666666 0.05333333333333334
0 0.6408333333333334 0.4475 0.021666666666666667 0.051666666666666666
0 0.49416666666666664 0.4508333333333333 0.015 0.055
0 0.6175 0.4483333333333333 0.015 0.06333333333333334
0 0.5066666666666667 0.44166666666666665 0.013333333333333334 0.05333333333333334
0 0.4625 0.44166666666666665 0.025 0.043333333333333335
0 0.475 0.43916666666666665 0.016666666666666666 0.041666666666666664
0 0.5308333333333334 0.43 0.015 0.06
0 0.5825 0.43583333333333335 0.018333333333333333 0.04833333333333333
0 0.5416666666666666 0.41833333333333333 0.013333333333333334 0.06
0 0.5208333333333334 0.4125 0.015 0.065
0 0.64 0.4116666666666667 0.023333333333333334 0.043333333333333335
0 0.5675 0.4083333333333333 0.015 0.06
0 0.49 0.4083333333333333 0.016666666666666666 0.056666666666666664
0 0.5208333333333334 0.43083333333333335 0.0016666666666666668 0.011666666666666667
0 0.585 0.3983333333333333 0.023333333333333334 0.056666666666666664
0 0.6241666666666666 0.3925 0.018333333333333333 0.065
0 0.55 0.3983333333333333 0.02 0.056666666666666664
0 0.5041666666666667 0.3875 0.015 0.055
0 0.47 0.38083333333333336 0.016666666666666666 0.051666666666666666
0 0.4866666666666667 0.37833333333333335 0.023333333333333334 0.04666666666666667
0 0.5291666666666667 0.365 0.015 0.06
0 0.6091666666666666 0.3641666666666667 0.018333333333333333 0.058333333333333334
0 0.5575 0.35833333333333334 0.015 0.07
0 0.5858333333333333 0.35833333333333334 0.021666666666666667 0.06333333333333334
0 0.595 0.3525 0.02 0.058333333333333334
0 0.515 0.35 0.013333333333333334 0.05333333333333334
0 0.5666666666666667 0.3433333333333333 0.016666666666666666 0.06666666666666667
0 0.5058333333333334 0.325 0.0016666666666666668 0.0033333333333333335
0 0.4683333333333333 0.3333333333333333 0.013333333333333334 0.056666666666666664
0 0.535 0.3283333333333333 0.016666666666666666 0.07
0 0.5458333333333333 0.325 0.015 0.07333333333333333
0 0.4825 0.3308333333333333 0.018333333333333333 0.065
0 0.495 0.32 0.02666666666666667 0.05333333333333334
0 0.5141666666666667 0.2991666666666667 0.028333333333333332 0.055
0 0.465 0.28833333333333333 0.03333333333333333 0.04
0 0.5075 0.2608333333333333 0.025 0.03833333333333333
0 0.14083333333333334 0.19916666666666666 0.021666666666666667 0.055
0 0.0033333333333333335 0.20166666666666666 0.006666666666666667 0.04666666666666667
0 0.15416666666666667 0.16166666666666665 0.018333333333333333 0.056666666666666664
0 0.13916666666666666 0.14583333333333334 0.015 0.055
0 0.16083333333333333 0.1125 0.021666666666666667 0.058333333333333334
0 0.11833333333333333 0.10166666666666667 0.016666666666666666 0.04666666666666667
0 0.14083333333333334 0.09666666666666666 0.021666666666666667 0.056666666666666664
0 0.12833333333333333 0.09583333333333334 0.02 0.045
0 0.10416666666666667 0.07166666666666667 0.018333333333333333 0.043333333333333335
0 0.08583333333333333 0.056666666666666664 0.021666666666666667 0.04666666666666667
0 0.1225 0.051666666666666666 0.021666666666666667 0.05
0 0.13583333333333333 0.049166666666666664 0.035 0.055
0 0.10583333333333333 0.03833333333333333 0.021666666666666667 0.05333333333333334
0 0.08666666666666667 0.024166666666666666 0.023333333333333334 0.04833333333333333
0 0.13166666666666665 0.015833333333333335 0.03333333333333333 0.03166666666666667
0 0.6783333333333333 0.63 0.016666666666666666 0.06333333333333334
0 0.6641666666666667 0.6066666666666667 0.018333333333333333 0.06
0 0.6666666666666666 0.5683333333333334 0.02 0.056666666666666664
0 0.6841666666666667 0.5683333333333334 0.021666666666666667 0.07
0 0.6441666666666667 0.5558333333333333 0.015 0.058333333333333334
0 0.6541666666666667 0.5383333333333333 0.018333333333333333 0.06
