0 0.54 0.5125 0.056666666666666664 0.041666666666666664
0 0.5108333333333334 0.5008333333333334 0.058333333333333334 0.058333333333333334
0 0.4975 0.49916666666666665 0.035 0.055
0 0.5916666666666667 0.4875 0.043333333333333335 0.03166666666666667
0 0.5675 0.4741666666666667 0.04833333333333333 0.03833333333333333
0 0.5491666666666667 0.45916666666666667 0.04833333333333333 0.03833333333333333
0 0.8875 0.34833333333333333 0.028333333333333332 0.08333333333333333
0 0.7483333333333333 0.31333333333333335 0.056666666666666664 0.04
0 0.7608333333333334 0.30333333333333334 0.03166666666666667 0.02
0 0.8733333333333333 0.22333333333333333 0.03 0.08333333333333333
0 0.6758333333333333 0.03833333333333333 0.03833333333333333 0.07666666666666666
0 0.0825 0.8 0.065 0.03
0 0.030833333333333334 0.7958333333333333 0.04833333333333333 0.041666666666666664
0 0.135 0.7508333333333334 0.03666666666666667 0.065
0 0.2525 0.5958333333333333 0.051666666666666666 0.035
0 0.3591666666666667 0.5825 0.041666666666666664 0.045
0 0.39166666666666666 0.5808333333333333 0.04 0.03166666666666667
0 0.7391666666666666 0.5491666666666667 0.055 0.041666666666666664
0 0.43416666666666665 0.5525 0.035 0.041666666666666664
0 0.4658333333333333 0.5408333333333334 0.041666666666666664 0.045
0 0.7083333333333334 0.5433333333333333 0.05333333333333334 0.03666666666666667
0 0.6491666666666667 0.5341666666666667 0.051666666666666666 0.03166666666666667
