0 0.4216666666666667 0.4558333333333333 0.043333333333333335 0.06166666666666667
0 0.5633333333333334 0.4608333333333333 0.03 0.06166666666666667
0 0.5108333333333334 0.4691666666666667 0.045 0.03166666666666667
0 0.3858333333333333 0.47583333333333333 0.028333333333333332 0.075
0 0.5008333333333334 0.5008333333333334 0.041666666666666664 0.03166666666666667
0 0.5466666666666666 0.4975 0.03 0.051666666666666666
0 0.565 0.5091666666666667 0.023333333333333334 0.075
0 0.5 0.5325 0.043333333333333335 0.03166666666666667
0 0.5875 0.55 0.025 0.09
0 0.5391666666666667 0.5483333333333333 0.018333333333333333 0.08
0 0.5608333333333333 0.5616666666666666 0.021666666666666667 0.07666666666666666
0 0.5258333333333334 0.5908333333333333 0.025 0.075
0 0.5508333333333333 0.61 0.021666666666666667 0.09333333333333334
0 0.5725 0.6391666666666667 0.018333333333333333 0.075
0 0.5858333333333333 0.695 0.028333333333333332 0.07666666666666666
0 0.565 0.7025 0.03333333333333333 0.06833333333333333
0 0.6041666666666666 0.76 0.04833333333333333 0.043333333333333335
0 0.6358333333333334 0.7883333333333333 0.04833333333333333 0.03666666666666667
0 0.4625 0.31916666666666665 0.021666666666666667 0.08166666666666667
0 0.44083333333333335 0.345 0.028333333333333332 0.08
0 0.42333333333333334 0.35083333333333333 0.04 0.041666666666666664
0 0.3875 0.36083333333333334 0.03833333333333333 0.03833333333333333
0 0.4741666666666667 0.3625 0.045 0.055
0 0.49416666666666664 0.36916666666666664 0.035 0.075
0 0.38166666666666665 0.395 0.03666666666666667 0.05
0 0.435 0.3958333333333333 0.03666666666666667 0.06166666666666667
0 0.41083333333333333 0.39916666666666667 0.028333333333333332 0.06166666666666667
0 0.46 0.4041666666666667 0.03333333333333333 0.051666666666666666
0 0.49666666666666665 0.3975 0.03666666666666667 0.08166666666666667
0 0.36 0.4025 0.02666666666666667 0.045
0 0.5225 0.4091666666666667 0.03166666666666667 0.058333333333333334
0 0.3875 0.425 0.028333333333333332 0.06666666666666667
0 0.5591666666666667 0.4216666666666667 0.041666666666666664 0.07
