0 0.9075 0.48 0.028333333333333332 0.08333333333333333
0 0.37666666666666665 0.4775 0.04666666666666667 0.035
0 0.9216666666666666 0.4216666666666667 0.023333333333333334 0.06666666666666667
0 0.2625 0.4241666666666667 0.03833333333333333 0.085
0 0.89 0.4008333333333333 0.03666666666666667 0.04833333333333333
0 0.9491666666666667 0.3908333333333333 0.03833333333333333 0.058333333333333334
0 0.9733333333333334 0.38333333333333336 0.03 0.04
0 0.20416666666666666 0.3725 0.041666666666666664 0.041666666666666664
0 0.9908333333333333 0.365 0.018333333333333333 0.03666666666666667
0 0.2608333333333333 0.35583333333333333 0.021666666666666667 0.06833333333333333
0 0.18333333333333332 0.3566666666666667 0.04 0.05333333333333334
0 0.9491666666666667 0.34833333333333333 0.028333333333333332 0.05333333333333334
0 0.9633333333333334 0.33916666666666667 0.03666666666666667 0.055
0 0.9966666666666667 0.3125 0.006666666666666667 0.025
0 0.9925 0.32 0.015 0.04666666666666667
0 0.2683333333333333 0.2816666666666667 0.03 0.08
0 0.9816666666666667 0.27416666666666667 0.03 0.07166666666666667
0 0.9891666666666666 0.30333333333333334 0.008333333333333333 0.01
0 0.6241666666666666 0.7266666666666667 0.025 0.07333333333333333
0 0.6675 0.7125 0.041666666666666664 0.045
0 0.7066666666666667 0.6891666666666667 0.043333333333333335 0.03833333333333333
0 0.6233333333333333 0.6758333333333333 0.03 0.06833333333333333
0 0.67 0.6658333333333334 0.03 0.07166666666666667
0 0.65 0.6608333333333334 0.03 0.055
0 0.6316666666666667 0.6491666666666667 0.03 0.06833333333333333
0 0.6475 0.615 0.021666666666666667 0.06333333333333334
0 0.3275 0.595 0.03166666666666667 0.06666666666666667
0 0.35 0.5708333333333333 0.02666666666666667 0.08166666666666667
0 0.3333333333333333 0.5633333333333334 0.02 0.09666666666666666
0 0.36083333333333334 0.5375 0.028333333333333332 0.07166666666666667
