0 0.4575 0.49583333333333335 0.03166666666666667 0.04833333333333333
0 0.4866666666666667 0.5058333333333334 0.03 0.035
0 0.5183333333333333 0.5008333333333334 0.03 0.028333333333333332
0 0.435 0.5041666666666667 0.02 0.06166666666666667
0 0.4525 0.5175 0.028333333333333332 0.045
0 0.4691666666666667 0.5475 0.028333333333333332 0.028333333333333332
0 0.44416666666666665 0.5625 0.035 0.045
0 0.4683333333333333 0.5708333333333333 0.03 0.045
0 0.44666666666666666 0.5875 0.02666666666666667 0.045
0 0.43833333333333335 0.5958333333333333 0.03 0.051666666666666666
0 0.4691666666666667 0.5975 0.025 0.03166666666666667
0 0.48333333333333334 0.625 0.03666666666666667 0.03
0 0.45416666666666666 0.645 0.025 0.05
0 0.49166666666666664 0.6541666666666667 0.043333333333333335 0.041666666666666664
0 0.4791666666666667 0.665 0.025 0.04
0 0.485 0.6975 0.03 0.035
0 0.5091666666666667 0.6966666666666667 0.03166666666666667 0.02666666666666667
0 0.5225 0.7258333333333333 0.035 0.03166666666666667
0 0.4975 0.7291666666666666 0.03166666666666667 0.035
0 0.555 0.7458333333333333 0.03333333333333333 0.028333333333333332
0 0.5241666666666667 0.7533333333333333 0.028333333333333332 0.02666666666666667
0 0.5025 0.7591666666666667 0.025 0.035
0 0.5675 0.7691666666666667 0.025 0.025
0 0.5425 0.7741666666666667 0.035 0.03166666666666667
0 0.5075 0.7775 0.035 0.045
0 0.49166666666666664 0.3325 0.03333333333333333 0.03833333333333333
0 0.515 0.33416666666666667 0.03666666666666667 0.03166666666666667
0 0.4533333333333333 0.3466666666666667 0.02 0.07333333333333333
0 0.49 0.35083333333333333 0.04 0.03166666666666667
0 0.43083333333333335 0.37 0.011666666666666667 0.05333333333333334
0 0.46416666666666667 0.37 0.018333333333333333 0.07666666666666666
0 0.5191666666666667 0.37416666666666665 0.028333333333333332 0.028333333333333332
0 0.5458333333333333 0.38166666666666665 0.035 0.03
0 0.56 0.38166666666666665 0.023333333333333334 0.05333333333333334
0 0.4891666666666667 0.3858333333333333 0.028333333333333332 0.025
0 0.52 0.39166666666666666 0.02666666666666667 0.02
0 0.4375 0.39166666666666666 0.015 0.07333333333333333
0 0.5283333333333333 0.4075 0.03 0.028333333333333332
0 0.5041666666666667 0.4141666666666667 0.028333333333333332 0.028333333333333332
0 0.485 0.41333333333333333 0.02666666666666667 0.03333333333333333
0 0.45166666666666666 0.4175 0.016666666666666666 0.06166666666666667
0 0.5408333333333334 0.4216666666666667 0.021666666666666667 0.03
0 0.4666666666666667 0.42 0.016666666666666666 0.043333333333333335
0 0.5158333333333334 0.43416666666666665 0.025 0.03166666666666667
0 0.49333333333333335 0.44083333333333335 0.02666666666666667 0.03166666666666667
0 0.5375 0.44166666666666665 0.035 0.02666666666666667
0 0.5591666666666667 0.4475 0.021666666666666667 0.025
0 0.4741666666666667 0.4558333333333333 0.028333333333333332 0.03166666666666667
0 0.5025 0.4583333333333333 0.025 0.023333333333333334
0 0.5358333333333334 0.4633333333333333 0.03166666666666667 0.02666666666666667
0 0.45416666666666666 0.46166666666666667 0.03166666666666667 0.05
0 0.5091666666666667 0.47333333333333333 0.03166666666666667 0.02666666666666667
0 0.4866666666666667 0.485 0.03 0.03
0 0.5333333333333333 0.4891666666666667 0.03 0.028333333333333332
