0 0.26166666666666666 0.5191666666666667 0.02 0.051666666666666666
0 0.24083333333333334 0.43166666666666664 0.025 0.08
0 0.315 0.021666666666666667 0.016666666666666666 0.043333333333333335
0 0.9166666666666666 0.8783333333333333 0.03666666666666667 0.06
0 0.9908333333333333 0.9883333333333333 0.018333333333333333 0.023333333333333334
0 0.8816666666666667 0.8166666666666667 0.03333333333333333 0.05333333333333334
0 0.7058333333333333 0.7716666666666666 0.04833333333333333 0.03666666666666667
0 0.8408333333333333 0.7775 0.035 0.028333333333333332
0 0.3975 0.7608333333333334 0.04833333333333333 0.04833333333333333
0 0.32666666666666666 0.7475 0.043333333333333335 0.045
0 0.2875 0.7383333333333333 0.041666666666666664 0.03666666666666667
0 0.6466666666666666 0.7383333333333333 0.05 0.04666666666666667
0 0.38166666666666665 0.74 0.05 0.03333333333333333
0 0.3525 0.7366666666666667 0.03833333333333333 0.05
0 0.42916666666666664 0.7033333333333334 0.045 0.07
0 0.3016666666666667 0.6891666666666667 0.04 0.06166666666666667
0 0.5141666666666667 0.6758333333333333 0.045 0.03166666666666667
0 0.5525 0.6708333333333333 0.041666666666666664 0.045
0 0.5741666666666667 0.6708333333333333 0.04833333333333333 0.045
0 0.5091666666666667 0.6525 0.03833333333333333 0.028333333333333332
0 0.49083333333333334 0.6441666666666667 0.051666666666666666 0.04833333333333333
0 0.4475 0.64 0.045 0.04
0 0.23416666666666666 0.5416666666666666 0.03166666666666667 0.06
0 0.26916666666666667 0.5308333333333334 0.035 0.07833333333333334
