0 0.8441666666666666 0.9883333333333333 0.041666666666666664 0.023333333333333334
0 0.5175 0.4816666666666667 0.03833333333333333 0.13666666666666666
0 0.7666666666666667 0.9866666666666667 0.06 0.02666666666666667
0 0.5841666666666666 0.37416666666666665 0.065 0.09166666666666666
0 0.5133333333333333 0.35333333333333333 0.07 0.07666666666666666
0 0.5516666666666666 0.2708333333333333 0.07 0.06833333333333333
0 0.6741666666666667 0.9825 0.075 0.035
0 0.49666666666666665 0.2225 0.043333333333333335 0.115
0 0.6191666666666666 0.8975 0.075 0.075
0 0.5425 0.8658333333333333 0.07833333333333334 0.058333333333333334
0 0.8316666666666667 0.845 0.05 0.09666666666666666
0 0.88 0.825 0.03666666666666667 0.09666666666666666
0 0.7608333333333334 0.8066666666666666 0.051666666666666666 0.08
0 0.725 0.8041666666666667 0.04 0.08833333333333333
0 0.4525 0.7775 0.028333333333333332 0.13833333333333334
0 0.505 0.7091666666666666 0.05 0.10833333333333334
0 0.4025 0.5775 0.035 0.125
