0 0.455 0.5625 0.04 0.135
0 0.45666666666666667 0.6908333333333333 0.07333333333333333 0.07166666666666667
0 0.49 0.7666666666666667 0.07333333333333333 0.056666666666666664
0 0.7883333333333333 0.7966666666666666 0.07 0.10333333333333333
0 0.4325 0.8175 0.03833333333333333 0.125
0 0.6991666666666667 0.03166666666666667 0.07833333333333334 0.06333333333333334
0 0.765 0.04 0.056666666666666664 0.08
0 0.6383333333333333 0.07083333333333333 0.07666666666666666 0.07833333333333334
0 0.9758333333333333 0.13833333333333334 0.04833333333333333 0.08
0 0.5625 0.15 0.065 0.09
0 0.7091666666666666 0.15666666666666668 0.06833333333333333 0.09
0 0.4816666666666667 0.17833333333333334 0.07666666666666666 0.06666666666666667
0 0.7808333333333334 0.195 0.045 0.10333333333333333
0 0.8208333333333333 0.21333333333333335 0.035 0.1
0 0.3908333333333333 0.26166666666666666 0.028333333333333332 0.14
0 0.7391666666666666 0.2758333333333333 0.07833333333333334 0.051666666666666666
0 0.44333333333333336 0.33 0.05 0.10666666666666667
0 0.3308333333333333 0.37916666666666665 0.035 0.145
