0 0.7516666666666667 0.97 0.07333333333333333 0.06
0 0.9925 0.47583333333333333 0.015 0.06166666666666667
0 0.5108333333333334 0.4525 0.045 0.13833333333333334
0 0.6716666666666666 0.975 0.08333333333333333 0.05
0 0.575 0.34833333333333333 0.06333333333333334 0.10333333333333333
0 0.505 0.325 0.07 0.08
0 0.5466666666666666 0.23833333333333334 0.06666666666666667 0.07666666666666666
0 0.48833333333333334 0.19416666666666665 0.04666666666666667 0.12166666666666667
0 0.6158333333333333 0.8741666666666666 0.075 0.075
0 0.5233333333333333 0.8391666666666666 0.08333333333333333 0.065
0 0.8275 0.8266666666666667 0.051666666666666666 0.1
0 0.8733333333333333 0.7966666666666666 0.043333333333333335 0.09666666666666666
0 0.7616666666666667 0.7833333333333333 0.043333333333333335 0.09666666666666666
0 0.7266666666666667 0.7625 0.056666666666666664 0.115
0 0.445 0.7541666666666667 0.03 0.14166666666666666
0 0.9808333333333333 0.7475 0.03833333333333333 0.12166666666666667
0 0.49666666666666665 0.6833333333333333 0.05 0.11
0 0.8325 0.9775 0.058333333333333334 0.045
0 0.39166666666666666 0.5566666666666666 0.03666666666666667 0.14
