0 0.30833333333333335 0.5291666666666667 0.056666666666666664 0.095
0 0.1425 0.04416666666666667 0.07166666666666667 0.065
0 0.7025 0.6733333333333333 0.065 0.05333333333333334
0 0.005833333333333334 0.7141666666666666 0.011666666666666667 0.03166666666666667
0 0.25916666666666666 0.0475 0.055 0.095
0 0.7308333333333333 0.7458333333333333 0.065 0.07833333333333334
0 0.6141666666666666 0.78 0.03833333333333333 0.12
0 0.6775 0.8108333333333333 0.07166666666666667 0.058333333333333334
0 0.6541666666666667 0.8841666666666667 0.065 0.085
0 0.6975 0.8958333333333334 0.055 0.10833333333333334
0 0.6316666666666667 0.9325 0.06666666666666667 0.09166666666666666
0 0.3858333333333333 0.9891666666666666 0.055 0.021666666666666667
0 0.3641666666666667 0.08833333333333333 0.065 0.05
0 0.41333333333333333 0.15833333333333333 0.06 0.07333333333333333
0 0.3416666666666667 0.17333333333333334 0.07 0.05333333333333334
0 0.43333333333333335 0.22583333333333333 0.06666666666666667 0.06833333333333333
0 0.65 0.3175 0.03 0.11166666666666666
0 0.2891666666666667 0.39416666666666667 0.07166666666666667 0.051666666666666666
0 0.05416666666666667 0.4083333333333333 0.055 0.09333333333333334
