0 0.39916666666666667 0.5375 0.018333333333333333 0.06166666666666667
0 0.3466666666666667 0.5333333333333333 0.03666666666666667 0.043333333333333335
0 0.31666666666666665 0.5333333333333333 0.03666666666666667 0.03333333333333333
0 0.6241666666666666 0.5208333333333334 0.015 0.07833333333333334
0 0.34833333333333333 0.5041666666666667 0.03 0.04833333333333333
0 0.3283333333333333 0.49416666666666664 0.03333333333333333 0.041666666666666664
0 0.37583333333333335 0.4866666666666667 0.03166666666666667 0.03666666666666667
0 0.5891666666666666 0.4816666666666667 0.035 0.05
0 0.635 0.4766666666666667 0.013333333333333334 0.05333333333333334
0 0.6491666666666667 0.4775 0.018333333333333333 0.065
0 0.3491666666666667 0.46 0.021666666666666667 0.05
0 0.40166666666666667 0.46416666666666667 0.03 0.03166666666666667
0 0.36833333333333335 0.4533333333333333 0.02 0.05
0 0.39 0.4475 0.03333333333333333 0.03833333333333333
0 0.6291666666666667 0.43416666666666665 0.015 0.065
0 0.42916666666666664 0.4275 0.03166666666666667 0.03166666666666667
0 0.41083333333333333 0.4175 0.03166666666666667 0.028333333333333332
0 0.3908333333333333 0.41 0.021666666666666667 0.05333333333333334
0 0.36833333333333335 0.4058333333333333 0.016666666666666666 0.058333333333333334
0 0.3516666666666667 0.4083333333333333 0.023333333333333334 0.06
0 0.42083333333333334 0.38916666666666666 0.03166666666666667 0.03166666666666667
0 0.3908333333333333 0.3641666666666667 0.03166666666666667 0.03166666666666667
0 0.43166666666666664 0.3591666666666667 0.03333333333333333 0.03166666666666667
0 0.37166666666666665 0.3425 0.03333333333333333 0.045
0 0.42333333333333334 0.34 0.03333333333333333 0.03666666666666667
0 0.5916666666666667 0.9633333333333334 0.023333333333333334 0.043333333333333335
0 0.39666666666666667 0.3275 0.02666666666666667 0.051666666666666666
0 0.7441666666666666 0.32083333333333336 0.025 0.075
0 0.3725 0.3 0.015 0.05333333333333334
0 0.3883333333333333 0.30416666666666664 0.02666666666666667 0.03166666666666667
0 0.3925 0.2808333333333333 0.025 0.035
0 0.42333333333333334 0.2775 0.03333333333333333 0.03166666666666667
0 0.8416666666666667 0.2783333333333333 0.03333333333333333 0.05
0 0.75 0.25833333333333336 0.02 0.07333333333333333
0 0.4125 0.245 0.021666666666666667 0.043333333333333335
0 0.4266666666666667 0.24666666666666667 0.03 0.03333333333333333
0 0.385 0.24333333333333335 0.03 0.056666666666666664
0 0.44916666666666666 0.24583333333333332 0.03166666666666667 0.035
0 0.4041666666666667 0.2625 0.0016666666666666668 0.0016666666666666668
0 0.44166666666666665 0.21916666666666668 0.03333333333333333 0.028333333333333332
0 0.4241666666666667 0.20666666666666667 0.025 0.03333333333333333
0 0.83 0.21333333333333335 0.03 0.08666666666666667
0 0.40166666666666667 0.2025 0.03 0.03166666666666667
0 0.8016666666666666 0.20083333333333334 0.023333333333333334 0.028333333333333332
0 0.455 0.19333333333333333 0.03333333333333333 0.03
0 0.4083333333333333 0.165 0.023333333333333334 0.056666666666666664
0 0.475 0.165 0.02666666666666667 0.03666666666666667
0 0.44583333333333336 0.16166666666666665 0.028333333333333332 0.04666666666666667
0 0.8083333333333333 0.15083333333333335 0.03333333333333333 0.041666666666666664
0 0.43666666666666665 0.14583333333333334 0.02 0.075
0 0.5708333333333333 0.9433333333333334 0.018333333333333333 0.03
0 0.8075 0.12583333333333332 0.035 0.03166666666666667
0 0.4216666666666667 0.1125 0.02666666666666667 0.04833333333333333
0 0.42083333333333334 0.09916666666666667 0.03166666666666667 0.075
0 0.7933333333333333 0.0825 0.03 0.04833333333333333
0 0.9583333333333334 0.0275 0.03666666666666667 0.055
0 0.41583333333333333 0.0175 0.021666666666666667 0.035
0 0.5675 0.9083333333333333 0.025 0.05
0 0.5508333333333333 0.9033333333333333 0.018333333333333333 0.04666666666666667
0 0.5633333333333334 0.87 0.02 0.05333333333333334
0 0.545 0.8516666666666667 0.023333333333333334 0.056666666666666664
0 0.43833333333333335 0.8341666666666666 0.02 0.06166666666666667
0 0.66 0.825 0.023333333333333334 0.08
0 0.5466666666666666 0.8125 0.023333333333333334 0.058333333333333334
0 0.5658333333333333 0.8066666666666666 0.015 0.06333333333333334
0 0.5291666666666667 0.7991666666666667 0.018333333333333333 0.058333333333333334
0 0.555 0.8383333333333334 0.0033333333333333335 0.0033333333333333335
0 0.6625 0.8058333333333333 0.018333333333333333 0.045
0 0.555 0.8375 0.006666666666666667 0.005
0 0.455 0.7966666666666666 0.02 0.06
0 0.42833333333333334 0.79 0.016666666666666666 0.056666666666666664
0 0.4166666666666667 0.7791666666666667 0.016666666666666666 0.07166666666666667
0 0.4475 0.7766666666666666 0.015 0.06666666666666667
0 0.4 0.7716666666666666 0.023333333333333334 0.05333333333333334
0 0.36333333333333334 0.7633333333333333 0.023333333333333334 0.07333333333333333
0 0.565 0.7625 0.03 0.055
0 0.4375 0.7616666666666667 0.011666666666666667 0.06
0 0.5316666666666666 0.7591666666666667 0.03 0.041666666666666664
0 0.5983333333333334 0.9891666666666666 0.023333333333333334 0.021666666666666667
0 0.5366666666666666 0.7358333333333333 0.03 0.051666666666666666
0 0.405 0.7266666666666667 0.013333333333333334 0.07333333333333333
0 0.36 0.7283333333333334 0.016666666666666666 0.07333333333333333
0 0.43416666666666665 0.705 0.015 0.07333333333333333
0 0.33666666666666667 0.705 0.02 0.07
0 0.43083333333333335 0.6983333333333334 0.008333333333333333 0.05333333333333334
0 0.37416666666666665 0.6908333333333333 0.021666666666666667 0.06833333333333333
0 0.3275 0.6816666666666666 0.011666666666666667 0.05
0 0.41333333333333333 0.6608333333333334 0.023333333333333334 0.055
0 0.4425 0.6525 0.015 0.058333333333333334
0 0.3925 0.6041666666666666 0.018333333333333333 0.075
0 0.6358333333333334 0.5991666666666666 0.015 0.075
0 0.4141666666666667 0.5966666666666667 0.028333333333333332 0.06
0 0.34833333333333333 0.5941666666666666 0.03333333333333333 0.045
0 0.43416666666666665 0.5916666666666667 0.015 0.06666666666666667
0 0.4125 0.57 0.021666666666666667 0.07333333333333333
0 0.66 0.5625 0.02666666666666667 0.06166666666666667
0 0.33916666666666667 0.56 0.028333333333333332 0.02666666666666667
0 0.6433333333333333 0.5516666666666666 0.023333333333333334 0.06333333333333334
