0 0.8183333333333334 0.9475 0.056666666666666664 0.105
0 0.7566666666666667 0.9466666666666667 0.07333333333333333 0.07666666666666666
0 0.5266666666666666 0.435 0.03666666666666667 0.13
0 0.525 0.31166666666666665 0.06666666666666667 0.07333333333333333
0 0.77 0.3 0.07 0.07333333333333333
0 0.6783333333333333 0.9283333333333333 0.07333333333333333 0.05333333333333334
0 0.5625 0.23333333333333334 0.065 0.07333333333333333
0 0.505 0.195 0.03666666666666667 0.12333333333333334
0 0.9941666666666666 0.8475 0.011666666666666667 0.041666666666666664
0 0.7658333333333334 0.8316666666666667 0.058333333333333334 0.10333333333333333
0 0.6283333333333333 0.8266666666666667 0.06333333333333334 0.08666666666666667
0 0.6766666666666666 0.9825 0.056666666666666664 0.035
0 0.5516666666666666 0.8016666666666666 0.07333333333333333 0.06
0 0.835 0.7808333333333334 0.04 0.095
0 0.8725 0.7675 0.03833333333333333 0.095
0 0.7625 0.7391666666666666 0.045 0.095
0 0.4658333333333333 0.7191666666666666 0.028333333333333332 0.13166666666666665
0 0.515 0.6541666666666667 0.04666666666666667 0.10166666666666667
0 0.4066666666666667 0.6058333333333333 0.03333333333333333 0.135
