0 0.8283333333333334 0.4725 0.03 0.06166666666666667
0 0.23333333333333334 0.4866666666666667 0.016666666666666666 0.056666666666666664
0 0.2725 0.49583333333333335 0.03833333333333333 0.07833333333333334
0 0.3233333333333333 0.5008333333333334 0.023333333333333334 0.065
0 0.8291666666666667 0.5058333333333334 0.021666666666666667 0.03833333333333333
0 0.245 0.5116666666666667 0.016666666666666666 0.06666666666666667
0 0.3525 0.5133333333333333 0.041666666666666664 0.03333333333333333
0 0.7725 0.5216666666666666 0.03833333333333333 0.07333333333333333
0 0.7908333333333334 0.5258333333333334 0.028333333333333332 0.06833333333333333
0 0.8808333333333334 0.5241666666666667 0.035 0.09166666666666666
0 0.81 0.5391666666666667 0.02 0.065
0 0.8541666666666666 0.5358333333333334 0.035 0.055
0 0.26 0.5391666666666667 0.02 0.065
0 0.8316666666666667 0.5375 0.03 0.04833333333333333
0 0.785 0.5616666666666666 0.03333333333333333 0.07
0 0.7716666666666666 0.5766666666666667 0.0033333333333333335 0.0033333333333333335
0 0.7308333333333333 0.5925 0.03166666666666667 0.058333333333333334
0 0.8083333333333333 0.5966666666666667 0.03 0.06
0 0.6716666666666666 0.6 0.04 0.06333333333333334
0 0.7616666666666667 0.6066666666666667 0.02 0.08666666666666667
0 0.7783333333333333 0.6458333333333334 0.02 0.058333333333333334
0 0.6558333333333334 0.665 0.028333333333333332 0.08333333333333333
0 0.7625 0.6758333333333333 0.018333333333333333 0.058333333333333334
0 0.6425 0.6875 0.021666666666666667 0.07166666666666667
0 0.31333333333333335 0.755 0.03333333333333333 0.07
0 0.55 0.8191666666666667 0.03 0.07166666666666667
0 0.2875 0.985 0.018333333333333333 0.03
0 0.2608333333333333 0.1375 0.0016666666666666668 0.005
0 0.2875 0.145 0.028333333333333332 0.05333333333333334
0 0.2683333333333333 0.14 0.023333333333333334 0.05
0 0.245 0.18333333333333332 0.02 0.06666666666666667
0 0.25416666666666665 0.18833333333333332 0.021666666666666667 0.056666666666666664
0 0.2658333333333333 0.20416666666666666 0.03166666666666667 0.06166666666666667
0 0.3016666666666667 0.22916666666666666 0.02 0.07166666666666667
0 0.24583333333333332 0.2425 0.018333333333333333 0.055
0 0.3125 0.27166666666666667 0.018333333333333333 0.07666666666666666
0 0.2875 0.2725 0.018333333333333333 0.07166666666666667
0 0.26416666666666666 0.2891666666666667 0.021666666666666667 0.075
0 0.8191666666666667 0.29333333333333333 0.028333333333333332 0.056666666666666664
0 0.8783333333333333 0.29833333333333334 0.04 0.03666666666666667
0 0.8266666666666667 0.31 0.04 0.06
0 0.915 0.3125 0.03333333333333333 0.055
0 0.30333333333333334 0.31916666666666665 0.02 0.07166666666666667
0 0.3225 0.31333333333333335 0.015 0.056666666666666664
0 0.8225 0.31833333333333336 0.0016666666666666668 0.0033333333333333335
0 0.8533333333333334 0.315 0.016666666666666666 0.06333333333333334
0 0.26416666666666666 0.35083333333333333 0.025 0.065
0 0.8941666666666667 0.3525 0.041666666666666664 0.028333333333333332
0 0.32 0.3566666666666667 0.02 0.07
0 0.9183333333333333 0.3525 0.02 0.075
0 0.8308333333333333 0.36083333333333334 0.041666666666666664 0.03166666666666667
0 0.345 0.3675 0.03333333333333333 0.045
0 0.8325 0.37 0.041666666666666664 0.05
0 0.8566666666666667 0.37666666666666665 0.02666666666666667 0.07
0 0.8916666666666667 0.37833333333333335 0.03666666666666667 0.03333333333333333
0 0.35333333333333333 0.4041666666666667 0.03 0.045
0 0.8458333333333333 0.4075 0.0016666666666666668 0.0016666666666666668
0 0.8283333333333334 0.41083333333333333 0.03 0.03833333333333333
0 0.22416666666666665 0.41083333333333333 0.018333333333333333 0.07166666666666667
0 0.8758333333333334 0.4141666666666667 0.025 0.045
0 0.8008333333333333 0.415 0.035 0.04666666666666667
0 0.8833333333333333 0.43166666666666664 0.02666666666666667 0.05
0 0.39 0.43083333333333335 0.043333333333333335 0.04833333333333333
0 0.2375 0.43083333333333335 0.018333333333333333 0.085
0 0.43 0.43916666666666665 0.03333333333333333 0.065
0 0.305 0.44083333333333335 0.023333333333333334 0.055
0 0.3225 0.44916666666666666 0.03833333333333333 0.06833333333333333
0 0.8141666666666667 0.4825 0.0016666666666666668 0.0016666666666666668
0 0.8891666666666667 0.4533333333333333 0.03166666666666667 0.06666666666666667
0 0.8 0.47333333333333333 0.006666666666666667 0.01
0 0.79 0.45666666666666667 0.03333333333333333 0.04666666666666667
0 0.8541666666666666 0.46 0.028333333333333332 0.05333333333333334
