0 0.43166666666666664 0.5416666666666666 0.03333333333333333 0.02666666666666667
0 0.5208333333333334 0.5425 0.035 0.03833333333333333
0 0.2891666666666667 0.5383333333333333 0.018333333333333333 0.07
0 0.5 0.5391666666666667 0.03 0.041666666666666664
0 0.4608333333333333 0.5283333333333333 0.041666666666666664 0.02666666666666667
0 0.27166666666666667 0.5225 0.02 0.051666666666666666
0 0.5891666666666666 0.5208333333333334 0.035 0.045
0 0.5558333333333333 0.5233333333333333 0.03833333333333333 0.023333333333333334
0 0.25166666666666665 0.5166666666666667 0.02666666666666667 0.07666666666666666
0 0.3975 0.5158333333333334 0.04833333333333333 0.028333333333333332
0 0.6258333333333334 0.5116666666666667 0.025 0.056666666666666664
0 0.5475 0.5058333333333334 0.041666666666666664 0.028333333333333332
0 0.6008333333333333 0.5016666666666667 0.03166666666666667 0.03666666666666667
0 0.415 0.49083333333333334 0.043333333333333335 0.03166666666666667
0 0.37916666666666665 0.4841666666666667 0.03166666666666667 0.035
0 0.6141666666666666 0.4625 0.015 0.051666666666666666
0 0.5683333333333334 0.4675 0.03333333333333333 0.041666666666666664
0 0.5891666666666666 0.4633333333333333 0.035 0.05
0 0.5366666666666666 0.4625 0.03 0.045
0 0.37583333333333335 0.45416666666666666 0.03166666666666667 0.045
0 0.5583333333333333 0.42583333333333334 0.02666666666666667 0.051666666666666666
0 0.59 0.425 0.023333333333333334 0.06
0 0.30583333333333335 0.42083333333333334 0.018333333333333333 0.041666666666666664
0 0.3625 0.4058333333333333 0.028333333333333332 0.055
0 0.5975 0.4041666666666667 0.035 0.055
0 0.5691666666666667 0.4033333333333333 0.021666666666666667 0.05333333333333334
0 0.3458333333333333 0.3875 0.021666666666666667 0.07833333333333334
0 0.3725 0.3883333333333333 0.018333333333333333 0.08333333333333333
0 0.5475 0.38 0.025 0.05
0 0.6091666666666666 0.37666666666666665 0.035 0.05
0 0.5633333333333334 0.36333333333333334 0.02666666666666667 0.05
0 0.5916666666666667 0.32666666666666666 0.02 0.06
0 0.5725 0.31666666666666665 0.021666666666666667 0.08333333333333333
0 0.6041666666666666 0.28833333333333333 0.018333333333333333 0.06333333333333334
0 0.5808333333333333 0.2758333333333333 0.018333333333333333 0.058333333333333334
0 0.6216666666666667 0.29 0.016666666666666666 0.08
0 0.595 0.2633333333333333 0.016666666666666666 0.06
0 0.6083333333333333 0.22833333333333333 0.016666666666666666 0.06
0 0.585 0.21583333333333332 0.016666666666666666 0.06833333333333333
0 0.6258333333333334 0.1975 0.021666666666666667 0.07166666666666667
0 0.6 0.1875 0.016666666666666666 0.07166666666666667
0 0.11 0.051666666666666666 0.04666666666666667 0.03
0 0.05 0.019166666666666665 0.03 0.03833333333333333
0 0.5333333333333333 0.9025 0.023333333333333334 0.06833333333333333
0 0.5366666666666666 0.8591666666666666 0.02 0.03833333333333333
0 0.5541666666666667 0.8266666666666667 0.03166666666666667 0.07333333333333333
0 0.5125 0.8258333333333333 0.025 0.055
0 0.6766666666666666 0.815 0.03 0.03333333333333333
0 0.7075 0.8008333333333333 0.045 0.041666666666666664
0 0.5258333333333334 0.8008333333333333 0.018333333333333333 0.065
0 0.63 0.7933333333333333 0.023333333333333334 0.023333333333333334
0 0.6808333333333333 0.7908333333333334 0.0016666666666666668 0.0016666666666666668
0 0.49833333333333335 0.7825 0.03666666666666667 0.03166666666666667
0 0.7058333333333333 0.775 0.028333333333333332 0.03
0 0.6458333333333334 0.7775 0.008333333333333333 0.015
0 0.6108333333333333 0.7675 0.035 0.03166666666666667
0 0.7316666666666667 0.7716666666666666 0.03333333333333333 0.03333333333333333
0 0.5783333333333334 0.7541666666666667 0.03 0.03833333333333333
0 0.49333333333333335 0.75 0.03666666666666667 0.04666666666666667
0 0.625 0.7433333333333333 0.03666666666666667 0.02666666666666667
0 0.6983333333333334 0.7391666666666666 0.03 0.041666666666666664
0 0.6683333333333333 0.74 0.02666666666666667 0.06666666666666667
0 0.49583333333333335 0.73 0.03166666666666667 0.05
0 0.645 0.7308333333333333 0.03333333333333333 0.028333333333333332
0 0.6091666666666666 0.725 0.03833333333333333 0.03
0 0.4583333333333333 0.7208333333333333 0.03333333333333333 0.025
0 0.6375 0.7083333333333334 0.03166666666666667 0.02
0 0.5641666666666667 0.7058333333333333 0.035 0.03166666666666667
0 0.6016666666666667 0.7041666666666667 0.03666666666666667 0.025
0 0.5258333333333334 0.7025 0.035 0.028333333333333332
0 0.6308333333333334 0.6866666666666666 0.03833333333333333 0.03
0 0.5916666666666667 0.685 0.03666666666666667 0.03
0 0.5225 0.6825 0.03833333333333333 0.035
0 0.5583333333333333 0.6758333333333333 0.04 0.03166666666666667
0 0.32666666666666666 0.6716666666666666 0.04 0.05
0 0.6316666666666667 0.6566666666666666 0.04 0.03
0 0.5975 0.655 0.03166666666666667 0.03
0 0.53 0.6541666666666667 0.04666666666666667 0.028333333333333332
0 0.32166666666666666 0.6383333333333333 0.03333333333333333 0.07
0 0.6575 0.635 0.025 0.06666666666666667
0 0.07583333333333334 0.6325 0.041666666666666664 0.07166666666666667
0 0.5941666666666666 0.63 0.045 0.03333333333333333
0 0.6291666666666667 0.62 0.03833333333333333 0.03666666666666667
0 0.5925 0.6058333333333333 0.035 0.035
0 0.5591666666666667 0.6041666666666666 0.03833333333333333 0.025
0 0.2975 0.605 0.018333333333333333 0.06333333333333334
0 0.5441666666666667 0.59 0.035 0.03666666666666667
0 0.43416666666666665 0.5908333333333333 0.03833333333333333 0.035
0 0.04416666666666667 0.5775 0.028333333333333332 0.06833333333333333
0 0.625 0.5791666666666667 0.043333333333333335 0.035
0 0.5816666666666667 0.5783333333333334 0.043333333333333335 0.03333333333333333
0 0.27666666666666667 0.575 0.023333333333333334 0.06333333333333334
0 0.6466666666666666 0.5725 0.03 0.055
0 0.5375 0.5725 0.041666666666666664 0.035
0 0.45416666666666666 0.5591666666666667 0.04833333333333333 0.041666666666666664
0 0.6225 0.5491666666666667 0.028333333333333332 0.045
0 0.5783333333333334 0.5491666666666667 0.05333333333333334 0.041666666666666664
0 0.535 0.5508333333333333 0.03666666666666667 0.03166666666666667
0 0.5966666666666667 0.5525 0.02 0.03833333333333333
0 0.39416666666666667 0.5483333333333333 0.03833333333333333 0.03333333333333333
