0 0.385 0.9733333333333334 0.02 0.05333333333333334
0 0.38166666666666665 0.5133333333333333 0.016666666666666666 0.08333333333333333
0 0.8533333333333334 0.49916666666666665 0.03333333333333333 0.058333333333333334
0 0.875 0.49833333333333335 0.02 0.056666666666666664
0 0.35583333333333333 0.9725 0.018333333333333333 0.055
0 0.8783333333333333 0.45416666666666666 0.02 0.058333333333333334
0 0.8908333333333334 0.4533333333333333 0.018333333333333333 0.06666666666666667
0 0.8433333333333334 0.4508333333333333 0.03666666666666667 0.045
0 0.855 0.4275 0.03 0.055
0 0.8666666666666667 0.4025 0.03666666666666667 0.055
0 0.8258333333333333 0.3983333333333333 0.025 0.07666666666666666
0 0.8675 0.4008333333333333 0.035 0.055
0 0.3225 0.965 0.018333333333333333 0.06333333333333334
0 0.8875 0.36666666666666664 0.025 0.07333333333333333
0 0.8725 0.36833333333333335 0.028333333333333332 0.05333333333333334
0 0.34 0.9666666666666667 0.023333333333333334 0.06
0 0.8908333333333334 0.3075 0.021666666666666667 0.06833333333333333
0 0.8616666666666667 0.3025 0.04 0.041666666666666664
0 0.375 0.96 0.02666666666666667 0.043333333333333335
0 0.41333333333333333 0.29583333333333334 0.02666666666666667 0.085
0 0.43166666666666664 0.2808333333333333 0.03333333333333333 0.07166666666666667
0 0.8641666666666666 0.2725 0.03166666666666667 0.04833333333333333
0 0.45916666666666667 0.2625 0.045 0.065
0 0.8708333333333333 0.24 0.028333333333333332 0.05
0 0.5291666666666667 0.2425 0.035 0.065
0 0.4583333333333333 0.23 0.02666666666666667 0.043333333333333335
0 0.44416666666666665 0.22 0.025 0.06666666666666667
0 0.8508333333333333 0.19583333333333333 0.041666666666666664 0.03166666666666667
0 0.475 0.1875 0.03 0.045
0 0.8441666666666666 0.1625 0.045 0.03833333333333333
0 0.8508333333333333 0.1475 0.035 0.065
0 0.8608333333333333 0.14 0.025 0.07
0 0.8091666666666667 0.12416666666666666 0.045 0.06166666666666667
0 0.8325 0.08166666666666667 0.03166666666666667 0.056666666666666664
0 0.38 0.02666666666666667 0.023333333333333334 0.05333333333333334
0 0.3383333333333333 0.9275 0.023333333333333334 0.065
0 0.36833333333333335 0.9225 0.03666666666666667 0.028333333333333332
0 0.4091666666666667 0.8916666666666667 0.03833333333333333 0.043333333333333335
0 0.38166666666666665 0.8783333333333333 0.02 0.06333333333333334
0 0.5825 0.8675 0.041666666666666664 0.058333333333333334
0 0.42916666666666664 0.8658333333333333 0.041666666666666664 0.028333333333333332
0 0.91 0.8625 0.02666666666666667 0.075
0 0.4658333333333333 0.8566666666666667 0.035 0.03
0 0.36333333333333334 0.8316666666666667 0.02 0.04
0 0.5441666666666667 0.8325 0.03166666666666667 0.085
0 0.49333333333333335 0.8258333333333333 0.04 0.028333333333333332
0 0.6116666666666667 0.8208333333333333 0.04666666666666667 0.041666666666666664
0 0.8808333333333334 0.8175 0.03166666666666667 0.07166666666666667
0 0.6608333333333334 0.8075 0.035 0.04833333333333333
0 0.37583333333333335 0.7991666666666667 0.028333333333333332 0.028333333333333332
0 0.5116666666666667 0.7991666666666667 0.03666666666666667 0.03166666666666667
0 0.6858333333333333 0.7866666666666666 0.028333333333333332 0.07
0 0.4041666666666667 0.7741666666666667 0.028333333333333332 0.055
0 0.705 0.7733333333333333 0.023333333333333334 0.03666666666666667
0 0.8516666666666667 0.7741666666666667 0.03333333333333333 0.07833333333333334
0 0.3275 0.9916666666666667 0.015 0.016666666666666666
0 0.39166666666666666 0.7616666666666667 0.023333333333333334 0.056666666666666664
0 0.29 0.7608333333333334 0.03666666666666667 0.035
0 0.6758333333333333 0.7591666666666667 0.035 0.051666666666666666
0 0.2925 0.7358333333333333 0.028333333333333332 0.021666666666666667
0 0.38083333333333336 0.7341666666666666 0.018333333333333333 0.055
0 0.7083333333333334 0.7291666666666666 0.02666666666666667 0.045
0 0.8508333333333333 0.7266666666666667 0.025 0.06333333333333334
0 0.41333333333333333 0.72 0.03333333333333333 0.04
0 0.6783333333333333 0.7208333333333333 0.023333333333333334 0.058333333333333334
0 0.805 0.7133333333333334 0.02 0.08
0 0.4008333333333333 0.7025 0.021666666666666667 0.055
0 0.6941666666666667 0.7108333333333333 0.005 0.008333333333333333
0 0.6991666666666667 0.6991666666666667 0.025 0.065
0 0.8225 0.6908333333333333 0.021666666666666667 0.06833333333333333
0 0.7266666666666667 0.6908333333333333 0.016666666666666666 0.08166666666666667
0 0.4508333333333333 0.685 0.03833333333333333 0.04
0 0.42833333333333334 0.6783333333333333 0.03 0.043333333333333335
0 0.8391666666666666 0.68 0.021666666666666667 0.07333333333333333
0 0.8608333333333333 0.6591666666666667 0.021666666666666667 0.06166666666666667
0 0.44583333333333336 0.9808333333333333 0.028333333333333332 0.03833333333333333
0 0.46416666666666667 0.6425 0.03166666666666667 0.04833333333333333
0 0.8166666666666667 0.6383333333333333 0.023333333333333334 0.07
0 0.8558333333333333 0.6308333333333334 0.025 0.07166666666666667
0 0.7583333333333333 0.6083333333333333 0.023333333333333334 0.09
0 0.875 0.6066666666666667 0.02 0.04666666666666667
0 0.8 0.6041666666666666 0.016666666666666666 0.041666666666666664
0 0.8258333333333333 0.5875 0.021666666666666667 0.058333333333333334
0 0.4525 0.5625 0.041666666666666664 0.051666666666666666
0 0.6691666666666667 0.5433333333333333 0.028333333333333332 0.07333333333333333
0 0.83 0.545 0.02666666666666667 0.06
0 0.7466666666666667 0.5416666666666666 0.02 0.08666666666666667
0 0.88 0.5416666666666666 0.03 0.07
0 0.7675 0.5358333333333334 0.021666666666666667 0.075
