0 0.7108333333333333 0.4666666666666667 0.03166666666666667 0.06666666666666667
0 0.6966666666666667 0.4716666666666667 0.03666666666666667 0.06333333333333334
0 0.6758333333333333 0.4841666666666667 0.035 0.028333333333333332
0 0.2675 0.49333333333333335 0.021666666666666667 0.06666666666666667
0 0.7541666666666667 0.5083333333333333 0.035 0.04
0 0.8533333333333334 0.5116666666666667 0.016666666666666666 0.05333333333333334
0 0.16666666666666666 0.055 0.013333333333333334 0.06333333333333334
0 0.725 0.5225 0.016666666666666666 0.07166666666666667
0 0.2525 0.525 0.018333333333333333 0.04666666666666667
0 0.6941666666666667 0.525 0.03833333333333333 0.05
0 0.82 0.5291666666666667 0.03666666666666667 0.03833333333333333
0 0.7858333333333334 0.5308333333333334 0.03833333333333333 0.03166666666666667
0 0.7133333333333334 0.5458333333333333 0.02 0.058333333333333334
0 0.7725 0.5441666666666667 0.03166666666666667 0.03833333333333333
0 0.7391666666666666 0.5475 0.03166666666666667 0.035
0 0.7991666666666667 0.5516666666666666 0.028333333333333332 0.03666666666666667
0 0.2425 0.555 0.015 0.06666666666666667
0 0.8416666666666667 0.5558333333333333 0.03 0.051666666666666666
0 0.7566666666666667 0.5566666666666666 0.03 0.02666666666666667
0 0.8158333333333333 0.5658333333333333 0.028333333333333332 0.028333333333333332
0 0.1425 0.05583333333333333 0.015 0.04833333333333333
0 0.7783333333333333 0.5766666666666667 0.03 0.02666666666666667
0 0.85 0.5875 0.016666666666666666 0.06833333333333333
0 0.9025 0.5858333333333333 0.03166666666666667 0.03833333333333333
0 0.7983333333333333 0.5891666666666666 0.03 0.03166666666666667
0 0.25916666666666666 0.5908333333333333 0.03166666666666667 0.065
0 0.82 0.5933333333333334 0.03 0.03
0 0.7416666666666667 0.5958333333333333 0.023333333333333334 0.051666666666666666
0 0.7633333333333333 0.6016666666666667 0.03 0.03666666666666667
0 0.8266666666666667 0.6066666666666667 0.03 0.03
0 0.785 0.6191666666666666 0.03333333333333333 0.03166666666666667
0 0.8325 0.6233333333333333 0.03166666666666667 0.03666666666666667
0 0.8675 0.6225 0.028333333333333332 0.041666666666666664
0 0.8025 0.6258333333333334 0.021666666666666667 0.028333333333333332
0 0.885 0.645 0.03333333333333333 0.043333333333333335
0 0.9091666666666667 0.645 0.03166666666666667 0.03333333333333333
0 0.8516666666666667 0.6483333333333333 0.03333333333333333 0.03
0 0.9316666666666666 0.6533333333333333 0.02666666666666667 0.06666666666666667
0 0.7283333333333334 0.65 0.03333333333333333 0.05
0 0.7458333333333333 0.6566666666666666 0.025 0.056666666666666664
0 0.9125 0.6691666666666667 0.03166666666666667 0.028333333333333332
0 0.8591666666666666 0.67 0.03166666666666667 0.02666666666666667
0 0.8825 0.6783333333333333 0.03166666666666667 0.03
0 0.8608333333333333 0.7033333333333334 0.03833333333333333 0.03333333333333333
0 0.8283333333333334 0.7075 0.043333333333333335 0.03833333333333333
0 0.17833333333333334 0.08083333333333333 0.02 0.075
0 0.15583333333333332 0.08916666666666667 0.018333333333333333 0.055
0 0.4625 0.9883333333333333 0.021666666666666667 0.023333333333333334
0 0.1725 0.14083333333333334 0.025 0.07833333333333334
0 0.16583333333333333 0.15916666666666668 0.011666666666666667 0.055
0 0.18416666666666667 0.18916666666666668 0.028333333333333332 0.04833333333333333
0 0.18416666666666667 0.23666666666666666 0.028333333333333332 0.08333333333333333
0 0.14833333333333334 0.021666666666666667 0.016666666666666666 0.043333333333333335
0 0.17916666666666667 0.024166666666666666 0.021666666666666667 0.04833333333333333
0 0.16 0.025833333333333333 0.016666666666666666 0.051666666666666666
0 0.13333333333333333 0.029166666666666667 0.013333333333333334 0.055
0 0.6566666666666666 0.4141666666666667 0.03 0.065
