0 0.5491666666666667 0.010833333333333334 0.03166666666666667 0.021666666666666667
0 0.5916666666666667 0.021666666666666667 0.016666666666666666 0.043333333333333335
0 0.5775 0.0425 0.03166666666666667 0.058333333333333334
0 0.6091666666666666 0.041666666666666664 0.021666666666666667 0.08333333333333333
0 0.5608333333333333 0.050833333333333335 0.028333333333333332 0.058333333333333334
0 0.6033333333333334 0.08083333333333333 0.02 0.08166666666666667
0 0.6275 0.0825 0.018333333333333333 0.07166666666666667
0 0.5383333333333333 0.0925 0.04 0.06833333333333333
0 0.5108333333333334 0.09833333333333333 0.045 0.03666666666666667
0 0.5641666666666667 0.10333333333333333 0.025 0.07333333333333333
0 0.5841666666666666 0.11083333333333334 0.018333333333333333 0.085
0 0.6175 0.12166666666666667 0.018333333333333333 0.05
0 0.5941666666666666 0.15333333333333332 0.021666666666666667 0.09
0 0.5583333333333333 0.165 0.02 0.07666666666666666
0 0.6033333333333334 0.17916666666666667 0.016666666666666666 0.08833333333333333
0 0.51 0.18333333333333332 0.023333333333333334 0.1
0 0.58 0.18833333333333332 0.023333333333333334 0.09666666666666666
0 0.5558333333333333 0.22583333333333333 0.018333333333333333 0.07166666666666667
0 0.5725 0.23583333333333334 0.018333333333333333 0.085
0 0.5291666666666667 0.2783333333333333 0.03166666666666667 0.08333333333333333
0 0.5666666666666667 0.011666666666666667 0.03666666666666667 0.023333333333333334
