0 0.6166666666666667 0.4683333333333333 0.05 0.03
0 0.6475 0.45416666666666666 0.051666666666666666 0.03166666666666667
0 0.5608333333333333 0.43833333333333335 0.041666666666666664 0.04
0 0.5141666666666667 0.4225 0.04833333333333333 0.035
0 0.4633333333333333 0.4141666666666667 0.05333333333333334 0.055
0 0.4175 0.3883333333333333 0.03833333333333333 0.03
0 0.24833333333333332 0.38666666666666666 0.04666666666666667 0.03333333333333333
0 0.29333333333333333 0.3825 0.05333333333333334 0.03833333333333333
0 0.34833333333333333 0.37416666666666665 0.05 0.035
0 0.42833333333333334 0.35583333333333333 0.05 0.055
0 0.38166666666666665 0.35333333333333333 0.04 0.03666666666666667
0 0.41083333333333333 0.3516666666666667 0.045 0.04666666666666667
0 0.23416666666666666 0.1925 0.051666666666666666 0.058333333333333334
0 0.12833333333333333 0.17833333333333334 0.056666666666666664 0.04
0 0.22583333333333333 0.16583333333333333 0.035 0.035
0 0.05 0.08 0.04 0.08333333333333333
0 0.29 0.04833333333333333 0.043333333333333335 0.09666666666666666
0 0.8416666666666667 0.6891666666666667 0.05333333333333334 0.041666666666666664
0 0.9808333333333333 0.6283333333333333 0.03833333333333333 0.03666666666666667
0 0.9433333333333334 0.6266666666666667 0.04 0.03333333333333333
0 0.555 0.5433333333333333 0.043333333333333335 0.07
0 0.7458333333333333 0.5375 0.041666666666666664 0.07166666666666667
