0 0.7925 0.49083333333333334 0.03833333333333333 0.04833333333333333
0 0.5366666666666666 0.49916666666666665 0.043333333333333335 0.03166666666666667
0 0.31583333333333335 0.5083333333333333 0.03833333333333333 0.05
0 0.7883333333333333 0.5325 0.023333333333333334 0.051666666666666666
0 0.3875 0.535 0.028333333333333332 0.07333333333333333
0 0.7491666666666666 0.5433333333333333 0.041666666666666664 0.04666666666666667
0 0.28 0.5416666666666666 0.016666666666666666 0.09
0 0.32916666666666666 0.55 0.03166666666666667 0.03666666666666667
0 0.7666666666666667 0.5475 0.02666666666666667 0.045
0 0.2916666666666667 0.5483333333333333 0.016666666666666666 0.06666666666666667
0 0.31083333333333335 0.5508333333333333 0.028333333333333332 0.055
0 0.335 0.5808333333333333 0.02666666666666667 0.03833333333333333
0 0.30833333333333335 0.5841666666666666 0.02 0.06833333333333333
0 0.79 0.59 0.02 0.06333333333333334
0 0.7283333333333334 0.59 0.04 0.04666666666666667
0 0.30416666666666664 0.605 0.018333333333333333 0.056666666666666664
0 0.32166666666666666 0.6133333333333333 0.016666666666666666 0.056666666666666664
0 0.42583333333333334 0.6125 0.021666666666666667 0.08833333333333333
0 0.2916666666666667 0.625 0.016666666666666666 0.06
0 0.33666666666666667 0.6266666666666667 0.016666666666666666 0.06
0 0.3125 0.6458333333333334 0.018333333333333333 0.055
0 0.2608333333333333 0.6491666666666667 0.018333333333333333 0.085
0 0.4375 0.6591666666666667 0.018333333333333333 0.06833333333333333
0 0.2833333333333333 0.66 0.016666666666666666 0.07333333333333333
0 0.30083333333333334 0.6608333333333334 0.015 0.051666666666666666
0 0.7408333333333333 0.6716666666666666 0.03833333333333333 0.06
0 0.31833333333333336 0.6791666666666667 0.03 0.075
0 0.2783333333333333 0.6775 0.02666666666666667 0.07166666666666667
0 0.42916666666666664 0.7041666666666667 0.018333333333333333 0.075
0 0.295 0.705 0.02 0.06
0 0.5158333333333334 0.7183333333333334 0.028333333333333332 0.07333333333333333
0 0.275 0.7541666666666667 0.02 0.07166666666666667
0 0.26166666666666666 0.8066666666666666 0.02 0.07666666666666666
0 0.29333333333333333 0.81 0.02666666666666667 0.07666666666666666
0 0.2875 0.8416666666666667 0.035 0.07666666666666666
0 0.275 0.8716666666666667 0.02 0.07
0 0.295 0.9175 0.023333333333333334 0.065
0 0.78 0.9208333333333333 0.02 0.09166666666666666
0 0.28833333333333333 0.9416666666666667 0.02 0.08666666666666667
0 0.7566666666666667 0.9466666666666667 0.02666666666666667 0.08
0 0.73 0.9658333333333333 0.04666666666666667 0.065
0 0.6783333333333333 0.9841666666666666 0.04 0.03166666666666667
0 0.7591666666666667 0.9766666666666667 0.025 0.04666666666666667
0 0.7375 0.99 0.028333333333333332 0.02
0 0.8491666666666666 0.155 0.021666666666666667 0.06
0 0.7866666666666666 0.18666666666666668 0.02666666666666667 0.04666666666666667
0 0.7533333333333333 0.23666666666666666 0.023333333333333334 0.06666666666666667
0 0.8033333333333333 0.23916666666666667 0.03 0.055
0 0.8183333333333334 0.24916666666666668 0.016666666666666666 0.058333333333333334
0 0.725 0.2683333333333333 0.04 0.04666666666666667
0 0.835 0.26916666666666667 0.02 0.06166666666666667
0 0.8033333333333333 0.2808333333333333 0.02 0.051666666666666666
0 0.6291666666666667 0.2808333333333333 0.03166666666666667 0.025
0 0.25916666666666666 0.2866666666666667 0.021666666666666667 0.06333333333333334
0 0.6333333333333333 0.305 0.03666666666666667 0.03666666666666667
0 0.28 0.3075 0.023333333333333334 0.07833333333333334
0 0.7808333333333334 0.31 0.021666666666666667 0.07333333333333333
0 0.9558333333333333 0.31166666666666665 0.03833333333333333 0.06333333333333334
0 0.2425 0.315 0.021666666666666667 0.06666666666666667
0 0.6033333333333334 0.31833333333333336 0.03333333333333333 0.05
0 0.8 0.3283333333333333 0.02666666666666667 0.056666666666666664
0 0.24833333333333332 0.3458333333333333 0.02666666666666667 0.058333333333333334
0 0.27 0.3566666666666667 0.023333333333333334 0.06333333333333334
0 0.7441666666666666 0.3466666666666667 0.0016666666666666668 0.0033333333333333335
0 0.9366666666666666 0.36083333333333334 0.03 0.03833333333333333
0 0.255 0.36833333333333335 0.016666666666666666 0.06
0 0.7708333333333334 0.36916666666666664 0.028333333333333332 0.045
0 0.6133333333333333 0.37333333333333335 0.02666666666666667 0.06666666666666667
0 0.7941666666666667 0.37666666666666665 0.021666666666666667 0.05333333333333334
0 0.7291666666666666 0.375 0.035 0.06333333333333334
0 0.5841666666666666 0.37583333333333335 0.028333333333333332 0.058333333333333334
0 0.335 0.39916666666666667 0.03 0.035
0 0.2675 0.41 0.018333333333333333 0.06666666666666667
0 0.7466666666666667 0.4116666666666667 0.04 0.03333333333333333
0 0.7058333333333333 0.42083333333333334 0.03166666666666667 0.028333333333333332
0 0.5966666666666667 0.4241666666666667 0.03333333333333333 0.035
0 0.8083333333333333 0.43416666666666665 0.02666666666666667 0.028333333333333332
0 0.2891666666666667 0.4375 0.025 0.07833333333333334
0 0.6891666666666667 0.4475 0.045 0.03166666666666667
0 0.5533333333333333 0.4625 0.04 0.04833333333333333
0 0.79 0.465 0.03666666666666667 0.04
0 0.8125 0.475 0.018333333333333333 0.056666666666666664
0 0.2825 0.4841666666666667 0.021666666666666667 0.06166666666666667
