0 0.5541666666666667 0.55 0.021666666666666667 0.07666666666666666
0 0.5233333333333333 0.5308333333333334 0.02 0.08166666666666667
0 0.5791666666666667 0.5125 0.018333333333333333 0.075
0 0.5475 0.505 0.018333333333333333 0.06
0 0.7766666666666666 0.48333333333333334 0.03666666666666667 0.03666666666666667
0 0.525 0.4825 0.023333333333333334 0.06166666666666667
0 0.7416666666666667 0.485 0.043333333333333335 0.04
0 0.7958333333333333 0.48 0.03166666666666667 0.05333333333333334
0 0.6308333333333334 0.47583333333333333 0.045 0.03166666666666667
0 0.7541666666666667 0.45416666666666666 0.03833333333333333 0.035
0 0.36833333333333335 0.39416666666666667 0.02666666666666667 0.055
0 0.27416666666666667 0.38916666666666666 0.021666666666666667 0.07833333333333334
0 0.24416666666666667 0.3875 0.035 0.028333333333333332
0 0.24916666666666668 0.3516666666666667 0.018333333333333333 0.056666666666666664
0 0.23083333333333333 0.3425 0.018333333333333333 0.065
0 0.2675 0.335 0.028333333333333332 0.07333333333333333
0 0.20166666666666666 0.3225 0.03666666666666667 0.055
0 0.2025 0.31333333333333335 0.03833333333333333 0.07
0 0.24166666666666667 0.29 0.016666666666666666 0.07333333333333333
0 0.25916666666666666 0.2866666666666667 0.021666666666666667 0.07
0 0.23 0.27 0.02 0.08
0 0.21666666666666667 0.25833333333333336 0.013333333333333334 0.07666666666666666
0 0.2 0.2525 0.02 0.085
0 0.8591666666666666 0.25166666666666665 0.035 0.043333333333333335
0 0.8083333333333333 0.225 0.04 0.03
0 0.205 0.21833333333333332 0.02666666666666667 0.09333333333333334
0 0.4825 0.8283333333333334 0.021666666666666667 0.07333333333333333
0 0.5166666666666667 0.8266666666666667 0.03666666666666667 0.043333333333333335
0 0.515 0.8083333333333333 0.03333333333333333 0.04666666666666667
0 0.4708333333333333 0.8066666666666666 0.0016666666666666668 0.0033333333333333335
0 0.5525 0.775 0.03166666666666667 0.06333333333333334
0 0.5208333333333334 0.7708333333333334 0.03833333333333333 0.035
0 0.4683333333333333 0.7366666666666667 0.02 0.056666666666666664
0 0.5591666666666667 0.5708333333333333 0.028333333333333332 0.06833333333333333
0 0.5391666666666667 0.5533333333333333 0.015 0.07666666666666666
