0 0.7116666666666667 0.4633333333333333 0.043333333333333335 0.04
0 0.3125 0.46416666666666667 0.03166666666666667 0.03833333333333333
0 0.7341666666666666 0.4708333333333333 0.03166666666666667 0.045
0 0.29083333333333333 0.4741666666666667 0.018333333333333333 0.055
0 0.30583333333333335 0.47833333333333333 0.021666666666666667 0.06333333333333334
0 0.265 0.5016666666666667 0.016666666666666666 0.056666666666666664
0 0.6983333333333334 0.5041666666666667 0.03333333333333333 0.04833333333333333
0 0.39916666666666667 0.5216666666666666 0.021666666666666667 0.09333333333333334
0 0.30083333333333334 0.5316666666666666 0.018333333333333333 0.056666666666666664
0 0.27416666666666667 0.5291666666666667 0.018333333333333333 0.058333333333333334
0 0.41083333333333333 0.58 0.018333333333333333 0.07666666666666666
0 0.7183333333333334 0.5866666666666667 0.04 0.05333333333333334
0 0.2875 0.605 0.028333333333333332 0.08333333333333333
0 0.2758333333333333 0.6075 0.011666666666666667 0.03833333333333333
0 0.49 0.6133333333333333 0.03333333333333333 0.07333333333333333
0 0.3925 0.6175 0.021666666666666667 0.095
0 0.7816666666666666 0.6391666666666667 0.023333333333333334 0.085
0 0.27416666666666667 0.6475 0.021666666666666667 0.04833333333333333
0 0.27166666666666667 0.6641666666666667 0.02666666666666667 0.075
0 0.3016666666666667 0.6741666666666667 0.02666666666666667 0.06166666666666667
0 0.28583333333333333 0.6891666666666667 0.018333333333333333 0.065
0 0.26416666666666666 0.73 0.021666666666666667 0.07333333333333333
0 0.25416666666666665 0.7991666666666667 0.025 0.08833333333333333
0 0.8366666666666667 0.043333333333333335 0.02666666666666667 0.08666666666666667
0 0.29 0.84 0.043333333333333335 0.06
0 0.7566666666666667 0.8558333333333333 0.02666666666666667 0.08833333333333333
0 0.7158333333333333 0.8716666666666667 0.021666666666666667 0.023333333333333334
0 0.29 0.89 0.02666666666666667 0.06
0 0.7091666666666666 0.8891666666666667 0.035 0.055
0 0.27666666666666667 0.8975 0.03 0.075
0 0.645 0.92 0.04 0.06333333333333334
0 0.7091666666666666 0.9258333333333333 0.028333333333333332 0.041666666666666664
0 0.7233333333333334 0.9408333333333333 0.02666666666666667 0.06166666666666667
0 0.2975 0.9491666666666667 0.045 0.035
0 0.6925 0.9691666666666666 0.035 0.04833333333333333
0 0.2925 0.9725 0.03166666666666667 0.055
0 0.32083333333333336 0.9941666666666666 0.028333333333333332 0.011666666666666667
0 0.2966666666666667 0.9933333333333333 0.03 0.013333333333333334
0 0.835 0.13166666666666665 0.023333333333333334 0.07666666666666666
0 0.7175 0.15416666666666667 0.035 0.04833333333333333
0 0.8066666666666666 0.15916666666666668 0.016666666666666666 0.058333333333333334
0 0.7783333333333333 0.16083333333333333 0.023333333333333334 0.051666666666666666
0 0.2125 0.17833333333333334 0.03166666666666667 0.06666666666666667
0 0.8116666666666666 0.1725 0.02666666666666667 0.085
0 0.815 0.18416666666666667 0.02 0.06166666666666667
0 0.7866666666666666 0.18416666666666667 0.02666666666666667 0.04833333333333333
0 0.225 0.2025 0.03333333333333333 0.07166666666666667
0 0.5766666666666667 0.22583333333333333 0.03 0.06833333333333333
0 0.7583333333333333 0.22333333333333333 0.02666666666666667 0.06333333333333334
0 0.8408333333333333 0.01 0.021666666666666667 0.02
0 0.6125 0.24333333333333335 0.045 0.05333333333333334
0 0.7333333333333333 0.24833333333333332 0.03333333333333333 0.043333333333333335
0 0.7808333333333334 0.25333333333333335 0.021666666666666667 0.07666666666666666
0 0.23583333333333334 0.2633333333333333 0.035 0.04666666666666667
0 0.5441666666666667 0.2633333333333333 0.035 0.03666666666666667
0 0.5575 0.275 0.045 0.04
0 0.7391666666666666 0.27416666666666667 0.041666666666666664 0.03833333333333333
0 0.2425 0.30666666666666664 0.03166666666666667 0.05
0 0.8 0.2975 0.023333333333333334 0.03833333333333333
0 0.5491666666666667 0.30416666666666664 0.041666666666666664 0.041666666666666664
0 0.575 0.3075 0.043333333333333335 0.04833333333333333
0 0.615 0.31083333333333335 0.03 0.08833333333333333
0 0.6683333333333333 0.32166666666666666 0.03666666666666667 0.03
0 0.7733333333333333 0.3325 0.023333333333333334 0.06833333333333333
0 0.5191666666666667 0.3333333333333333 0.03166666666666667 0.03
0 0.2791666666666667 0.3383333333333333 0.035 0.07666666666666666
0 0.5408333333333334 0.3408333333333333 0.028333333333333332 0.04833333333333333
0 0.7908333333333334 0.3383333333333333 0.021666666666666667 0.03666666666666667
0 0.6483333333333333 0.3491666666666667 0.03666666666666667 0.03166666666666667
0 0.3233333333333333 0.3575 0.02666666666666667 0.055
0 0.2625 0.3641666666666667 0.03166666666666667 0.055
0 0.485 0.37416666666666665 0.03666666666666667 0.058333333333333334
0 0.5025 0.375 0.041666666666666664 0.05333333333333334
0 0.8725 0.38 0.041666666666666664 0.056666666666666664
0 0.7508333333333334 0.37666666666666665 0.03166666666666667 0.04666666666666667
0 0.7891666666666667 0.3858333333333333 0.018333333333333333 0.058333333333333334
0 0.8733333333333333 0.3958333333333333 0.03 0.025
0 0.3175 0.3983333333333333 0.021666666666666667 0.08
0 0.29333333333333333 0.3983333333333333 0.03 0.04
0 0.7491666666666666 0.4241666666666667 0.035 0.04833333333333333
0 0.2733333333333333 0.4266666666666667 0.02666666666666667 0.05333333333333334
0 0.3 0.42833333333333334 0.03666666666666667 0.04
0 0.3475 0.42916666666666664 0.018333333333333333 0.08833333333333333
0 0.7633333333333333 0.43666666666666665 0.023333333333333334 0.06666666666666667
0 0.44416666666666665 0.44583333333333336 0.035 0.07166666666666667
