0 0.5116666666666667 0.45416666666666666 0.04 0.028333333333333332
0 0.38916666666666666 0.45416666666666666 0.03833333333333333 0.051666666666666666
0 0.5583333333333333 0.4583333333333333 0.03666666666666667 0.05333333333333334
0 0.53 0.4708333333333333 0.03666666666666667 0.041666666666666664
0 0.48 0.465 0.043333333333333335 0.03333333333333333
0 0.37166666666666665 0.4766666666666667 0.03333333333333333 0.04
0 0.435 0.4825 0.03666666666666667 0.04833333333333333
0 0.29583333333333334 0.4875 0.035 0.045
0 0.32916666666666666 0.48833333333333334 0.028333333333333332 0.043333333333333335
0 0.42083333333333334 0.49833333333333335 0.025 0.05
0 0.35333333333333333 0.5008333333333334 0.03 0.041666666666666664
0 0.4658333333333333 0.5033333333333333 0.03166666666666667 0.06
0 0.4058333333333333 0.5033333333333333 0.028333333333333332 0.043333333333333335
0 0.3725 0.5033333333333333 0.028333333333333332 0.03333333333333333
0 0.5 0.5091666666666667 0.03333333333333333 0.04833333333333333
0 0.4425 0.5075 0.03833333333333333 0.045
0 0.5275 0.5133333333333333 0.028333333333333332 0.043333333333333335
0 0.5958333333333333 0.5158333333333334 0.025 0.051666666666666666
0 0.5758333333333333 0.5166666666666667 0.03166666666666667 0.04
0 0.485 0.5158333333333334 0.03 0.06833333333333333
0 0.3025 0.5183333333333333 0.028333333333333332 0.03666666666666667
0 0.2375 0.0175 0.03166666666666667 0.035
0 0.37083333333333335 0.5375 0.025 0.035
0 0.4508333333333333 0.5333333333333333 0.028333333333333332 0.03666666666666667
0 0.4058333333333333 0.5366666666666666 0.035 0.05
0 0.41083333333333333 0.5358333333333334 0.03166666666666667 0.04833333333333333
0 0.32916666666666666 0.5391666666666667 0.021666666666666667 0.055
0 0.39 0.54 0.03333333333333333 0.043333333333333335
0 0.5333333333333333 0.5433333333333333 0.03 0.023333333333333334
0 0.44 0.5433333333333333 0.04 0.04
0 0.555 0.5575 0.04 0.03833333333333333
0 0.4825 0.5541666666666667 0.035 0.041666666666666664
0 0.31 0.5541666666666667 0.03 0.03833333333333333
0 0.3591666666666667 0.5675 0.03833333333333333 0.04833333333333333
0 0.37666666666666665 0.5658333333333333 0.03333333333333333 0.035
0 0.47 0.5758333333333333 0.02666666666666667 0.021666666666666667
0 0.4025 0.5766666666666667 0.028333333333333332 0.04
0 0.535 0.5833333333333334 0.04 0.02666666666666667
0 0.2991666666666667 0.5741666666666667 0.021666666666666667 0.03833333333333333
0 0.3408333333333333 0.5816666666666667 0.035 0.03666666666666667
0 0.5033333333333333 0.5875 0.03333333333333333 0.035
0 0.4275 0.5858333333333333 0.035 0.045
0 0.3258333333333333 0.5925 0.03166666666666667 0.035
0 0.3641666666666667 0.6033333333333334 0.035 0.02666666666666667
0 0.4666666666666667 0.6066666666666667 0.04 0.03
0 0.37666666666666665 0.615 0.02666666666666667 0.02666666666666667
0 0.54 0.6141666666666666 0.03666666666666667 0.035
0 0.4083333333333333 0.615 0.04 0.043333333333333335
0 0.31083333333333335 0.615 0.03833333333333333 0.05333333333333334
0 0.43833333333333335 0.6191666666666666 0.04 0.03166666666666667
0 0.4925 0.6191666666666666 0.015 0.055
0 0.26416666666666666 0.6216666666666667 0.03166666666666667 0.04
0 0.3425 0.6225 0.035 0.025
0 0.5266666666666666 0.6216666666666667 0.04 0.03333333333333333
0 0.2916666666666667 0.6283333333333333 0.02 0.06
0 0.515 0.6391666666666667 0.03666666666666667 0.03166666666666667
0 0.38166666666666665 0.6425 0.04 0.028333333333333332
0 0.35583333333333333 0.645 0.035 0.02666666666666667
0 0.2708333333333333 0.6566666666666666 0.03166666666666667 0.03
0 0.33166666666666667 0.6583333333333333 0.03 0.02666666666666667
0 0.4058333333333333 0.6666666666666666 0.03833333333333333 0.03
0 0.30666666666666664 0.6675 0.03 0.028333333333333332
0 0.37166666666666665 0.6708333333333333 0.04 0.028333333333333332
0 0.3358333333333333 0.68 0.035 0.03333333333333333
0 0.2891666666666667 0.6825 0.035 0.041666666666666664
0 0.25166666666666665 0.685 0.03333333333333333 0.04
0 0.32416666666666666 0.7166666666666667 0.041666666666666664 0.03333333333333333
0 0.25 0.7466666666666667 0.04 0.03
0 0.19916666666666666 0.03 0.03833333333333333 0.04
0 0.2841666666666667 0.051666666666666666 0.045 0.03
0 0.14083333333333334 0.06666666666666667 0.051666666666666666 0.03333333333333333
0 0.18583333333333332 0.07166666666666667 0.041666666666666664 0.05333333333333334
0 0.2525 0.07583333333333334 0.04833333333333333 0.028333333333333332
0 0.155 0.07833333333333334 0.02666666666666667 0.043333333333333335
0 0.125 0.165 0.016666666666666666 0.04666666666666667
0 0.4825 0.17583333333333334 0.03833333333333333 0.035
0 0.43583333333333335 0.18083333333333335 0.035 0.035
0 0.47833333333333333 0.19916666666666666 0.02666666666666667 0.021666666666666667
0 0.435 0.2025 0.03333333333333333 0.045
0 0.3958333333333333 0.21166666666666667 0.03833333333333333 0.03
0 0.67 0.2125 0.016666666666666666 0.07833333333333334
0 0.37333333333333335 0.225 0.03 0.023333333333333334
0 0.6541666666666667 0.24166666666666667 0.018333333333333333 0.07
0 0.3933333333333333 0.24166666666666667 0.04 0.03
0 0.3525 0.24666666666666667 0.041666666666666664 0.02666666666666667
0 0.4216666666666667 0.24833333333333332 0.02666666666666667 0.05
0 0.43666666666666665 0.26916666666666667 0.02666666666666667 0.065
0 0.6383333333333333 0.2733333333333333 0.02 0.06666666666666667
0 0.6175 0.32166666666666666 0.018333333333333333 0.03666666666666667
0 0.5966666666666667 0.345 0.023333333333333334 0.04666666666666667
0 0.6066666666666667 0.36916666666666664 0.016666666666666666 0.06166666666666667
0 0.5675 0.385 0.028333333333333332 0.056666666666666664
0 0.5841666666666666 0.3975 0.028333333333333332 0.04833333333333333
0 0.5766666666666667 0.4033333333333333 0.0033333333333333335 0.006666666666666667
0 0.3975 0.41083333333333333 0.015 0.06166666666666667
0 0.4325 0.4325 0.035 0.055
0 0.42 0.4375 0.03666666666666667 0.045
