0 0.5716666666666667 0.4866666666666667 0.06666666666666667 0.08333333333333333
0 0.5658333333333333 0.4216666666666667 0.08166666666666667 0.05333333333333334
0 0.31 0.38083333333333336 0.06 0.051666666666666666
0 0.195 0.36083333333333334 0.06333333333333334 0.04833333333333333
0 0.5525 0.2775 0.06833333333333333 0.07166666666666667
0 0.6191666666666666 0.25916666666666666 0.06833333333333333 0.065
0 0.12166666666666667 0.925 0.07333333333333333 0.06333333333333334
0 0.1475 0.15083333333333335 0.065 0.085
0 0.6116666666666667 0.1325 0.06666666666666667 0.07166666666666667
0 0.23 0.07 0.06666666666666667 0.07333333333333333
0 0.6308333333333334 0.056666666666666664 0.065 0.05333333333333334
0 0.6516666666666666 0.014166666666666666 0.07 0.028333333333333332
0 0.985 0.8841666666666667 0.03 0.051666666666666666
0 0.47833333333333333 0.8525 0.06333333333333334 0.07166666666666667
0 0.9933333333333333 0.8358333333333333 0.013333333333333334 0.041666666666666664
0 0.059166666666666666 0.9908333333333333 0.065 0.018333333333333333
0 0.28833333333333333 0.77 0.06 0.09333333333333334
0 0.9741666666666666 0.7366666666666667 0.051666666666666666 0.06333333333333334
0 0.8591666666666666 0.7158333333333333 0.075 0.058333333333333334
0 0.8016666666666666 0.68 0.07333333333333333 0.07
0 0.9625 0.6708333333333333 0.075 0.10166666666666667
0 0.4691666666666667 0.5283333333333333 0.065 0.08333333333333333
