0 0.008333333333333333 0.5291666666666667 0.016666666666666666 0.03166666666666667
0 0.585 0.5 0.05333333333333334 0.08333333333333333
0 0.5266666666666666 0.4716666666666667 0.07333333333333333 0.05333333333333334
0 0.3416666666666667 0.3983333333333333 0.06 0.05
0 0.1525 0.37416666666666665 0.06833333333333333 0.04833333333333333
0 0.5733333333333334 0.30083333333333334 0.06666666666666667 0.07166666666666667
0 0.6375 0.2808333333333333 0.065 0.058333333333333334
0 0.18333333333333332 0.17916666666666667 0.06 0.085
0 0.6291666666666667 0.16416666666666666 0.06166666666666667 0.075
0 0.2658333333333333 0.09916666666666667 0.065 0.06833333333333333
0 0.6458333333333334 0.08666666666666667 0.065 0.05
0 0.6683333333333333 0.035 0.06666666666666667 0.05
0 0.9641666666666666 0.8708333333333333 0.07166666666666667 0.051666666666666666
0 0.09416666666666666 0.8658333333333333 0.065 0.07833333333333334
0 0.22583333333333333 0.8125 0.06833333333333333 0.06166666666666667
0 0.45 0.8108333333333333 0.06333333333333334 0.07833333333333334
0 0.10083333333333333 0.9866666666666667 0.06833333333333333 0.02666666666666667
0 0.9941666666666666 0.78 0.011666666666666667 0.02666666666666667
0 0.9758333333333333 0.7425 0.04833333333333333 0.06166666666666667
0 0.7983333333333333 0.735 0.07333333333333333 0.04666666666666667
0 0.7208333333333333 0.7341666666666666 0.075 0.058333333333333334
0 0.9433333333333334 0.7158333333333333 0.07 0.08166666666666667
0 0.49333333333333335 0.5408333333333334 0.06333333333333334 0.08166666666666667
