0 0.185 0.44916666666666666 0.02666666666666667 0.035
0 0.145 0.44583333333333336 0.02 0.07166666666666667
0 0.45666666666666667 0.46416666666666667 0.03333333333333333 0.051666666666666666
0 0.44333333333333336 0.46416666666666667 0.03333333333333333 0.051666666666666666
0 0.20166666666666666 0.4666666666666667 0.03333333333333333 0.03666666666666667
0 0.16333333333333333 0.47 0.016666666666666666 0.043333333333333335
0 0.4666666666666667 0.48 0.016666666666666666 0.02
0 0.1725 0.49083333333333334 0.028333333333333332 0.04833333333333333
0 0.215 0.4925 0.02666666666666667 0.051666666666666666
0 0.15583333333333332 0.5016666666666667 0.018333333333333333 0.05333333333333334
0 0.18333333333333332 0.5141666666666667 0.03666666666666667 0.028333333333333332
0 0.475 0.515 0.03 0.04666666666666667
0 0.4533333333333333 0.5191666666666667 0.02666666666666667 0.06833333333333333
0 0.1875 0.5391666666666667 0.028333333333333332 0.025
0 0.165 0.5458333333333333 0.023333333333333334 0.041666666666666664
0 0.14083333333333334 0.55 0.018333333333333333 0.07333333333333333
0 0.15916666666666668 0.5675 0.021666666666666667 0.04833333333333333
0 0.42916666666666664 0.5783333333333334 0.028333333333333332 0.043333333333333335
0 0.15166666666666667 0.6158333333333333 0.016666666666666666 0.065
0 0.17 0.62 0.02666666666666667 0.056666666666666664
0 0.17333333333333334 0.6633333333333333 0.02666666666666667 0.04666666666666667
0 0.2658333333333333 0.6725 0.028333333333333332 0.065
0 0.7566666666666667 0.73 0.02666666666666667 0.03666666666666667
0 0.8275 0.7366666666666667 0.03166666666666667 0.02
0 0.9525 0.7583333333333333 0.028333333333333332 0.07666666666666666
0 0.8358333333333333 0.7683333333333333 0.025 0.043333333333333335
0 0.8508333333333333 0.7708333333333334 0.041666666666666664 0.051666666666666666
0 0.4125 0.775 0.03166666666666667 0.03333333333333333
0 0.44 0.7925 0.03 0.041666666666666664
0 0.8091666666666667 0.7958333333333333 0.03166666666666667 0.07166666666666667
0 0.8583333333333333 0.8016666666666666 0.02666666666666667 0.04
0 0.4175 0.7991666666666667 0.03166666666666667 0.03833333333333333
0 0.3958333333333333 0.8075 0.028333333333333332 0.03833333333333333
0 0.8266666666666667 0.8158333333333333 0.04 0.041666666666666664
0 0.8383333333333334 0.83 0.03333333333333333 0.023333333333333334
0 0.42333333333333334 0.8308333333333333 0.03666666666666667 0.035
0 0.385 0.8375 0.03666666666666667 0.035
0 0.8258333333333333 0.8466666666666667 0.035 0.03
0 0.8458333333333333 0.8566666666666667 0.035 0.03
0 0.96 0.8616666666666667 0.03666666666666667 0.056666666666666664
0 0.805 0.8708333333333333 0.05333333333333334 0.028333333333333332
0 0.8466666666666667 0.8775 0.03333333333333333 0.021666666666666667
0 0.83 0.895 0.02666666666666667 0.023333333333333334
0 0.9841666666666666 0.9283333333333333 0.025 0.056666666666666664
0 0.24 0.9516666666666667 0.03333333333333333 0.043333333333333335
0 0.205 0.9533333333333334 0.03333333333333333 0.04666666666666667
0 0.22583333333333333 0.9866666666666667 0.028333333333333332 0.02666666666666667
0 0.1525 0.1175 0.03166666666666667 0.041666666666666664
0 0.14416666666666667 0.15416666666666667 0.025 0.041666666666666664
0 0.15916666666666668 0.17666666666666667 0.021666666666666667 0.06333333333333334
0 0.14083333333333334 0.20416666666666666 0.018333333333333333 0.055
0 0.15666666666666668 0.2175 0.023333333333333334 0.045
0 0.17416666666666666 0.2225 0.015 0.041666666666666664
0 0.37 0.24083333333333334 0.02 0.08166666666666667
0 0.15083333333333335 0.25666666666666665 0.015 0.05
0 0.845 0.2708333333333333 0.04 0.055
0 0.16666666666666666 0.2833333333333333 0.02 0.06333333333333334
0 0.15416666666666667 0.30416666666666664 0.015 0.04833333333333333
0 0.8141666666666667 0.31583333333333335 0.041666666666666664 0.041666666666666664
0 0.185 0.35 0.016666666666666666 0.06
0 0.15833333333333333 0.3491666666666667 0.02 0.058333333333333334
0 0.8775 0.37833333333333335 0.035 0.06666666666666667
0 0.17416666666666666 0.38333333333333336 0.018333333333333333 0.056666666666666664
0 0.14083333333333334 0.39166666666666666 0.021666666666666667 0.056666666666666664
0 0.175 0.4125 0.0033333333333333335 0.0016666666666666668
0 0.18166666666666667 0.425 0.02666666666666667 0.05333333333333334
0 0.20833333333333334 0.4225 0.023333333333333334 0.051666666666666666
0 0.16083333333333333 0.445 0.021666666666666667 0.056666666666666664
