0 0.5358333333333334 0.5416666666666666 0.018333333333333333 0.043333333333333335
0 0.5491666666666667 0.5408333333333334 0.018333333333333333 0.045
0 0.5108333333333334 0.5225 0.015 0.065
0 0.5375 0.4975 0.021666666666666667 0.055
0 0.5666666666666667 0.5033333333333333 0.016666666666666666 0.06
0 0.5266666666666666 0.49416666666666664 0.02 0.058333333333333334
0 0.5533333333333333 0.49083333333333334 0.023333333333333334 0.055
0 0.5816666666666667 0.4791666666666667 0.02 0.06166666666666667
0 0.52 0.4716666666666667 0.016666666666666666 0.05
0 0.5508333333333333 0.45666666666666667 0.015 0.06
0 0.5133333333333333 0.42916666666666664 0.02666666666666667 0.075
0 0.53 0.41583333333333333 0.013333333333333334 0.051666666666666666
0 0.49666666666666665 0.4175 0.013333333333333334 0.06833333333333333
0 0.5258333333333334 0.43416666666666665 0.005 0.011666666666666667
0 0.5633333333333334 0.4125 0.016666666666666666 0.06833333333333333
0 0.51 0.4033333333333333 0.013333333333333334 0.08
0 0.545 0.3983333333333333 0.03 0.07
0 0.49916666666666665 0.37083333333333335 0.028333333333333332 0.058333333333333334
0 0.5216666666666666 0.36666666666666664 0.016666666666666666 0.04666666666666667
0 0.5283333333333333 0.35833333333333334 0.016666666666666666 0.056666666666666664
0 0.5508333333333333 0.3516666666666667 0.021666666666666667 0.043333333333333335
0 0.5075 0.32916666666666666 0.035 0.04833333333333333
0 0.5458333333333333 0.32083333333333336 0.021666666666666667 0.06833333333333333
0 0.5308333333333334 0.31333333333333335 0.021666666666666667 0.05
0 0.51 0.3 0.03666666666666667 0.06
0 0.5666666666666667 0.2791666666666667 0.02 0.06166666666666667
0 0.5883333333333334 0.25916666666666666 0.03666666666666667 0.051666666666666666
0 0.6183333333333333 0.2275 0.03 0.07166666666666667
0 0.013333333333333334 0.019166666666666665 0.02666666666666667 0.03833333333333333
0 0.5191666666666667 0.8316666666666667 0.021666666666666667 0.07333333333333333
0 0.49833333333333335 0.8091666666666667 0.016666666666666666 0.07166666666666667
0 0.4866666666666667 0.7516666666666667 0.013333333333333334 0.056666666666666664
0 0.5075 0.72 0.015 0.06666666666666667
0 0.49833333333333335 0.7033333333333334 0.013333333333333334 0.08
0 0.5 0.6316666666666667 0.016666666666666666 0.06666666666666667
0 0.5283333333333333 0.6325 0.016666666666666666 0.06166666666666667
0 0.565 0.625 0.013333333333333334 0.07666666666666666
0 0.5533333333333333 0.6225 0.013333333333333334 0.06166666666666667
0 0.5441666666666667 0.6066666666666667 0.011666666666666667 0.06666666666666667
0 0.5341666666666667 0.6083333333333333 0.018333333333333333 0.09333333333333334
0 0.5166666666666667 0.5916666666666667 0.02 0.05
0 0.5575 0.5708333333333333 0.015 0.041666666666666664
0 0.5191666666666667 0.5725 0.018333333333333333 0.06833333333333333
0 0.5716666666666667 0.5575 0.02 0.051666666666666666
