0 0.46 0.49333333333333335 0.04 0.04
0 0.5 0.5075 0.023333333333333334 0.08166666666666667
0 0.45416666666666666 0.5333333333333333 0.025 0.06666666666666667
0 0.43 0.5616666666666666 0.03 0.06333333333333334
0 0.47 0.5633333333333334 0.04 0.04666666666666667
0 0.8458333333333333 0.5791666666666667 0.051666666666666666 0.028333333333333332
0 0.6758333333333333 0.5875 0.03166666666666667 0.03166666666666667
0 0.7966666666666666 0.59 0.05 0.03
0 0.43166666666666664 0.5908333333333333 0.03666666666666667 0.035
0 0.4841666666666667 0.6041666666666666 0.025 0.06166666666666667
0 0.7091666666666666 0.6058333333333333 0.04833333333333333 0.03166666666666667
0 0.395 0.6133333333333333 0.04 0.04
0 0.4066666666666667 0.6258333333333334 0.043333333333333335 0.035
0 0.6283333333333333 0.635 0.05 0.03666666666666667
0 0.6625 0.6383333333333333 0.045 0.043333333333333335
0 0.49 0.645 0.023333333333333334 0.07
0 0.5575 0.6483333333333333 0.035 0.05333333333333334
0 0.355 0.665 0.03 0.06
0 0.4625 0.675 0.035 0.07
0 0.5658333333333333 0.6933333333333334 0.028333333333333332 0.06
0 0.42333333333333334 0.7066666666666667 0.03333333333333333 0.04666666666666667
0 0.4766666666666667 0.7141666666666666 0.03 0.06166666666666667
0 0.39416666666666667 0.7158333333333333 0.041666666666666664 0.035
0 0.4816666666666667 0.7316666666666667 0.03666666666666667 0.04
0 0.58 0.7475 0.04 0.051666666666666666
0 0.36 0.7483333333333333 0.03333333333333333 0.03666666666666667
0 0.33416666666666667 0.7508333333333334 0.03166666666666667 0.045
0 0.5258333333333334 0.7533333333333333 0.028333333333333332 0.056666666666666664
0 0.3983333333333333 0.7591666666666667 0.043333333333333335 0.045
0 0.37 0.7616666666666667 0.03666666666666667 0.043333333333333335
0 0.5883333333333334 0.7683333333333333 0.03666666666666667 0.03
0 0.46416666666666667 0.7683333333333333 0.035 0.03666666666666667
0 0.5416666666666666 0.7725 0.04 0.035
0 0.33 0.7825 0.03666666666666667 0.035
0 0.3025 0.78 0.03166666666666667 0.04666666666666667
0 0.5591666666666667 0.7875 0.035 0.025
0 0.33666666666666667 0.8066666666666666 0.05 0.04
0 0.44916666666666666 0.8025 0.03833333333333333 0.03833333333333333
0 0.5008333333333334 0.81 0.028333333333333332 0.06
0 0.3258333333333333 0.8125 0.028333333333333332 0.03166666666666667
0 0.5258333333333334 0.8125 0.035 0.035
0 0.4675 0.8158333333333333 0.03166666666666667 0.065
0 0.23833333333333334 0.8258333333333333 0.05 0.035
0 0.5958333333333333 0.8291666666666667 0.041666666666666664 0.03166666666666667
0 0.475 0.8466666666666667 0.016666666666666666 0.06
0 0.25333333333333335 0.845 0.03333333333333333 0.02666666666666667
0 0.43666666666666665 0.8508333333333333 0.03333333333333333 0.06166666666666667
0 0.5625 0.8525 0.03166666666666667 0.06166666666666667
0 0.6066666666666667 0.8541666666666666 0.03333333333333333 0.028333333333333332
0 0.6741666666666667 0.9241666666666667 0.041666666666666664 0.03166666666666667
0 0.6241666666666666 0.1275 0.03166666666666667 0.03166666666666667
0 0.5925 0.13416666666666666 0.045 0.03166666666666667
0 0.42333333333333334 0.17666666666666667 0.02666666666666667 0.043333333333333335
0 0.435 0.20583333333333334 0.02 0.045
0 0.28833333333333333 0.016666666666666666 0.03 0.03333333333333333
0 0.4116666666666667 0.2125 0.03 0.03833333333333333
0 0.43166666666666664 0.23166666666666666 0.02666666666666667 0.04666666666666667
0 0.365 0.24166666666666667 0.043333333333333335 0.03
0 0.44666666666666666 0.24083333333333334 0.03666666666666667 0.035
0 0.4058333333333333 0.24333333333333335 0.03166666666666667 0.03333333333333333
0 0.3875 0.24666666666666667 0.035 0.03666666666666667
0 0.3358333333333333 0.25 0.03833333333333333 0.03666666666666667
0 0.4716666666666667 0.2708333333333333 0.03666666666666667 0.04833333333333333
0 0.43083333333333335 0.275 0.035 0.03
0 0.4 0.28 0.03333333333333333 0.06
0 0.37583333333333335 0.2975 0.015 0.03833333333333333
0 0.4008333333333333 0.29583333333333334 0.03833333333333333 0.03166666666666667
0 0.435 0.3258333333333333 0.043333333333333335 0.058333333333333334
0 0.45166666666666666 0.32416666666666666 0.02666666666666667 0.041666666666666664
0 0.37416666666666665 0.3358333333333333 0.03833333333333333 0.04833333333333333
