0 0.7716666666666666 0.52 0.023333333333333334 0.04666666666666667
0 0.15 0.5208333333333334 0.013333333333333334 0.035
0 0.8233333333333334 0.52 0.02 0.02666666666666667
0 0.1 0.5216666666666666 0.02 0.03666666666666667
0 0.12916666666666668 0.5191666666666667 0.018333333333333333 0.058333333333333334
0 0.8058333333333333 0.5191666666666667 0.028333333333333332 0.041666666666666664
0 0.7541666666666667 0.5108333333333334 0.018333333333333333 0.04833333333333333
0 0.9233333333333333 0.5058333333333334 0.02 0.06166666666666667
0 0.08916666666666667 0.5083333333333333 0.021666666666666667 0.05333333333333334
0 0.11916666666666667 0.5025 0.018333333333333333 0.055
0 0.15916666666666668 0.49333333333333335 0.018333333333333333 0.06666666666666667
0 0.5241666666666667 0.49083333333333334 0.035 0.041666666666666664
0 0.8025 0.4891666666666667 0.03833333333333333 0.03833333333333333
0 0.13583333333333333 0.48833333333333334 0.018333333333333333 0.05333333333333334
0 0.8291666666666667 0.48 0.041666666666666664 0.06666666666666667
0 0.75 0.475 0.03 0.06666666666666667
0 0.1125 0.4691666666666667 0.025 0.07166666666666667
0 0.7725 0.4658333333333333 0.028333333333333332 0.025
0 0.12416666666666666 0.4533333333333333 0.015 0.04
0 0.1475 0.45416666666666666 0.021666666666666667 0.07166666666666667
0 0.9558333333333333 0.44666666666666666 0.021666666666666667 0.06
0 0.825 0.44 0.023333333333333334 0.03666666666666667
0 0.13666666666666666 0.43083333333333335 0.016666666666666666 0.058333333333333334
0 0.8208333333333333 0.4125 0.025 0.03166666666666667
0 0.12666666666666668 0.3975 0.02 0.055
0 0.15166666666666667 0.3883333333333333 0.016666666666666666 0.06333333333333334
0 0.16416666666666666 0.37583333333333335 0.018333333333333333 0.07166666666666667
0 0.145 0.3575 0.02666666666666667 0.06166666666666667
0 0.20083333333333334 0.3408333333333333 0.018333333333333333 0.07166666666666667
0 0.17583333333333334 0.3333333333333333 0.015 0.06
0 0.14583333333333334 0.3275 0.025 0.041666666666666664
0 0.1175 0.325 0.021666666666666667 0.056666666666666664
0 0.16833333333333333 0.315 0.016666666666666666 0.056666666666666664
0 0.18666666666666668 0.30916666666666665 0.016666666666666666 0.07166666666666667
0 0.2975 0.30916666666666665 0.021666666666666667 0.06833333333333333
0 0.14416666666666667 0.2891666666666667 0.018333333333333333 0.051666666666666666
0 0.16166666666666665 0.2833333333333333 0.03 0.04666666666666667
0 0.2891666666666667 0.27666666666666667 0.015 0.07333333333333333
0 0.31416666666666665 0.25916666666666666 0.021666666666666667 0.06833333333333333
0 0.19333333333333333 0.15916666666666668 0.02666666666666667 0.055
0 0.16166666666666665 0.02666666666666667 0.02 0.05333333333333334
0 0.7575 0.89 0.025 0.06666666666666667
0 0.059166666666666666 0.8683333333333333 0.035 0.03333333333333333
0 0.725 0.9941666666666666 0.016666666666666666 0.011666666666666667
0 0.06416666666666666 0.8341666666666666 0.035 0.03833333333333333
0 0.26 0.795 0.02666666666666667 0.07333333333333333
0 0.995 0.7566666666666667 0.01 0.03666666666666667
0 0.8775 0.7066666666666667 0.021666666666666667 0.04
0 0.4275 0.6916666666666667 0.021666666666666667 0.08
0 0.3575 0.6791666666666667 0.018333333333333333 0.075
0 0.08916666666666667 0.6408333333333334 0.021666666666666667 0.051666666666666666
0 0.7708333333333334 0.6 0.035 0.07333333333333333
0 0.09583333333333334 0.6016666666666667 0.025 0.06333333333333334
0 0.9366666666666666 0.5966666666666667 0.03 0.05333333333333334
0 0.07833333333333334 0.5983333333333334 0.02 0.05333333333333334
0 0.44333333333333336 0.5916666666666667 0.03666666666666667 0.05
0 0.465 0.5833333333333334 0.023333333333333334 0.03
0 0.9108333333333334 0.5841666666666666 0.021666666666666667 0.07166666666666667
0 0.7883333333333333 0.5775 0.03 0.058333333333333334
0 0.12583333333333332 0.5733333333333334 0.021666666666666667 0.06
0 0.7633333333333333 0.5758333333333333 0.043333333333333335 0.051666666666666666
0 0.8791666666666667 0.5716666666666667 0.028333333333333332 0.07333333333333333
0 0.44083333333333335 0.57 0.035 0.06
0 0.095 0.565 0.02 0.05333333333333334
0 0.8133333333333334 0.5583333333333333 0.023333333333333334 0.043333333333333335
0 0.7566666666666667 0.55 0.03666666666666667 0.03
0 0.1375 0.5516666666666666 0.018333333333333333 0.06
0 0.11 0.545 0.016666666666666666 0.05333333333333334
0 0.075 0.5408333333333334 0.023333333333333334 0.055
0 0.7933333333333333 0.5433333333333333 0.03 0.06333333333333334
0 0.465 0.5383333333333333 0.016666666666666666 0.06
0 0.9491666666666667 0.5325 0.025 0.07166666666666667
0 0.7366666666666667 0.5241666666666667 0.03 0.028333333333333332
