0 0.3875 0.4483333333333333 0.035 0.08
0 0.43666666666666665 0.4791666666666667 0.043333333333333335 0.051666666666666666
0 0.4041666666666667 0.5125 0.045 0.041666666666666664
0 0.4125 0.5383333333333333 0.041666666666666664 0.03
0 0.35333333333333333 0.5666666666666667 0.05 0.04
0 0.4 0.5708333333333333 0.04 0.045
0 0.3983333333333333 0.5916666666666667 0.05 0.03666666666666667
0 0.355 0.6025 0.043333333333333335 0.058333333333333334
0 0.33416666666666667 0.6091666666666666 0.03833333333333333 0.051666666666666666
0 0.37916666666666665 0.6241666666666666 0.051666666666666666 0.035
0 0.3616666666666667 0.675 0.043333333333333335 0.05
0 0.33166666666666667 0.6816666666666666 0.04666666666666667 0.043333333333333335
0 0.3025 0.7225 0.04833333333333333 0.03833333333333333
0 0.3375 0.7241666666666666 0.03833333333333333 0.041666666666666664
0 0.2991666666666667 0.7525 0.04833333333333333 0.03166666666666667
0 0.2733333333333333 0.7816666666666666 0.04666666666666667 0.04
0 0.4658333333333333 0.9958333333333333 0.011666666666666667 0.008333333333333333
0 0.6325 0.19916666666666666 0.028333333333333332 0.075
0 0.6383333333333333 0.2025 0.02666666666666667 0.08166666666666667
0 0.6041666666666666 0.215 0.03833333333333333 0.05333333333333334
0 0.6883333333333334 0.22 0.05 0.04666666666666667
0 0.6725 0.22416666666666665 0.041666666666666664 0.04833333333333333
0 0.5941666666666666 0.23666666666666666 0.035 0.08
0 0.6741666666666667 0.26166666666666666 0.03833333333333333 0.07
0 0.6475 0.2633333333333333 0.03833333333333333 0.05
0 0.62 0.27 0.02666666666666667 0.06333333333333334
0 0.7166666666666667 0.2733333333333333 0.03 0.05333333333333334
0 0.5516666666666666 0.2708333333333333 0.05333333333333334 0.035
0 0.7233333333333334 0.2725 0.04 0.055
0 0.7008333333333333 0.2758333333333333 0.03166666666666667 0.06833333333333333
0 0.6458333333333334 0.285 0.03166666666666667 0.05
0 0.5366666666666666 0.2916666666666667 0.03666666666666667 0.03
0 0.685 0.31333333333333335 0.04 0.06
0 0.355 0.375 0.04666666666666667 0.06
