0 0.08666666666666667 0.5791666666666667 0.013333333333333334 0.045
0 0.12666666666666668 0.5808333333333333 0.02666666666666667 0.04833333333333333
0 0.41333333333333333 0.5725 0.013333333333333334 0.018333333333333333
0 0.09583333333333334 0.555 0.03166666666666667 0.06
0 0.13166666666666665 0.5525 0.023333333333333334 0.018333333333333333
0 0.07833333333333334 0.5483333333333333 0.02 0.056666666666666664
0 0.4191666666666667 0.5366666666666666 0.035 0.04666666666666667
0 0.1125 0.535 0.035 0.02666666666666667
0 0.39916666666666667 0.5291666666666667 0.025 0.065
0 0.11416666666666667 0.51 0.035 0.023333333333333334
0 0.06166666666666667 0.49666666666666665 0.023333333333333334 0.07666666666666666
0 0.09166666666666666 0.49333333333333335 0.02666666666666667 0.05333333333333334
0 0.08 0.4791666666666667 0.023333333333333334 0.058333333333333334
0 0.37666666666666665 0.4725 0.02 0.07166666666666667
0 0.07416666666666667 0.4241666666666667 0.018333333333333333 0.06833333333333333
0 0.0925 0.4191666666666667 0.028333333333333332 0.058333333333333334
0 0.09666666666666666 0.3725 0.03333333333333333 0.051666666666666666
0 0.19666666666666666 0.36583333333333334 0.03 0.06833333333333333
0 0.725 0.30666666666666664 0.02666666666666667 0.04
0 0.8033333333333333 0.2975 0.03 0.025
0 0.9358333333333333 0.2791666666666667 0.028333333333333332 0.08166666666666667
0 0.8266666666666667 0.2658333333333333 0.043333333333333335 0.055
0 0.3591666666666667 0.26166666666666666 0.03833333333333333 0.03666666666666667
0 0.9933333333333333 0.2625 0.013333333333333334 0.06166666666666667
0 0.8083333333333333 0.26666666666666666 0.03 0.05
0 0.3975 0.25 0.041666666666666664 0.04666666666666667
0 0.7791666666666667 0.23833333333333334 0.03166666666666667 0.07
0 0.8325 0.2325 0.028333333333333332 0.045
0 0.36333333333333334 0.22666666666666666 0.03666666666666667 0.05333333333333334
0 0.4025 0.225 0.045 0.03333333333333333
0 0.3383333333333333 0.22166666666666668 0.03333333333333333 0.043333333333333335
0 0.7983333333333333 0.21583333333333332 0.04 0.04833333333333333
0 0.8125 0.2025 0.035 0.025
0 0.32416666666666666 0.18833333333333332 0.041666666666666664 0.03
0 0.7983333333333333 0.18583333333333332 0.03666666666666667 0.028333333333333332
0 0.995 0.1825 0.01 0.11166666666666666
0 0.8175 0.17416666666666666 0.041666666666666664 0.03166666666666667
0 0.9416666666666667 0.1675 0.04 0.058333333333333334
0 0.7758333333333334 0.16166666666666665 0.055 0.03666666666666667
0 0.8208333333333333 0.14833333333333334 0.035 0.023333333333333334
0 0.8033333333333333 0.13166666666666665 0.03 0.02666666666666667
0 0.9691666666666666 0.10333333333333333 0.028333333333333332 0.06
0 0.995 0.1025 0.01 0.06166666666666667
0 0.1275 0.09333333333333334 0.025 0.07333333333333333
0 0.17166666666666666 0.06666666666666667 0.03666666666666667 0.05
0 0.15416666666666667 0.0225 0.03166666666666667 0.045
0 0.15666666666666668 0.0125 0.03 0.025
0 0.07416666666666667 0.9616666666666667 0.035 0.04666666666666667
0 0.06333333333333334 0.9141666666666667 0.023333333333333334 0.055
0 0.08083333333333333 0.8958333333333334 0.021666666666666667 0.06833333333333333
0 0.06166666666666667 0.8708333333333333 0.02 0.065
0 0.21916666666666668 0.8591666666666666 0.005 0.005
0 0.08083333333333333 0.8475 0.021666666666666667 0.04833333333333333
0 0.0975 0.8466666666666667 0.018333333333333333 0.04666666666666667
0 0.30666666666666664 0.8291666666666667 0.02 0.085
0 0.07166666666666667 0.8125 0.016666666666666666 0.058333333333333334
0 0.8183333333333334 0.8083333333333333 0.043333333333333335 0.05333333333333334
0 0.08916666666666667 0.785 0.021666666666666667 0.07333333333333333
0 0.0775 0.7575 0.018333333333333333 0.055
0 0.7933333333333333 0.7516666666666667 0.05 0.03333333333333333
0 0.1075 0.7108333333333333 0.018333333333333333 0.06166666666666667
0 0.07916666666666666 0.6875 0.021666666666666667 0.07833333333333334
0 0.8533333333333334 0.6841666666666667 0.03666666666666667 0.07166666666666667
0 0.060833333333333336 0.6641666666666667 0.021666666666666667 0.06166666666666667
0 0.09666666666666666 0.6708333333333333 0.02 0.06166666666666667
0 0.11416666666666667 0.6583333333333333 0.021666666666666667 0.07
0 0.13416666666666666 0.6283333333333333 0.025 0.06333333333333334
0 0.1 0.6208333333333333 0.016666666666666666 0.065
0 0.0825 0.6091666666666666 0.021666666666666667 0.06166666666666667
0 0.06666666666666667 0.6025 0.023333333333333334 0.07166666666666667
0 0.10916666666666666 0.6033333333333334 0.028333333333333332 0.03666666666666667
0 0.39916666666666667 0.6008333333333333 0.03833333333333333 0.03833333333333333
0 0.14666666666666667 0.5875 0.02666666666666667 0.058333333333333334
0 0.39 0.585 0.04 0.05
