0 0.5983333333333334 0.47583333333333333 0.03333333333333333 0.10833333333333334
0 0.8866666666666667 0.04083333333333333 0.07666666666666666 0.065
0 0.3858333333333333 0.6183333333333333 0.03166666666666667 0.11666666666666667
0 0.043333333333333335 0.7266666666666667 0.07 0.05333333333333334
0 0.5141666666666667 0.7608333333333334 0.03833333333333333 0.125
0 0.42 0.8291666666666667 0.04666666666666667 0.11166666666666666
0 0.65 0.8625 0.03 0.11166666666666666
0 0.5725 0.8675 0.03833333333333333 0.09833333333333333
0 0.5125 0.875 0.03166666666666667 0.10333333333333333
0 0.005833333333333334 0.92 0.011666666666666667 0.06333333333333334
0 0.07166666666666667 0.9708333333333333 0.056666666666666664 0.058333333333333334
0 0.9466666666666667 0.16583333333333333 0.07666666666666666 0.06833333333333333
0 0.6975 0.1725 0.075 0.055
0 0.7683333333333333 0.1975 0.06333333333333334 0.085
0 0.8641666666666666 0.20083333333333334 0.06833333333333333 0.07833333333333334
0 0.5416666666666666 0.22916666666666666 0.03333333333333333 0.115
0 0.9658333333333333 0.2633333333333333 0.06833333333333333 0.05333333333333334
0 0.8491666666666666 0.27416666666666667 0.07833333333333334 0.055
0 0.9 0.31 0.03 0.12666666666666668
