0 0.485 0.5333333333333333 0.02666666666666667 0.023333333333333334
0 0.6083333333333333 0.5333333333333333 0.016666666666666666 0.06333333333333334
0 0.5683333333333334 0.5316666666666666 0.03666666666666667 0.023333333333333334
0 0.5258333333333334 0.53 0.03166666666666667 0.02666666666666667
0 0.5375 0.515 0.03166666666666667 0.02666666666666667
0 0.585 0.5108333333333334 0.03 0.035
0 0.5625 0.5066666666666667 0.028333333333333332 0.03
0 0.5975 0.4875 0.028333333333333332 0.03166666666666667
0 0.5708333333333333 0.47583333333333333 0.028333333333333332 0.035
0 0.5966666666666667 0.4683333333333333 0.03 0.03
0 0.5658333333333333 0.44416666666666665 0.025 0.03833333333333333
0 0.5908333333333333 0.44333333333333336 0.03166666666666667 0.03666666666666667
0 0.5575 0.41333333333333333 0.028333333333333332 0.02666666666666667
0 0.575 0.405 0.02 0.04666666666666667
0 0.5433333333333333 0.37916666666666665 0.03333333333333333 0.041666666666666664
0 0.56 0.3725 0.02 0.045
0 0.5433333333333333 0.3416666666666667 0.016666666666666666 0.05
0 0.525 0.3358333333333333 0.02666666666666667 0.028333333333333332
0 0.545 0.30833333333333335 0.03 0.03666666666666667
0 0.5133333333333333 0.30833333333333335 0.03 0.03
0 0.5141666666666667 0.2808333333333333 0.028333333333333332 0.028333333333333332
0 0.48333333333333334 0.2783333333333333 0.03 0.03
0 0.5325 0.25666666666666665 0.035 0.03666666666666667
0 0.5008333333333334 0.255 0.028333333333333332 0.03
0 0.49666666666666665 0.23 0.03 0.023333333333333334
0 0.6391666666666667 0.895 0.025 0.07
0 0.6108333333333333 0.855 0.021666666666666667 0.06
0 0.6025 0.8491666666666666 0.011666666666666667 0.065
0 0.5875 0.8358333333333333 0.021666666666666667 0.051666666666666666
0 0.62 0.8275 0.023333333333333334 0.06833333333333333
0 0.5858333333333333 0.8025 0.025 0.045
0 0.6 0.8025 0.023333333333333334 0.041666666666666664
0 0.6041666666666666 0.8108333333333333 0.0016666666666666668 0.0016666666666666668
0 0.5791666666666667 0.7641666666666667 0.021666666666666667 0.03833333333333333
0 0.6025 0.7625 0.005 0.008333333333333333
0 0.5508333333333333 0.7183333333333334 0.035 0.05
0 0.5708333333333333 0.715 0.021666666666666667 0.056666666666666664
0 0.5908333333333333 0.6766666666666666 0.011666666666666667 0.05333333333333334
0 0.5875 0.6683333333333333 0.018333333333333333 0.07333333333333333
0 0.5458333333333333 0.6558333333333334 0.028333333333333332 0.051666666666666666
0 0.5008333333333334 0.63 0.035 0.02666666666666667
0 0.5358333333333334 0.6141666666666666 0.028333333333333332 0.03833333333333333
0 0.51 0.6141666666666666 0.02666666666666667 0.021666666666666667
0 0.5858333333333333 0.6041666666666666 0.018333333333333333 0.06166666666666667
0 0.47583333333333333 0.5925 0.025 0.055
0 0.5433333333333333 0.585 0.04 0.02666666666666667
0 0.5033333333333333 0.58 0.03333333333333333 0.03
0 0.5925 0.5783333333333334 0.015 0.07
0 0.6041666666666666 0.56 0.021666666666666667 0.056666666666666664
0 0.47333333333333333 0.5633333333333334 0.02 0.023333333333333334
0 0.5783333333333334 0.5583333333333333 0.02 0.03666666666666667
0 0.5 0.5541666666666667 0.03 0.028333333333333332
0 0.5225 0.5491666666666667 0.035 0.028333333333333332
