0 0.31833333333333336 0.49583333333333335 0.056666666666666664 0.08833333333333333
0 0.7025 0.37666666666666665 0.065 0.05333333333333334
0 0.016666666666666666 0.3516666666666667 0.03333333333333333 0.04666666666666667
0 0.7266666666666667 0.30416666666666664 0.06 0.08166666666666667
0 0.013333333333333334 0.30666666666666664 0.02666666666666667 0.05
0 0.6516666666666666 0.28833333333333333 0.06666666666666667 0.056666666666666664
0 0.6825 0.23666666666666666 0.06833333333333333 0.06333333333333334
0 0.6558333333333334 0.16666666666666666 0.065 0.09666666666666666
0 0.6908333333333333 0.15666666666666668 0.041666666666666664 0.12
0 0.065 0.9183333333333333 0.06666666666666667 0.08
0 0.6333333333333333 0.12416666666666666 0.06333333333333334 0.09833333333333333
0 0.315 0.915 0.06 0.07
0 0.4 0.05416666666666667 0.07 0.055
0 0.35 0.8558333333333333 0.06666666666666667 0.051666666666666666
0 0.27166666666666667 0.8558333333333333 0.07333333333333333 0.04833333333333333
0 0.40166666666666667 0.8141666666666667 0.07 0.051666666666666666
0 0.6525 0.7133333333333334 0.028333333333333332 0.10333333333333333
0 0.29583333333333334 0.645 0.06833333333333333 0.05
0 0.08083333333333333 0.6291666666666667 0.058333333333333334 0.085
0 0.2733333333333333 0.965 0.056666666666666664 0.07
