0 0.48083333333333333 0.5525 0.021666666666666667 0.075
0 0.1775 0.5508333333333333 0.025 0.041666666666666664
0 0.7083333333333334 0.98 0.023333333333333334 0.04
0 0.18583333333333332 0.5258333333333334 0.0016666666666666668 0.0016666666666666668
0 0.18416666666666667 0.49666666666666665 0.025 0.07333333333333333
0 0.24833333333333332 0.44416666666666665 0.02666666666666667 0.045
0 0.26916666666666667 0.43 0.028333333333333332 0.07
0 0.23083333333333333 0.42916666666666664 0.018333333333333333 0.04833333333333333
0 0.29083333333333333 0.4216666666666667 0.025 0.05333333333333334
0 0.25 0.4066666666666667 0.03 0.05333333333333334
0 0.2775 0.38416666666666666 0.025 0.06833333333333333
0 0.31666666666666665 0.3775 0.023333333333333334 0.041666666666666664
0 0.25 0.36833333333333335 0.03333333333333333 0.03333333333333333
0 0.2991666666666667 0.355 0.018333333333333333 0.08
0 0.6633333333333333 0.9741666666666666 0.02 0.051666666666666666
0 0.30666666666666664 0.3283333333333333 0.023333333333333334 0.06
0 0.6341666666666667 0.9716666666666667 0.018333333333333333 0.056666666666666664
0 0.305 0.2808333333333333 0.023333333333333334 0.06833333333333333
0 0.30916666666666665 0.24416666666666667 0.021666666666666667 0.06833333333333333
0 0.28583333333333333 0.25 0.018333333333333333 0.07333333333333333
0 0.2875 0.20666666666666667 0.025 0.06333333333333334
0 0.31 0.19916666666666666 0.02666666666666667 0.06166666666666667
0 0.20916666666666667 0.19416666666666665 0.03833333333333333 0.06166666666666667
0 0.2866666666666667 0.1625 0.016666666666666666 0.03833333333333333
0 0.5383333333333333 0.155 0.016666666666666666 0.07333333333333333
0 0.30583333333333335 0.14833333333333334 0.018333333333333333 0.04
0 0.10666666666666667 0.96 0.02666666666666667 0.08
0 0.29083333333333333 0.12666666666666668 0.021666666666666667 0.08
0 0.55 0.1275 0.02 0.065
0 0.5541666666666667 0.11 0.025 0.06333333333333334
0 0.6208333333333333 0.9566666666666667 0.018333333333333333 0.05
0 0.5633333333333334 0.1025 0.03333333333333333 0.058333333333333334
0 0.5616666666666666 0.05 0.03 0.05
0 0.5425 0.045 0.021666666666666667 0.05333333333333334
0 0.5266666666666666 0.043333333333333335 0.02666666666666667 0.06333333333333334
0 0.5058333333333334 0.0225 0.025 0.045
0 0.5383333333333333 0.01 0.023333333333333334 0.02
0 0.5558333333333333 0.011666666666666667 0.018333333333333333 0.023333333333333334
0 0.5208333333333334 0.009166666666666667 0.021666666666666667 0.018333333333333333
0 0.495 0.006666666666666667 0.0033333333333333335 0.0033333333333333335
0 0.6375 0.9275 0.018333333333333333 0.075
0 0.6316666666666667 0.8958333333333334 0.02666666666666667 0.07166666666666667
0 0.6533333333333333 0.8941666666666667 0.016666666666666666 0.051666666666666666
0 0.7308333333333333 0.8891666666666667 0.021666666666666667 0.058333333333333334
0 0.6716666666666666 0.875 0.023333333333333334 0.06666666666666667
0 0.6525 0.8616666666666667 0.025 0.043333333333333335
0 0.6733333333333333 0.8566666666666667 0.02 0.05
0 0.7591666666666667 0.8358333333333333 0.03166666666666667 0.065
0 0.7275 0.8216666666666667 0.018333333333333333 0.06666666666666667
0 0.6733333333333333 0.8125 0.02666666666666667 0.06166666666666667
0 0.755 0.8025 0.016666666666666666 0.058333333333333334
0 0.6916666666666667 0.8025 0.02 0.04833333333333333
0 0.7416666666666667 0.7925 0.02 0.07833333333333334
0 0.7108333333333333 0.7858333333333334 0.021666666666666667 0.041666666666666664
0 0.6908333333333333 0.7666666666666667 0.015 0.023333333333333334
0 0.7325 0.7666666666666667 0.025 0.043333333333333335
0 0.7091666666666666 0.7591666666666667 0.028333333333333332 0.03833333333333333
0 0.7058333333333333 0.73 0.035 0.06
0 0.7341666666666666 0.7225 0.025 0.06166666666666667
0 0.7533333333333333 0.71 0.02 0.08
0 0.7725 0.7058333333333333 0.021666666666666667 0.051666666666666666
0 0.6483333333333333 0.6583333333333333 0.02 0.07
0 0.62 0.9891666666666666 0.016666666666666666 0.021666666666666667
0 0.5691666666666667 0.6366666666666667 0.025 0.07333333333333333
0 0.1775 0.6283333333333333 0.025 0.07
0 0.6025 0.6316666666666667 0.015 0.043333333333333335
0 0.5816666666666667 0.6275 0.013333333333333334 0.04833333333333333
0 0.175 0.5683333333333334 0.02666666666666667 0.06333333333333334
