0 0.4083333333333333 0.4666666666666667 0.04 0.10333333333333333
0 0.6383333333333333 0.4866666666666667 0.03 0.10666666666666667
0 0.15166666666666667 0.49666666666666665 0.06333333333333334 0.07666666666666666
0 0.3458333333333333 0.5491666666666667 0.065 0.06166666666666667
0 0.43166666666666664 0.5516666666666666 0.07 0.04666666666666667
0 0.42833333333333334 0.775 0.06333333333333334 0.06333333333333334
0 0.36083333333333334 0.875 0.035 0.11666666666666667
0 0.1025 0.8925 0.045 0.10833333333333334
0 0.7916666666666666 0.94 0.03666666666666667 0.12
0 0.8316666666666667 0.9416666666666667 0.06333333333333334 0.09
0 0.6858333333333333 0.9766666666666667 0.041666666666666664 0.04666666666666667
0 0.7516666666666667 0.9858333333333333 0.06333333333333334 0.028333333333333332
0 0.1875 0.34 0.051666666666666666 0.10333333333333333
0 0.25166666666666665 0.42333333333333334 0.05 0.09666666666666666
0 0.345 0.4558333333333333 0.06 0.07166666666666667
