0 0.4075 0.5441666666666667 0.018333333333333333 0.058333333333333334
0 0.5608333333333333 0.53 0.025 0.05333333333333334
0 0.5233333333333333 0.5358333333333334 0.04 0.028333333333333332
0 0.43916666666666665 0.5325 0.03166666666666667 0.041666666666666664
0 0.43083333333333335 0.5208333333333334 0.03833333333333333 0.03833333333333333
0 0.4683333333333333 0.5216666666666666 0.03 0.04666666666666667
0 0.5058333333333334 0.5116666666666667 0.045 0.02666666666666667
0 0.4325 0.49416666666666664 0.03833333333333333 0.028333333333333332
0 0.39916666666666667 0.49583333333333335 0.035 0.03833333333333333
0 0.6083333333333333 0.49 0.02666666666666667 0.056666666666666664
0 0.5916666666666667 0.48833333333333334 0.03333333333333333 0.03333333333333333
0 0.5025 0.4891666666666667 0.035 0.028333333333333332
0 0.5391666666666667 0.48583333333333334 0.028333333333333332 0.041666666666666664
0 0.4683333333333333 0.485 0.03 0.03666666666666667
0 0.495 0.4708333333333333 0.03666666666666667 0.051666666666666666
0 0.38666666666666666 0.4683333333333333 0.03333333333333333 0.03333333333333333
0 0.435 0.465 0.03333333333333333 0.04
0 0.4525 0.4666666666666667 0.03833333333333333 0.03333333333333333
0 0.3308333333333333 0.46166666666666667 0.03166666666666667 0.04
0 0.5441666666666667 0.46 0.03166666666666667 0.02666666666666667
0 0.42083333333333334 0.45416666666666666 0.03166666666666667 0.035
0 0.5616666666666666 0.4425 0.04 0.03833333333333333
0 0.3641666666666667 0.445 0.03166666666666667 0.03333333333333333
0 0.38666666666666666 0.4475 0.03333333333333333 0.03166666666666667
0 0.31333333333333335 0.43416666666666665 0.03666666666666667 0.035
0 0.47333333333333333 0.435 0.03 0.03333333333333333
0 0.5041666666666667 0.42583333333333334 0.03833333333333333 0.035
0 0.5583333333333333 0.4266666666666667 0.04 0.05
0 0.45916666666666667 0.42583333333333334 0.041666666666666664 0.035
0 0.435 0.4216666666666667 0.043333333333333335 0.04
0 0.42 0.41833333333333333 0.03 0.043333333333333335
0 0.41083333333333333 0.41333333333333333 0.035 0.04
0 0.3908333333333333 0.41 0.025 0.03
0 0.32166666666666666 0.4041666666666667 0.03 0.03166666666666667
0 0.5266666666666666 0.4033333333333333 0.03666666666666667 0.03
0 0.49416666666666664 0.40166666666666667 0.025 0.023333333333333334
0 0.3466666666666667 0.39416666666666667 0.03 0.04833333333333333
0 0.5658333333333333 0.38916666666666666 0.03833333333333333 0.021666666666666667
0 0.5116666666666667 0.38 0.03 0.02666666666666667
0 0.4008333333333333 0.38166666666666665 0.035 0.03
0 0.4266666666666667 0.37833333333333335 0.03 0.03333333333333333
0 0.4533333333333333 0.37833333333333335 0.04 0.04
0 0.5516666666666666 0.37416666666666665 0.04 0.025
0 0.495 0.36916666666666664 0.043333333333333335 0.028333333333333332
0 0.38166666666666665 0.37333333333333335 0.04 0.04
0 0.3325 0.37083333333333335 0.03166666666666667 0.03166666666666667
0 0.5425 0.3541666666666667 0.035 0.025
0 0.36583333333333334 0.3541666666666667 0.035 0.03166666666666667
0 0.3258333333333333 0.3475 0.025 0.035
0 0.4658333333333333 0.3475 0.041666666666666664 0.028333333333333332
0 0.43083333333333335 0.34 0.035 0.04666666666666667
0 0.39 0.34 0.03333333333333333 0.03333333333333333
0 0.3525 0.33666666666666667 0.03166666666666667 0.03333333333333333
0 0.4041666666666667 0.33166666666666667 0.025 0.03333333333333333
0 0.37 0.3125 0.03333333333333333 0.025
0 0.33916666666666667 0.31333333333333335 0.041666666666666664 0.04
0 0.32166666666666666 0.30666666666666664 0.04 0.04
0 0.41083333333333333 0.305 0.041666666666666664 0.03
0 0.385 0.29333333333333333 0.03333333333333333 0.02666666666666667
0 0.43333333333333335 0.2875 0.04 0.028333333333333332
0 0.2925 0.28583333333333333 0.03166666666666667 0.045
0 0.3625 0.2783333333333333 0.028333333333333332 0.02666666666666667
0 0.4008333333333333 0.27416666666666667 0.035 0.028333333333333332
0 0.36833333333333335 0.25583333333333336 0.03333333333333333 0.035
0 0.3408333333333333 0.255 0.03166666666666667 0.03
0 0.2966666666666667 0.25 0.043333333333333335 0.03
0 0.31833333333333336 0.23916666666666667 0.043333333333333335 0.028333333333333332
0 0.3625 0.2125 0.041666666666666664 0.03166666666666667
0 0.28 0.2075 0.03 0.058333333333333334
0 0.29 0.1625 0.03666666666666667 0.03833333333333333
0 0.21416666666666667 0.8858333333333334 0.03166666666666667 0.055
0 0.17833333333333334 0.855 0.05 0.04666666666666667
0 0.25 0.8491666666666666 0.04666666666666667 0.028333333333333332
0 0.6575 0.8266666666666667 0.018333333333333333 0.07666666666666666
0 0.23083333333333333 0.8258333333333333 0.04833333333333333 0.03166666666666667
0 0.16083333333333333 0.8083333333333333 0.028333333333333332 0.056666666666666664
0 0.11833333333333333 0.8 0.04666666666666667 0.043333333333333335
0 0.46416666666666667 0.7975 0.03833333333333333 0.041666666666666664
0 0.135 0.7908333333333334 0.02666666666666667 0.045
0 0.4216666666666667 0.7808333333333334 0.03333333333333333 0.041666666666666664
0 0.6416666666666667 0.78 0.02 0.07333333333333333
0 0.4658333333333333 0.7783333333333333 0.021666666666666667 0.03
0 0.4216666666666667 0.7666666666666667 0.03 0.06666666666666667
0 0.63 0.75 0.016666666666666666 0.06666666666666667
0 0.38666666666666666 0.7366666666666667 0.03666666666666667 0.03
0 0.3408333333333333 0.7158333333333333 0.03833333333333333 0.028333333333333332
0 0.4166666666666667 0.7108333333333333 0.02666666666666667 0.055
0 0.38416666666666666 0.7058333333333333 0.03833333333333333 0.028333333333333332
0 0.43333333333333335 0.6966666666666667 0.02666666666666667 0.06333333333333334
0 0.115 0.695 0.016666666666666666 0.04666666666666667
0 0.6083333333333333 0.6808333333333333 0.02 0.045
0 0.3491666666666667 0.6875 0.045 0.028333333333333332
0 0.5991666666666666 0.6783333333333333 0.025 0.06666666666666667
0 0.5975 0.625 0.021666666666666667 0.06666666666666667
0 0.5633333333333334 0.5916666666666667 0.03 0.03666666666666667
0 0.5566666666666666 0.565 0.04 0.03666666666666667
0 0.5816666666666667 0.5625 0.02 0.055
