0 0.6525 0.5066666666666667 0.03166666666666667 0.11666666666666667
0 0.13583333333333333 0.49916666666666665 0.06833333333333333 0.08166666666666667
0 0.34 0.44666666666666666 0.07 0.06666666666666667
0 0.43416666666666665 0.44583333333333336 0.075 0.051666666666666666
0 0.43166666666666664 0.20583333333333334 0.06666666666666667 0.065
0 0.3591666666666667 0.1025 0.035 0.125
0 0.08916666666666667 0.08333333333333333 0.051666666666666666 0.11333333333333333
0 0.8591666666666666 0.04 0.065 0.08
0 0.8158333333333333 0.05 0.03833333333333333 0.1
0 0.6966666666666667 0.010833333333333334 0.023333333333333334 0.021666666666666667
0 0.17583333333333334 0.6675 0.055 0.105
0 0.24583333333333332 0.5808333333333333 0.055 0.10166666666666667
0 0.3425 0.5475 0.065 0.07833333333333334
0 0.4141666666666667 0.5366666666666666 0.045 0.11
