0 0.6033333333333334 0.44416666666666665 0.02 0.07833333333333334
0 0.25083333333333335 0.35083333333333333 0.03166666666666667 0.025
0 0.23916666666666667 0.325 0.03166666666666667 0.02666666666666667
0 0.27166666666666667 0.31416666666666665 0.03666666666666667 0.03166666666666667
0 0.5725 0.31 0.03833333333333333 0.043333333333333335
0 0.22416666666666665 0.2975 0.041666666666666664 0.045
0 0.19666666666666666 0.295 0.03333333333333333 0.05
0 0.25666666666666665 0.29583333333333334 0.03333333333333333 0.03166666666666667
0 0.23 0.2866666666666667 0.03 0.03
0 0.2991666666666667 0.285 0.041666666666666664 0.03
0 0.2816666666666667 0.26666666666666666 0.03333333333333333 0.02666666666666667
0 0.21416666666666667 0.26666666666666666 0.03166666666666667 0.03
0 0.25083333333333335 0.26416666666666666 0.035 0.03166666666666667
0 0.18916666666666668 0.26416666666666666 0.025 0.065
0 0.4483333333333333 0.23916666666666667 0.02666666666666667 0.051666666666666666
0 0.21333333333333335 0.23583333333333334 0.03666666666666667 0.028333333333333332
0 0.1875 0.22 0.03166666666666667 0.02666666666666667
0 0.215 0.20833333333333334 0.03666666666666667 0.03
0 0.17916666666666667 0.19416666666666665 0.03166666666666667 0.03833333333333333
0 0.2025 0.17666666666666667 0.045 0.03666666666666667
0 0.6516666666666666 0.6808333333333333 0.016666666666666666 0.07833333333333334
