0 0.415 0.4725 0.03 0.028333333333333332
0 0.44083333333333335 0.4725 0.018333333333333333 0.015
0 0.43916666666666665 0.4841666666666667 0.021666666666666667 0.035
0 0.42583333333333334 0.4866666666666667 0.025 0.02666666666666667
0 0.485 0.4891666666666667 0.023333333333333334 0.03833333333333333
0 0.4008333333333333 0.5466666666666666 0.028333333333333332 0.043333333333333335
0 0.415 0.5475 0.02666666666666667 0.04833333333333333
0 0.44583333333333336 0.5483333333333333 0.03166666666666667 0.03
0 0.49166666666666664 0.5525 0.03333333333333333 0.035
0 0.505 0.5925 0.02 0.051666666666666666
0 0.5058333333333334 0.6016666666666667 0.015 0.04
0 0.5108333333333334 0.6158333333333333 0.021666666666666667 0.041666666666666664
0 0.5491666666666667 0.625 0.025 0.03333333333333333
0 0.49083333333333334 0.6208333333333333 0.015 0.045
0 0.4791666666666667 0.6333333333333333 0.011666666666666667 0.043333333333333335
0 0.5216666666666666 0.6308333333333334 0.02666666666666667 0.03833333333333333
0 0.5466666666666666 0.6358333333333334 0.023333333333333334 0.03166666666666667
0 0.4716666666666667 0.655 0.013333333333333334 0.056666666666666664
0 0.525 0.6508333333333334 0.02 0.03833333333333333
0 0.49333333333333335 0.6575 0.016666666666666666 0.06166666666666667
0 0.5466666666666666 0.6666666666666666 0.023333333333333334 0.056666666666666664
0 0.5816666666666667 0.6691666666666667 0.03333333333333333 0.041666666666666664
0 0.5591666666666667 0.67 0.03166666666666667 0.03
0 0.48333333333333334 0.6708333333333333 0.013333333333333334 0.03166666666666667
0 0.5075 0.68 0.015 0.07
0 0.5291666666666667 0.6875 0.015 0.045
0 0.5166666666666667 0.6975 0.013333333333333334 0.065
0 0.5041666666666667 0.6966666666666667 0.021666666666666667 0.06333333333333334
0 0.49916666666666665 0.7208333333333333 0.021666666666666667 0.06166666666666667
0 0.535 0.7258333333333333 0.013333333333333334 0.041666666666666664
0 0.5291666666666667 0.7375 0.021666666666666667 0.065
0 0.57 0.7508333333333334 0.03666666666666667 0.041666666666666664
0 0.6025 0.36083333333333334 0.021666666666666667 0.025
0 0.5775 0.37 0.021666666666666667 0.04
0 0.5933333333333334 0.37166666666666665 0.016666666666666666 0.02
0 0.625 0.37833333333333335 0.016666666666666666 0.013333333333333334
0 0.6125 0.37833333333333335 0.011666666666666667 0.013333333333333334
0 0.63 0.38416666666666666 0.016666666666666666 0.015
0 0.5983333333333334 0.3858333333333333 0.03 0.028333333333333332
0 0.6441666666666667 0.38916666666666666 0.018333333333333333 0.021666666666666667
0 0.6141666666666666 0.3933333333333333 0.025 0.02
0 0.6283333333333333 0.40166666666666667 0.03 0.02666666666666667
0 0.6575 0.405 0.021666666666666667 0.02666666666666667
0 0.39 0.43416666666666665 0.013333333333333334 0.025
0 0.3975 0.4533333333333333 0.025 0.02666666666666667
0 0.41083333333333333 0.4625 0.025 0.025
0 0.4766666666666667 0.4625 0.023333333333333334 0.021666666666666667
