0 0.2475 0.48833333333333334 0.025 0.07666666666666666
0 0.2325 0.4866666666666667 0.03166666666666667 0.07
0 0.32916666666666666 0.485 0.021666666666666667 0.08333333333333333
0 0.315 0.4725 0.02 0.055
0 0.010833333333333334 0.4683333333333333 0.021666666666666667 0.07666666666666666
0 0.3375 0.44333333333333336 0.015 0.06333333333333334
0 0.24916666666666668 0.4508333333333333 0.018333333333333333 0.075
0 0.22833333333333333 0.43 0.023333333333333334 0.05333333333333334
0 0.21 0.425 0.023333333333333334 0.06333333333333334
0 0.3516666666666667 0.4266666666666667 0.02 0.08
0 0.31583333333333335 0.4166666666666667 0.028333333333333332 0.05333333333333334
0 0.23166666666666666 0.4091666666666667 0.02 0.058333333333333334
0 0.32166666666666666 0.4075 0.02 0.07166666666666667
0 0.3416666666666667 0.3875 0.016666666666666666 0.065
0 0.2475 0.38166666666666665 0.018333333333333333 0.056666666666666664
0 0.2841666666666667 0.3725 0.015 0.03833333333333333
0 0.29833333333333334 0.36583333333333334 0.016666666666666666 0.08166666666666667
0 0.31166666666666665 0.3625 0.016666666666666666 0.055
0 0.3225 0.33 0.018333333333333333 0.08
0 0.28583333333333333 0.31833333333333336 0.018333333333333333 0.05333333333333334
0 0.4633333333333333 0.2966666666666667 0.016666666666666666 0.07333333333333333
0 0.31166666666666665 0.2875 0.016666666666666666 0.065
0 0.5033333333333333 0.2783333333333333 0.023333333333333334 0.06333333333333334
0 0.475 0.2783333333333333 0.016666666666666666 0.08666666666666667
0 0.44916666666666666 0.2758333333333333 0.011666666666666667 0.055
0 0.4875 0.275 0.021666666666666667 0.08
0 0.43583333333333335 0.2675 0.021666666666666667 0.075
0 0.30583333333333335 0.25666666666666665 0.018333333333333333 0.07333333333333333
0 0.3258333333333333 0.25333333333333335 0.018333333333333333 0.07
0 0.5208333333333334 0.2525 0.03166666666666667 0.06833333333333333
0 0.3525 0.235 0.03833333333333333 0.06
0 0.44166666666666665 0.2275 0.016666666666666666 0.06833333333333333
0 0.5108333333333334 0.22916666666666666 0.025 0.04833333333333333
0 0.5566666666666666 0.2275 0.023333333333333334 0.075
0 0.4658333333333333 0.22416666666666665 0.021666666666666667 0.06833333333333333
0 0.49416666666666664 0.21083333333333334 0.021666666666666667 0.058333333333333334
0 0.3225 0.1975 0.021666666666666667 0.051666666666666666
0 0.415 0.2 0.02666666666666667 0.056666666666666664
0 0.48333333333333334 0.2 0.02 0.06666666666666667
0 0.5266666666666666 0.1975 0.013333333333333334 0.045
0 0.51 0.18916666666666668 0.016666666666666666 0.06166666666666667
0 0.2975 0.19416666666666665 0.018333333333333333 0.08833333333333333
0 0.4575 0.185 0.021666666666666667 0.06333333333333334
0 0.5741666666666667 0.17833333333333334 0.018333333333333333 0.056666666666666664
0 0.36583333333333334 0.1825 0.035 0.045
0 0.2841666666666667 0.18583333333333332 0.015 0.08166666666666667
0 0.3516666666666667 0.17583333333333334 0.023333333333333334 0.07166666666666667
0 0.5458333333333333 0.1725 0.025 0.07833333333333334
0 0.35083333333333333 0.17583333333333334 0.025 0.07166666666666667
0 0.5183333333333333 0.15833333333333333 0.016666666666666666 0.06
0 0.44166666666666665 0.15666666666666668 0.023333333333333334 0.06333333333333334
0 0.5641666666666667 0.15416666666666667 0.018333333333333333 0.065
0 0.5866666666666667 0.15583333333333332 0.016666666666666666 0.08166666666666667
0 0.33 0.1425 0.02 0.058333333333333334
0 0.46 0.1475 0.02 0.035
0 0.30916666666666665 0.14 0.015 0.08333333333333333
0 0.37333333333333335 0.13916666666666666 0.02 0.051666666666666666
0 0.5391666666666667 0.1275 0.021666666666666667 0.08833333333333333
0 0.44 0.11666666666666667 0.02 0.06333333333333334
0 0.35 0.1075 0.02 0.058333333333333334
0 0.31916666666666665 0.10916666666666666 0.018333333333333333 0.07166666666666667
0 0.525 0.105 0.013333333333333334 0.07333333333333333
0 0.37666666666666665 0.09833333333333333 0.02 0.04666666666666667
0 0.5808333333333333 0.10416666666666667 0.015 0.06833333333333333
0 0.5541666666666667 0.10083333333333333 0.015 0.065
0 0.3983333333333333 0.10583333333333333 0.03333333333333333 0.03833333333333333
0 0.36666666666666664 0.09583333333333334 0.02 0.055
0 0.5666666666666667 0.09083333333333334 0.016666666666666666 0.065
0 0.5925 0.09583333333333334 0.011666666666666667 0.065
0 0.54 0.06916666666666667 0.016666666666666666 0.04833333333333333
0 0.060833333333333336 0.030833333333333334 0.035 0.051666666666666666
0 0.051666666666666666 0.030833333333333334 0.05 0.051666666666666666
0 0.49333333333333335 0.8083333333333333 0.016666666666666666 0.07
0 0.43833333333333335 0.7866666666666666 0.03 0.03666666666666667
0 0.46 0.75 0.01 0.006666666666666667
0 0.49666666666666665 0.7558333333333334 0.02666666666666667 0.055
0 0.4625 0.7525 0.021666666666666667 0.018333333333333333
0 0.4266666666666667 0.74 0.043333333333333335 0.03333333333333333
0 0.5391666666666667 0.74 0.025 0.02666666666666667
0 0.4866666666666667 0.7316666666666667 0.03666666666666667 0.02666666666666667
0 0.395 0.7225 0.04 0.03166666666666667
0 0.4691666666666667 0.7183333333333334 0.028333333333333332 0.043333333333333335
0 0.44333333333333336 0.7141666666666666 0.03333333333333333 0.035
0 0.54 0.7133333333333334 0.03666666666666667 0.03333333333333333
0 0.5041666666666667 0.7141666666666666 0.03833333333333333 0.035
0 0.5633333333333334 0.7091666666666666 0.043333333333333335 0.03166666666666667
0 0.0 0.0 0.0 0.0
0 0.38916666666666666 0.6933333333333334 0.041666666666666664 0.03666666666666667
0 0.5841666666666666 0.6975 0.041666666666666664 0.041666666666666664
0 0.41083333333333333 0.6875 0.028333333333333332 0.055
0 0.5175 0.6841666666666667 0.028333333333333332 0.025
0 0.3625 0.6816666666666666 0.025 0.06
0 0.5458333333333333 0.685 0.03166666666666667 0.023333333333333334
0 0.42916666666666664 0.6633333333333333 0.03166666666666667 0.06
0 0.37583333333333335 0.6525 0.03833333333333333 0.045
0 0.3458333333333333 0.6291666666666667 0.021666666666666667 0.045
0 0.38166666666666665 0.6275 0.04 0.04833333333333333
0 0.35 0.5941666666666666 0.03 0.06166666666666667
0 0.35583333333333333 0.5908333333333333 0.021666666666666667 0.058333333333333334
0 0.030833333333333334 0.5283333333333333 0.035 0.08
0 0.35333333333333333 0.5058333333333334 0.023333333333333334 0.07833333333333334
