0 0.6916666666666667 0.5108333333333334 0.08333333333333333 0.055
0 0.36 0.485 0.043333333333333335 0.11666666666666667
0 0.84 0.4825 0.06333333333333334 0.07833333333333334
0 0.31333333333333335 0.47 0.043333333333333335 0.12666666666666668
0 0.5083333333333333 0.425 0.05333333333333334 0.1
0 0.6641666666666667 0.405 0.04833333333333333 0.11333333333333333
0 0.33666666666666667 0.37083333333333335 0.02666666666666667 0.10833333333333334
0 0.45666666666666667 0.3308333333333333 0.07 0.06166666666666667
0 0.3125 0.2658333333333333 0.051666666666666666 0.08833333333333333
0 0.8958333333333334 0.24916666666666668 0.058333333333333334 0.10833333333333334
0 0.31833333333333336 0.1525 0.04666666666666667 0.08833333333333333
0 0.115 0.9641666666666666 0.07 0.07166666666666667
0 0.04083333333333333 0.9425 0.08166666666666667 0.058333333333333334
0 0.37416666666666665 0.8066666666666666 0.051666666666666666 0.10333333333333333
0 0.9575 0.7558333333333334 0.051666666666666666 0.08833333333333333
0 0.2808333333333333 0.6116666666666667 0.058333333333333334 0.07333333333333333
0 0.08 0.9858333333333333 0.03333333333333333 0.028333333333333332
