0 0.445 0.0275 0.03666666666666667 0.03833333333333333
0 0.4741666666666667 0.03 0.021666666666666667 0.05333333333333334
0 0.4325 0.5125 0.045 0.051666666666666666
0 0.39916666666666667 0.525 0.035 0.05
0 0.43583333333333335 0.55 0.025 0.08
0 0.4075 0.5608333333333333 0.021666666666666667 0.04833333333333333
0 0.3883333333333333 0.5658333333333333 0.03 0.045
0 0.41833333333333333 0.5633333333333334 0.02 0.06
0 0.15083333333333335 0.5883333333333334 0.03833333333333333 0.06666666666666667
0 0.1175 0.5958333333333333 0.021666666666666667 0.07833333333333334
0 0.38666666666666666 0.035833333333333335 0.023333333333333334 0.07166666666666667
0 0.4216666666666667 0.6166666666666667 0.02 0.056666666666666664
0 0.15083333333333335 0.625 0.018333333333333333 0.07
0 0.1425 0.6375 0.03166666666666667 0.07166666666666667
0 0.53 0.6466666666666666 0.023333333333333334 0.08
0 0.21333333333333335 0.69 0.043333333333333335 0.06
0 0.014166666666666666 0.7491666666666666 0.028333333333333332 0.045
0 0.011666666666666667 0.76 0.023333333333333334 0.06333333333333334
0 0.6708333333333333 0.7616666666666667 0.018333333333333333 0.08666666666666667
0 0.4483333333333333 0.06 0.023333333333333334 0.06333333333333334
0 0.6766666666666666 0.8225 0.02 0.065
0 0.645 0.825 0.03 0.03
0 0.6975 0.8266666666666667 0.025 0.06333333333333334
0 0.7125 0.8433333333333334 0.025 0.05
0 0.6975 0.8808333333333334 0.018333333333333333 0.055
0 0.7425 0.8808333333333334 0.03833333333333333 0.035
0 0.7108333333333333 0.8975 0.025 0.06166666666666667
0 0.7675 0.9016666666666666 0.03166666666666667 0.03666666666666667
0 0.7225 0.9158333333333334 0.021666666666666667 0.03833333333333333
0 0.75 0.9141666666666667 0.03333333333333333 0.035
0 0.4708333333333333 0.075 0.021666666666666667 0.06
0 0.7175 0.92 0.0016666666666666668 0.0033333333333333335
0 0.7433333333333333 0.9633333333333334 0.016666666666666666 0.07333333333333333
0 0.5016666666666667 0.09333333333333334 0.02 0.07333333333333333
0 0.4875 0.12333333333333334 0.015 0.11333333333333333
0 0.5 0.1475 0.013333333333333334 0.065
0 0.43833333333333335 0.013333333333333334 0.04 0.02666666666666667
