0 0.19916666666666666 0.9516666666666667 0.055 0.09666666666666666
0 0.25833333333333336 0.955 0.07333333333333333 0.07666666666666666
0 0.4866666666666667 0.4483333333333333 0.03666666666666667 0.13
0 0.48833333333333334 0.3275 0.06666666666666667 0.07166666666666667
0 0.24666666666666667 0.315 0.07 0.07333333333333333
0 0.33666666666666667 0.9366666666666666 0.07333333333333333 0.05333333333333334
0 0.4508333333333333 0.24916666666666668 0.06166666666666667 0.07166666666666667
0 0.5075 0.20833333333333334 0.03833333333333333 0.11666666666666667
0 0.0125 0.8591666666666666 0.025 0.051666666666666666
0 0.24916666666666668 0.84 0.058333333333333334 0.10333333333333333
0 0.3858333333333333 0.835 0.06166666666666667 0.08666666666666667
0 0.3408333333333333 0.9866666666666667 0.051666666666666666 0.02666666666666667
0 0.4625 0.8116666666666666 0.07166666666666667 0.06
0 0.18166666666666667 0.7908333333333334 0.04 0.095
0 0.145 0.7775 0.03666666666666667 0.095
0 0.25333333333333335 0.75 0.043333333333333335 0.09333333333333334
0 0.5475 0.7291666666666666 0.028333333333333332 0.13166666666666665
0 0.49833333333333335 0.6658333333333334 0.04666666666666667 0.10166666666666667
0 0.6041666666666666 0.6175 0.035 0.13166666666666665
