0 0.8375 0.07333333333333333 0.021666666666666667 0.06333333333333334
0 0.8208333333333333 0.1175 0.021666666666666667 0.045
0 0.8583333333333333 0.115 0.016666666666666666 0.043333333333333335
0 0.8441666666666666 0.12916666666666668 0.015 0.045
0 0.8016666666666666 0.1525 0.02666666666666667 0.065
0 0.8308333333333333 0.16 0.025 0.05333333333333334
0 0.8225 0.17416666666666666 0.018333333333333333 0.055
0 0.8483333333333334 0.17583333333333334 0.02 0.04833333333333333
0 0.7975 0.18333333333333332 0.021666666666666667 0.05333333333333334
0 0.835 0.21 0.016666666666666666 0.03666666666666667
0 0.82 0.23166666666666666 0.023333333333333334 0.05333333333333334
0 0.7883333333333333 0.23666666666666666 0.016666666666666666 0.04
0 0.8016666666666666 0.23333333333333334 0.023333333333333334 0.056666666666666664
0 0.7725 0.245 0.018333333333333333 0.06333333333333334
0 0.8508333333333333 0.2808333333333333 0.03833333333333333 0.028333333333333332
0 0.7908333333333334 0.28833333333333333 0.021666666666666667 0.06
0 0.82 0.30083333333333334 0.04 0.028333333333333332
0 0.8541666666666666 0.3275 0.035 0.035
