0 0.8833333333333333 0.48583333333333334 0.04666666666666667 0.04833333333333333
0 0.9316666666666666 0.5333333333333333 0.05333333333333334 0.06666666666666667
0 0.15916666666666668 0.94 0.03166666666666667 0.056666666666666664
0 0.17333333333333334 0.9758333333333333 0.023333333333333334 0.04833333333333333
0 0.6775 0.16083333333333333 0.051666666666666666 0.035
0 0.6225 0.16416666666666666 0.051666666666666666 0.03833333333333333
0 0.4825 0.16666666666666666 0.04833333333333333 0.043333333333333335
0 0.49833333333333335 0.19333333333333333 0.03333333333333333 0.03
0 0.43333333333333335 0.20416666666666666 0.04666666666666667 0.055
0 0.5433333333333333 0.2025 0.05333333333333334 0.045
0 0.45666666666666667 0.20583333333333334 0.04 0.04833333333333333
0 0.7233333333333334 0.20833333333333334 0.04 0.056666666666666664
0 0.755 0.21833333333333332 0.03333333333333333 0.03666666666666667
0 0.475 0.21666666666666667 0.043333333333333335 0.05
0 0.775 0.23166666666666666 0.04666666666666667 0.06
0 0.6016666666666667 0.2833333333333333 0.043333333333333335 0.07333333333333333
0 0.8091666666666667 0.2941666666666667 0.04833333333333333 0.06166666666666667
0 0.7516666666666667 0.31083333333333335 0.03333333333333333 0.085
0 0.6575 0.3525 0.04833333333333333 0.051666666666666666
0 0.17583333333333334 0.37583333333333335 0.028333333333333332 0.105
0 0.7075 0.39416666666666667 0.051666666666666666 0.03833333333333333
0 0.8333333333333334 0.44416666666666665 0.06 0.06833333333333333
0 0.8433333333333334 0.4658333333333333 0.0033333333333333335 0.0016666666666666668
