0 0.725 0.52 0.02 0.06666666666666667
0 0.08583333333333333 0.535 0.041666666666666664 0.05
0 0.7558333333333334 0.5658333333333333 0.041666666666666664 0.041666666666666664
0 0.78 0.5708333333333333 0.03666666666666667 0.03166666666666667
0 0.6916666666666667 0.5708333333333333 0.03 0.035
0 0.8166666666666667 0.5941666666666666 0.043333333333333335 0.03833333333333333
0 0.02 0.6 0.04 0.043333333333333335
0 0.0075 0.6025 0.015 0.051666666666666666
0 0.7808333333333334 0.605 0.03166666666666667 0.05
0 0.7566666666666667 0.6125 0.03 0.058333333333333334
0 0.8266666666666667 0.62 0.04 0.043333333333333335
0 0.7916666666666666 0.6275 0.04 0.035
0 0.8133333333333334 0.6491666666666667 0.04 0.035
0 0.83 0.6675 0.03333333333333333 0.055
0 0.7875 0.6875 0.028333333333333332 0.06833333333333333
0 0.44583333333333336 0.22666666666666666 0.045 0.043333333333333335
0 0.49583333333333335 0.2425 0.045 0.035
0 0.48583333333333334 0.2783333333333333 0.041666666666666664 0.056666666666666664
0 0.5091666666666667 0.2791666666666667 0.045 0.03833333333333333
0 0.42916666666666664 0.2866666666666667 0.035 0.07666666666666666
0 0.45916666666666667 0.2891666666666667 0.03166666666666667 0.055
0 0.4375 0.30916666666666665 0.028333333333333332 0.06166666666666667
0 0.46 0.32916666666666666 0.023333333333333334 0.058333333333333334
0 0.13916666666666666 0.36583333333333334 0.03833333333333333 0.07166666666666667
0 0.17166666666666666 0.4025 0.02666666666666667 0.075
0 0.15916666666666668 0.4025 0.03166666666666667 0.08166666666666667
0 0.14333333333333334 0.4083333333333333 0.02666666666666667 0.08666666666666667
0 0.1075 0.4775 0.0016666666666666668 0.0016666666666666668
0 0.11833333333333333 0.45666666666666667 0.03 0.05
0 0.7116666666666667 0.4625 0.023333333333333334 0.085
0 0.16916666666666666 0.4708333333333333 0.035 0.06166666666666667
