0 0.7691666666666667 0.01 0.018333333333333333 0.02
0 0.39666666666666667 0.6591666666666667 0.03333333333333333 0.025
0 0.42833333333333334 0.6616666666666666 0.03666666666666667 0.03
0 0.6941666666666667 0.6858333333333333 0.028333333333333332 0.07166666666666667
0 0.4483333333333333 0.6883333333333334 0.03333333333333333 0.04
0 0.3591666666666667 0.685 0.03166666666666667 0.04
0 0.385 0.6891666666666667 0.03 0.028333333333333332
0 0.42 0.69 0.03666666666666667 0.02666666666666667
0 0.4775 0.6941666666666667 0.03833333333333333 0.041666666666666664
0 0.4025 0.7058333333333333 0.03166666666666667 0.028333333333333332
0 0.435 0.715 0.03666666666666667 0.02666666666666667
0 0.3883333333333333 0.7208333333333333 0.03333333333333333 0.035
0 0.5808333333333333 0.7333333333333333 0.025 0.06333333333333334
0 0.3616666666666667 0.735 0.02666666666666667 0.03333333333333333
0 0.3433333333333333 0.7341666666666666 0.03 0.04833333333333333
0 0.6766666666666666 0.7483333333333333 0.016666666666666666 0.07
0 0.4041666666666667 0.7491666666666666 0.028333333333333332 0.03166666666666667
0 0.375 0.7558333333333334 0.03 0.028333333333333332
0 0.3383333333333333 0.765 0.03 0.03333333333333333
0 0.6591666666666667 0.7858333333333334 0.025 0.07833333333333334
0 0.3383333333333333 0.7866666666666666 0.03 0.04666666666666667
0 0.35833333333333334 0.7875 0.03333333333333333 0.035
0 0.7791666666666667 0.03833333333333333 0.03166666666666667 0.07666666666666666
0 0.8066666666666666 0.0875 0.023333333333333334 0.051666666666666666
0 0.8058333333333333 0.14166666666666666 0.028333333333333332 0.07
0 0.8091666666666667 0.20833333333333334 0.025 0.06666666666666667
0 0.7583333333333333 0.36916666666666664 0.03333333333333333 0.07833333333333334
