0 0.445 0.49083333333333334 0.013333333333333334 0.058333333333333334
0 0.4741666666666667 0.51 0.018333333333333333 0.07333333333333333
0 0.435 0.5216666666666666 0.016666666666666666 0.06333333333333334
0 0.41833333333333333 0.5208333333333334 0.023333333333333334 0.075
0 0.4558333333333333 0.5275 0.025 0.06833333333333333
0 0.48083333333333333 0.5425 0.011666666666666667 0.051666666666666666
0 0.4216666666666667 0.5525 0.016666666666666666 0.065
0 0.4608333333333333 0.5566666666666666 0.018333333333333333 0.043333333333333335
0 0.43583333333333335 0.5641666666666667 0.021666666666666667 0.045
0 0.3983333333333333 0.5583333333333333 0.016666666666666666 0.06333333333333334
0 0.46166666666666667 0.5825 0.023333333333333334 0.065
0 0.4033333333333333 0.5925 0.023333333333333334 0.03833333333333333
0 0.4483333333333333 0.59 0.013333333333333334 0.05333333333333334
0 0.43666666666666665 0.5908333333333333 0.023333333333333334 0.051666666666666666
0 0.4041666666666667 0.6233333333333333 0.021666666666666667 0.03
0 0.3825 0.6208333333333333 0.021666666666666667 0.058333333333333334
0 0.41 0.6333333333333333 0.02666666666666667 0.05333333333333334
0 0.39 0.6441666666666667 0.013333333333333334 0.058333333333333334
0 0.42583333333333334 0.6666666666666666 0.021666666666666667 0.07333333333333333
0 0.36333333333333334 0.6725 0.02 0.065
0 0.4033333333333333 0.68 0.023333333333333334 0.043333333333333335
0 0.4041666666666667 0.7108333333333333 0.018333333333333333 0.04833333333333333
0 0.38333333333333336 0.7125 0.016666666666666666 0.04833333333333333
0 0.41083333333333333 0.7425 0.015 0.055
0 0.3875 0.7475 0.015 0.055
0 0.39666666666666667 0.77 0.016666666666666666 0.06333333333333334
0 0.9783333333333334 0.9266666666666666 0.03666666666666667 0.08333333333333333
0 0.9883333333333333 0.9833333333333333 0.023333333333333334 0.03333333333333333
0 0.9891666666666666 0.985 0.021666666666666667 0.03
0 0.9225 0.9908333333333333 0.015 0.018333333333333333
0 0.4625 0.26166666666666666 0.021666666666666667 0.07333333333333333
0 0.4575 0.31666666666666665 0.018333333333333333 0.04666666666666667
0 0.4325 0.31416666666666665 0.021666666666666667 0.055
0 0.44 0.315 0.02 0.056666666666666664
0 0.44166666666666665 0.34833333333333333 0.02 0.04666666666666667
0 0.4166666666666667 0.36083333333333334 0.02 0.03166666666666667
0 0.44916666666666666 0.36333333333333334 0.03166666666666667 0.06333333333333334
0 0.4191666666666667 0.3983333333333333 0.025 0.06
0 0.42583333333333334 0.4225 0.018333333333333333 0.065
0 0.4425 0.4175 0.021666666666666667 0.055
0 0.4091666666666667 0.4525 0.015 0.04833333333333333
0 0.43666666666666665 0.45166666666666666 0.013333333333333334 0.056666666666666664
0 0.46 0.4558333333333333 0.023333333333333334 0.075
