0 0.675 0.535 0.03 0.05333333333333334
0 0.6183333333333333 0.5233333333333333 0.03 0.03666666666666667
0 0.5475 0.5158333333333334 0.015 0.041666666666666664
0 0.6541666666666667 0.5175 0.018333333333333333 0.045
0 0.5325 0.5141666666666667 0.018333333333333333 0.055
0 0.595 0.515 0.013333333333333334 0.056666666666666664
0 0.6941666666666667 0.5108333333333334 0.035 0.051666666666666666
0 0.5666666666666667 0.5058333333333334 0.016666666666666666 0.051666666666666666
0 0.2758333333333333 0.49916666666666665 0.03833333333333333 0.03166666666666667
0 0.49 0.5025 0.03 0.03833333333333333
0 0.6291666666666667 0.5008333333333334 0.021666666666666667 0.058333333333333334
0 0.30916666666666665 0.49583333333333335 0.035 0.03833333333333333
0 0.38 0.49083333333333334 0.03666666666666667 0.028333333333333332
0 0.3308333333333333 0.49 0.035 0.043333333333333335
0 0.4125 0.4875 0.03166666666666667 0.028333333333333332
0 0.46 0.4816666666666667 0.03 0.03333333333333333
0 0.36333333333333334 0.4791666666666667 0.023333333333333334 0.025
0 0.645 0.49083333333333334 0.0033333333333333335 0.0016666666666666668
0 0.5775 0.475 0.025 0.07
0 0.6458333333333334 0.4766666666666667 0.025 0.04
0 0.5208333333333334 0.4708333333333333 0.015 0.045
0 0.4 0.4666666666666667 0.03 0.02666666666666667
0 0.5441666666666667 0.4658333333333333 0.018333333333333333 0.06833333333333333
0 0.5575 0.4625 0.015 0.065
0 0.44 0.4608333333333333 0.03 0.03833333333333333
0 0.5975 0.4658333333333333 0.021666666666666667 0.07166666666666667
0 0.6258333333333334 0.45916666666666667 0.018333333333333333 0.055
0 0.4708333333333333 0.46166666666666667 0.028333333333333332 0.03333333333333333
0 0.4866666666666667 0.4625 0.03333333333333333 0.035
0 0.42583333333333334 0.45666666666666667 0.028333333333333332 0.03666666666666667
0 0.3858333333333333 0.4583333333333333 0.028333333333333332 0.043333333333333335
0 0.5275 0.4483333333333333 0.018333333333333333 0.06333333333333334
0 0.4083333333333333 0.44 0.02666666666666667 0.03333333333333333
0 0.5758333333333333 0.42833333333333334 0.028333333333333332 0.056666666666666664
0 0.5133333333333333 0.42833333333333334 0.013333333333333334 0.06
0 0.5025 0.4241666666666667 0.011666666666666667 0.06166666666666667
0 0.5416666666666666 0.4225 0.016666666666666666 0.04833333333333333
0 0.49 0.4116666666666667 0.02 0.03666666666666667
0 0.6141666666666666 0.4116666666666667 0.035 0.043333333333333335
0 0.4725 0.41 0.021666666666666667 0.04
0 0.5191666666666667 0.39 0.028333333333333332 0.06
0 0.5516666666666666 0.3908333333333333 0.02 0.07833333333333334
0 0.45 0.37833333333333335 0.03333333333333333 0.02666666666666667
0 0.47583333333333333 0.3775 0.035 0.03166666666666667
0 0.4975 0.37833333333333335 0.03166666666666667 0.03333333333333333
0 0.545 0.36833333333333335 0.013333333333333334 0.05
0 0.4275 0.3616666666666667 0.035 0.02666666666666667
0 0.5316666666666666 0.35 0.023333333333333334 0.056666666666666664
0 0.5208333333333334 0.35333333333333333 0.025 0.06333333333333334
0 0.4791666666666667 0.34833333333333333 0.035 0.023333333333333334
0 0.5158333333333334 0.8091666666666667 0.028333333333333332 0.041666666666666664
0 0.4741666666666667 0.7983333333333333 0.028333333333333332 0.04
0 0.495 0.8 0.02666666666666667 0.03666666666666667
0 0.44 0.78 0.03333333333333333 0.04
0 0.4925 0.7741666666666667 0.035 0.03833333333333333
0 0.4558333333333333 0.7641666666666667 0.03166666666666667 0.035
0 0.4741666666666667 0.75 0.035 0.02666666666666667
0 0.4091666666666667 0.7341666666666666 0.03833333333333333 0.035
0 0.42583333333333334 0.7216666666666667 0.021666666666666667 0.023333333333333334
0 0.6475 0.7166666666666667 0.018333333333333333 0.06
0 0.4825 0.7066666666666667 0.015 0.06666666666666667
0 0.65 0.6733333333333333 0.016666666666666666 0.05
0 0.6233333333333333 0.6741666666666667 0.016666666666666666 0.058333333333333334
0 0.6583333333333333 0.6516666666666666 0.02 0.05333333333333334
0 0.6091666666666666 0.6391666666666667 0.015 0.055
0 0.6383333333333333 0.6383333333333333 0.016666666666666666 0.056666666666666664
0 0.6383333333333333 0.6383333333333333 0.016666666666666666 0.056666666666666664
0 0.6691666666666667 0.6291666666666667 0.015 0.055
0 0.7366666666666667 0.6233333333333333 0.03333333333333333 0.04
0 0.685 0.6258333333333334 0.023333333333333334 0.051666666666666666
0 0.5825 0.6158333333333333 0.018333333333333333 0.051666666666666666
0 0.5941666666666666 0.6083333333333333 0.015 0.06
0 0.7166666666666667 0.6133333333333333 0.02 0.05333333333333334
0 0.5941666666666666 0.6083333333333333 0.015 0.06
0 0.6566666666666666 0.5975 0.016666666666666666 0.051666666666666666
0 0.6083333333333333 0.5975 0.016666666666666666 0.041666666666666664
0 0.6441666666666667 0.5975 0.021666666666666667 0.051666666666666666
0 0.6291666666666667 0.5875 0.018333333333333333 0.06833333333333333
0 0.5616666666666666 0.5875 0.016666666666666666 0.065
0 0.755 0.575 0.03333333333333333 0.043333333333333335
0 0.66 0.5725 0.03666666666666667 0.051666666666666666
0 0.7183333333333334 0.5666666666666667 0.016666666666666666 0.06333333333333334
0 0.6125 0.5641666666666667 0.021666666666666667 0.06166666666666667
0 0.5675 0.5591666666666667 0.018333333333333333 0.051666666666666666
0 0.705 0.56 0.02 0.05333333333333334
0 0.705 0.56 0.02 0.05333333333333334
0 0.6333333333333333 0.5575 0.03 0.035
0 0.5991666666666666 0.5258333333333334 0.0016666666666666668 0.005
0 0.575 0.5508333333333333 0.016666666666666666 0.055
0 0.5833333333333334 0.5475 0.013333333333333334 0.06166666666666667
0 0.5833333333333334 0.5466666666666666 0.013333333333333334 0.06333333333333334
0 0.5508333333333333 0.5358333333333334 0.015 0.055
0 0.6683333333333333 0.535 0.016666666666666666 0.05333333333333334
