0 0.4075 0.5258333333333334 0.03833333333333333 0.045
0 0.4266666666666667 0.5216666666666666 0.013333333333333334 0.02
0 0.1375 0.5066666666666667 0.028333333333333332 0.056666666666666664
0 0.12583333333333332 0.5375 0.011666666666666667 0.018333333333333333
0 0.16916666666666666 0.5041666666666667 0.021666666666666667 0.018333333333333333
0 0.11666666666666667 0.49666666666666665 0.023333333333333334 0.05
0 0.16 0.48833333333333334 0.03 0.03
0 0.4325 0.48583333333333334 0.03166666666666667 0.03166666666666667
0 0.4125 0.48083333333333333 0.025 0.058333333333333334
0 0.09916666666666667 0.4583333333333333 0.018333333333333333 0.06
0 0.14583333333333334 0.46 0.03166666666666667 0.023333333333333334
0 0.1 0.44916666666666666 0.02 0.07166666666666667
0 0.3933333333333333 0.44 0.02 0.06666666666666667
0 0.13083333333333333 0.44 0.025 0.06
0 0.11666666666666667 0.4325 0.02 0.051666666666666666
0 0.11083333333333334 0.3825 0.018333333333333333 0.065
0 0.11083333333333334 0.38166666666666665 0.018333333333333333 0.06333333333333334
0 0.12916666666666668 0.37583333333333335 0.028333333333333332 0.058333333333333334
0 0.22416666666666665 0.32916666666666666 0.028333333333333332 0.065
0 0.135 0.325 0.02666666666666667 0.04666666666666667
0 0.7133333333333334 0.28 0.02666666666666667 0.04
0 0.4058333333333333 0.27 0.03833333333333333 0.06
0 0.7883333333333333 0.27166666666666667 0.03 0.02666666666666667
0 0.91 0.255 0.02666666666666667 0.07666666666666666
0 0.43916666666666665 0.2475 0.028333333333333332 0.055
0 0.4166666666666667 0.245 0.03333333333333333 0.04666666666666667
0 0.97 0.2425 0.023333333333333334 0.06166666666666667
0 0.8066666666666666 0.24083333333333334 0.04 0.055
0 0.7916666666666666 0.24333333333333335 0.02666666666666667 0.043333333333333335
0 0.7675 0.21666666666666667 0.028333333333333332 0.07
0 0.8141666666666667 0.215 0.025 0.04666666666666667
0 0.42333333333333334 0.2075 0.04 0.035
0 0.3675 0.20583333333333334 0.03166666666666667 0.045
0 0.7825 0.19583333333333333 0.03833333333333333 0.045
0 0.7958333333333333 0.18416666666666667 0.035 0.021666666666666667
0 0.9741666666666666 0.17416666666666666 0.025 0.07833333333333334
0 0.3516666666666667 0.17 0.04 0.03333333333333333
0 0.7858333333333334 0.165 0.035 0.02666666666666667
0 0.915 0.15583333333333332 0.04 0.055
0 0.8041666666666667 0.1575 0.03833333333333333 0.035
0 0.765 0.145 0.05 0.04
0 0.8058333333333333 0.13583333333333333 0.03166666666666667 0.021666666666666667
0 0.7891666666666667 0.115 0.025 0.02666666666666667
0 0.9775 0.10416666666666667 0.025 0.06166666666666667
0 0.9391666666666667 0.09833333333333333 0.028333333333333332 0.05333333333333334
0 0.15833333333333333 0.075 0.02 0.06666666666666667
0 0.2025 0.05333333333333334 0.03166666666666667 0.05
0 0.1875 0.015 0.028333333333333332 0.03
0 0.11166666666666666 0.8783333333333333 0.03666666666666667 0.04
0 0.10083333333333333 0.835 0.025 0.05
0 0.11666666666666667 0.8141666666666667 0.02 0.058333333333333334
0 0.0975 0.7908333333333334 0.021666666666666667 0.058333333333333334
0 0.13083333333333333 0.7758333333333334 0.018333333333333333 0.041666666666666664
0 0.3258333333333333 0.7591666666666667 0.018333333333333333 0.07833333333333334
0 0.1225 0.7566666666666667 0.021666666666666667 0.05333333333333334
0 0.8 0.7425 0.04 0.058333333333333334
0 0.10833333333333334 0.74 0.016666666666666666 0.05333333333333334
0 0.125 0.7066666666666667 0.02 0.056666666666666664
0 0.11416666666666667 0.69 0.018333333333333333 0.05
0 0.7791666666666667 0.6916666666666667 0.045 0.03333333333333333
0 0.1425 0.65 0.018333333333333333 0.056666666666666664
0 0.11416666666666667 0.6233333333333333 0.018333333333333333 0.07
0 0.8325 0.6316666666666667 0.03166666666666667 0.06666666666666667
0 0.1325 0.61 0.018333333333333333 0.06
0 0.15083333333333335 0.6016666666666667 0.018333333333333333 0.06
0 0.0975 0.605 0.018333333333333333 0.06
0 0.16666666666666666 0.5816666666666667 0.023333333333333334 0.043333333333333335
0 0.16583333333333333 0.5733333333333334 0.021666666666666667 0.05333333333333334
0 0.1375 0.5675 0.018333333333333333 0.051666666666666666
0 0.18 0.5483333333333333 0.023333333333333334 0.07
0 0.1475 0.5508333333333333 0.03166666666666667 0.035
0 0.11916666666666667 0.55 0.021666666666666667 0.06
0 0.105 0.5508333333333333 0.023333333333333334 0.07166666666666667
0 0.41083333333333333 0.5483333333333333 0.03833333333333333 0.03666666666666667
0 0.15833333333333333 0.5275 0.02666666666666667 0.04833333333333333
