0 0.5191666666666667 0.5191666666666667 0.035 0.11166666666666666
0 0.465 0.5133333333333333 0.043333333333333335 0.12
0 0.5308333333333334 0.35 0.028333333333333332 0.13
0 0.9325 0.27666666666666667 0.065 0.10666666666666667
0 0.535 0.20416666666666666 0.04666666666666667 0.11166666666666666
0 0.7058333333333333 0.1775 0.028333333333333332 0.13833333333333334
0 0.9808333333333333 0.11583333333333333 0.03833333333333333 0.13166666666666665
0 0.6616666666666666 0.10833333333333334 0.03 0.13666666666666666
0 0.5558333333333333 0.07 0.06166666666666667 0.1
0 0.405 0.87 0.04 0.08333333333333333
0 0.6158333333333333 0.8575 0.028333333333333332 0.06833333333333333
0 0.4216666666666667 0.83 0.02666666666666667 0.08333333333333333
0 0.29833333333333334 0.7941666666666667 0.03333333333333333 0.11166666666666666
0 0.7183333333333334 0.975 0.02666666666666667 0.05
0 0.2575 0.695 0.028333333333333332 0.13
0 0.9566666666666667 0.9733333333333334 0.03333333333333333 0.05333333333333334
0 0.39666666666666667 0.6641666666666667 0.02666666666666667 0.12833333333333333
0 0.33166666666666667 0.97 0.02666666666666667 0.06
0 0.4375 0.9683333333333334 0.025 0.06333333333333334
0 0.42583333333333334 0.6233333333333333 0.03166666666666667 0.11666666666666667
0 0.335 0.6233333333333333 0.02666666666666667 0.12666666666666668
0 0.25 0.575 0.03 0.12333333333333334
0 0.2025 0.5691666666666667 0.028333333333333332 0.135
