0 0.41333333333333333 0.5066666666666667 0.043333333333333335 0.04666666666666667
0 0.3 0.5041666666666667 0.03333333333333333 0.035
0 0.9116666666666666 0.04416666666666667 0.03666666666666667 0.04833333333333333
0 0.5733333333333334 0.675 0.03 0.02666666666666667
0 0.6108333333333333 0.6683333333333333 0.03166666666666667 0.02666666666666667
0 0.5916666666666667 0.6575 0.03333333333333333 0.028333333333333332
0 0.335 0.6558333333333334 0.03333333333333333 0.055
0 0.6525 0.65 0.035 0.04666666666666667
0 0.2625 0.6475 0.018333333333333333 0.04833333333333333
0 0.5108333333333334 0.6458333333333334 0.035 0.045
0 0.62 0.6416666666666667 0.03666666666666667 0.03
0 0.5566666666666666 0.6383333333333333 0.03333333333333333 0.04666666666666667
0 0.5875 0.6333333333333333 0.03166666666666667 0.03
0 0.5275 0.6241666666666666 0.03166666666666667 0.035
0 0.655 0.6158333333333333 0.03666666666666667 0.04833333333333333
0 0.2841666666666667 0.6191666666666666 0.028333333333333332 0.058333333333333334
0 0.6208333333333333 0.6141666666666666 0.035 0.028333333333333332
0 0.27166666666666667 0.6033333333333334 0.023333333333333334 0.04666666666666667
0 0.43333333333333335 0.5991666666666666 0.023333333333333334 0.065
0 0.5683333333333334 0.5941666666666666 0.03 0.03833333333333333
0 0.5916666666666667 0.5891666666666666 0.023333333333333334 0.07166666666666667
0 0.5458333333333333 0.5816666666666667 0.025 0.06
0 0.31083333333333335 0.5733333333333334 0.035 0.04
0 0.3491666666666667 0.5658333333333333 0.03166666666666667 0.058333333333333334
0 0.6441666666666667 0.5633333333333334 0.03166666666666667 0.07333333333333333
0 0.6725 0.5533333333333333 0.03166666666666667 0.056666666666666664
0 0.6333333333333333 0.5408333333333334 0.03666666666666667 0.035
0 0.3425 0.5375 0.03166666666666667 0.035
0 0.32166666666666666 0.5358333333333334 0.02666666666666667 0.03833333333333333
