0 0.07166666666666667 0.45416666666666666 0.023333333333333334 0.058333333333333334
0 0.33916666666666667 0.465 0.03833333333333333 0.03
0 0.06333333333333334 0.5058333333333334 0.02 0.07166666666666667
0 0.08166666666666667 0.5108333333333334 0.03 0.058333333333333334
0 0.085 0.5575 0.03 0.04833333333333333
0 0.185 0.57 0.03 0.07
0 0.7091666666666666 0.6391666666666667 0.03166666666666667 0.041666666666666664
0 0.7875 0.65 0.03166666666666667 0.03
0 0.9216666666666666 0.6708333333333333 0.03 0.085
0 0.81 0.6791666666666667 0.04666666666666667 0.058333333333333334
0 0.7941666666666667 0.68 0.03166666666666667 0.04666666666666667
0 0.33666666666666667 0.68 0.04 0.03333333333333333
0 0.36833333333333335 0.6975 0.03 0.04833333333333333
0 0.33916666666666667 0.7116666666666667 0.03833333333333333 0.043333333333333335
0 0.7666666666666667 0.7141666666666666 0.03 0.075
0 0.8166666666666667 0.7141666666666666 0.03 0.045
0 0.31166666666666665 0.7191666666666666 0.03666666666666667 0.041666666666666664
0 0.7833333333333333 0.7316666666666667 0.04 0.04666666666666667
0 0.9883333333333333 0.7366666666666667 0.023333333333333334 0.05333333333333334
0 0.3525 0.7383333333333333 0.03833333333333333 0.03666666666666667
0 0.7958333333333333 0.7441666666666666 0.03833333333333333 0.025
0 0.29583333333333334 0.76 0.03833333333333333 0.03666666666666667
0 0.8033333333333333 0.7733333333333333 0.03666666666666667 0.03333333333333333
0 0.9266666666666666 0.7816666666666666 0.04 0.056666666666666664
0 0.7608333333333334 0.7833333333333333 0.055 0.03333333333333333
0 0.99 0.7941666666666667 0.02 0.06833333333333333
0 0.8016666666666666 0.7958333333333333 0.03666666666666667 0.021666666666666667
0 0.785 0.8158333333333333 0.03 0.025
0 0.05333333333333334 0.034166666666666665 0.02666666666666667 0.06833333333333333
0 0.9525 0.8558333333333333 0.025 0.06166666666666667
0 0.9508333333333333 0.8783333333333333 0.0016666666666666668 0.006666666666666667
0 0.15833333333333333 0.8675 0.03666666666666667 0.04833333333333333
0 0.11833333333333333 0.8708333333333333 0.03666666666666667 0.051666666666666666
0 0.1425 0.9108333333333334 0.03166666666666667 0.03833333333333333
0 0.14083333333333334 0.9375 0.028333333333333332 0.028333333333333332
0 0.12916666666666668 0.9841666666666666 0.028333333333333332 0.03166666666666667
0 0.07666666666666666 0.05 0.02666666666666667 0.056666666666666664
0 0.051666666666666666 0.07416666666666667 0.02 0.051666666666666666
0 0.07166666666666667 0.085 0.023333333333333334 0.05333333333333334
0 0.08916666666666667 0.095 0.018333333333333333 0.043333333333333335
0 0.29833333333333334 0.11333333333333333 0.02 0.08666666666666667
0 0.06416666666666666 0.12583333333333332 0.018333333333333333 0.055
0 0.08083333333333333 0.15333333333333332 0.025 0.07
0 0.7916666666666666 0.15833333333333333 0.043333333333333335 0.05
0 0.0725 0.18333333333333332 0.025 0.06333333333333334
0 0.775 0.19833333333333333 0.03666666666666667 0.03666666666666667
0 0.07583333333333334 0.21333333333333335 0.021666666666666667 0.05333333333333334
0 0.1 0.22833333333333333 0.02 0.07333333333333333
0 0.055 0.245 0.02666666666666667 0.05333333333333334
0 0.09 0.26166666666666666 0.02 0.06333333333333334
0 0.8416666666666667 0.265 0.03666666666666667 0.07333333333333333
0 0.07083333333333333 0.2816666666666667 0.018333333333333333 0.05333333333333334
0 0.0525 0.2975 0.021666666666666667 0.055
0 0.12666666666666668 0.3016666666666667 0.023333333333333334 0.06
0 0.3775 0.30916666666666665 0.03833333333333333 0.035
0 0.095 0.30333333333333334 0.03 0.056666666666666664
0 0.0725 0.3275 0.021666666666666667 0.051666666666666666
0 0.1 0.33 0.03333333333333333 0.043333333333333335
0 0.36916666666666664 0.34 0.03166666666666667 0.06333333333333334
0 0.05583333333333333 0.3475 0.015 0.04833333333333333
0 0.3908333333333333 0.35083333333333333 0.021666666666666667 0.03833333333333333
0 0.11416666666666667 0.355 0.035 0.04
0 0.06916666666666667 0.36666666666666664 0.028333333333333332 0.04666666666666667
0 0.12583333333333332 0.37166666666666665 0.03833333333333333 0.043333333333333335
0 0.06 0.37083333333333335 0.0033333333333333335 0.005
0 0.3975 0.38916666666666666 0.025 0.051666666666666666
0 0.0925 0.4 0.035 0.02666666666666667
0 0.3858333333333333 0.4058333333333333 0.028333333333333332 0.06833333333333333
0 0.10083333333333333 0.4266666666666667 0.03166666666666667 0.02666666666666667
0 0.0775 0.43166666666666664 0.028333333333333332 0.04666666666666667
0 0.050833333333333335 0.4425 0.021666666666666667 0.085
