0 0.495 0.5125 0.016666666666666666 0.065
0 0.47833333333333333 0.5016666666666667 0.023333333333333334 0.05
0 0.4725 0.4791666666666667 0.005 0.0016666666666666668
0 0.445 0.4866666666666667 0.016666666666666666 0.08333333333333333
0 0.21583333333333332 0.4775 0.025 0.065
0 0.4816666666666667 0.4675 0.016666666666666666 0.055
0 0.235 0.4508333333333333 0.02666666666666667 0.058333333333333334
0 0.20416666666666666 0.44666666666666666 0.018333333333333333 0.06
0 0.22583333333333333 0.4225 0.028333333333333332 0.045
0 0.30083333333333334 0.38916666666666666 0.045 0.045
0 0.7266666666666667 0.3175 0.023333333333333334 0.08166666666666667
0 0.6758333333333333 0.2891666666666667 0.03833333333333333 0.035
0 0.75 0.2783333333333333 0.023333333333333334 0.056666666666666664
0 0.67 0.2625 0.03666666666666667 0.021666666666666667
0 0.7708333333333334 0.25166666666666665 0.021666666666666667 0.05333333333333334
0 0.7366666666666667 0.24416666666666667 0.023333333333333334 0.07166666666666667
0 0.7533333333333333 0.2225 0.023333333333333334 0.055
0 0.12333333333333334 0.21666666666666667 0.03666666666666667 0.05333333333333334
0 0.7866666666666666 0.21666666666666667 0.03333333333333333 0.06
0 0.8208333333333333 0.21 0.035 0.03666666666666667
0 0.7625 0.2 0.021666666666666667 0.06
0 0.8008333333333333 0.19166666666666668 0.021666666666666667 0.06333333333333334
0 0.16833333333333333 0.18 0.03333333333333333 0.05
0 0.7825 0.1575 0.018333333333333333 0.058333333333333334
0 0.7991666666666667 0.145 0.021666666666666667 0.08
0 0.7925 0.1 0.021666666666666667 0.06333333333333334
0 0.5366666666666666 0.8966666666666666 0.02666666666666667 0.08
0 0.5366666666666666 0.8858333333333334 0.02666666666666667 0.075
0 0.5616666666666666 0.8641666666666666 0.02 0.04833333333333333
0 0.35333333333333333 0.855 0.05 0.03333333333333333
0 0.5308333333333334 0.8358333333333333 0.018333333333333333 0.058333333333333334
0 0.55 0.8241666666666667 0.02 0.06166666666666667
0 0.2991666666666667 0.8183333333333334 0.045 0.04666666666666667
0 0.5616666666666666 0.8125 0.016666666666666666 0.06166666666666667
0 0.5716666666666667 0.7975 0.02666666666666667 0.06833333333333333
0 0.4766666666666667 0.5641666666666667 0.03666666666666667 0.045
0 0.49083333333333334 0.5533333333333333 0.035 0.05333333333333334
