0 0.85 0.5608333333333333 0.0033333333333333335 0.0016666666666666668
0 0.8866666666666667 0.5708333333333333 0.02666666666666667 0.07833333333333334
0 0.8391666666666666 0.5691666666666667 0.018333333333333333 0.058333333333333334
0 0.5141666666666667 0.5525 0.015 0.06166666666666667
0 0.8741666666666666 0.55 0.015 0.04
0 0.18 0.545 0.03333333333333333 0.043333333333333335
0 0.8516666666666667 0.5391666666666667 0.02 0.07166666666666667
0 0.8625 0.5183333333333333 0.015 0.07333333333333333
0 0.19 0.5125 0.04 0.035
0 0.18 0.485 0.03333333333333333 0.043333333333333335
0 0.8733333333333333 0.49083333333333334 0.02 0.06833333333333333
0 0.46416666666666667 0.4825 0.045 0.03166666666666667
0 0.205 0.4841666666666667 0.03666666666666667 0.035
0 0.01 0.4816666666666667 0.02 0.06
0 0.8491666666666666 0.47583333333333333 0.018333333333333333 0.065
0 0.145 0.4775 0.02666666666666667 0.045
0 0.03666666666666667 0.47583333333333333 0.02 0.07833333333333334
0 0.07 0.4725 0.03 0.08166666666666667
0 0.2275 0.46 0.03166666666666667 0.03666666666666667
0 0.19166666666666668 0.44666666666666666 0.02666666666666667 0.04
0 0.8808333333333334 0.445 0.018333333333333333 0.06333333333333334
0 0.84 0.44 0.02 0.06
0 0.17916666666666667 0.44 0.03833333333333333 0.04
0 0.13833333333333334 0.43416666666666665 0.02666666666666667 0.028333333333333332
0 0.21 0.43583333333333335 0.016666666666666666 0.065
0 0.1575 0.43583333333333335 0.035 0.04833333333333333
0 0.8708333333333333 0.42583333333333334 0.015 0.065
0 0.8925 0.4175 0.015 0.055
0 0.8275 0.4116666666666667 0.018333333333333333 0.06
0 0.8583333333333333 0.415 0.02 0.07
0 0.8025 0.41083333333333333 0.018333333333333333 0.075
0 0.005833333333333334 0.41833333333333333 0.011666666666666667 0.07
0 0.1925 0.4075 0.035 0.03166666666666667
0 0.21666666666666667 0.4 0.02 0.08333333333333333
0 0.8383333333333334 0.395 0.016666666666666666 0.06333333333333334
0 0.030833333333333334 0.3875 0.025 0.065
0 0.1925 0.3875 0.03166666666666667 0.025
0 0.8741666666666666 0.38916666666666666 0.025 0.04833333333333333
0 0.18083333333333335 0.38083333333333336 0.045 0.03833333333333333
0 0.8225 0.3616666666666667 0.025 0.06
0 0.7033333333333334 0.36 0.02 0.06333333333333334
0 0.8491666666666666 0.3575 0.028333333333333332 0.045
0 0.18166666666666667 0.3525 0.05 0.035
0 0.1625 0.33416666666666667 0.025 0.021666666666666667
0 0.7175 0.325 0.021666666666666667 0.06666666666666667
0 0.18 0.32083333333333336 0.03 0.028333333333333332
0 0.005 0.31166666666666665 0.01 0.056666666666666664
0 0.6941666666666667 0.2991666666666667 0.018333333333333333 0.07166666666666667
0 0.9083333333333333 0.9916666666666667 0.03333333333333333 0.016666666666666666
0 0.8525 0.12583333333333332 0.025 0.065
0 0.8625 0.075 0.028333333333333332 0.06666666666666667
0 0.1875 0.9775 0.045 0.045
0 0.9133333333333333 0.9658333333333333 0.03666666666666667 0.041666666666666664
0 0.7058333333333333 0.8725 0.025 0.08166666666666667
0 0.1775 0.8425 0.03166666666666667 0.07166666666666667
0 0.8941666666666667 0.7491666666666666 0.021666666666666667 0.06166666666666667
0 0.9166666666666666 0.735 0.02 0.04666666666666667
0 0.6133333333333333 0.7166666666666667 0.016666666666666666 0.08333333333333333
0 0.8925 0.7125 0.025 0.06833333333333333
0 0.5425 0.7091666666666666 0.025 0.08166666666666667
0 0.905 0.71 0.02666666666666667 0.07666666666666666
0 0.9 0.6816666666666666 0.03 0.056666666666666664
0 0.8625 0.6775 0.025 0.058333333333333334
0 0.9133333333333333 0.6708333333333333 0.02 0.058333333333333334
0 0.8808333333333334 0.6508333333333334 0.018333333333333333 0.055
0 0.8516666666666667 0.6466666666666666 0.02 0.07
0 0.8933333333333333 0.6266666666666667 0.02 0.03666666666666667
0 0.8641666666666666 0.62 0.015 0.07
0 0.5316666666666666 0.6125 0.03666666666666667 0.058333333333333334
0 0.84 0.6158333333333333 0.016666666666666666 0.035
0 0.06333333333333334 0.6108333333333333 0.023333333333333334 0.051666666666666666
0 0.51 0.6 0.023333333333333334 0.04
0 0.8741666666666666 0.6041666666666666 0.018333333333333333 0.06166666666666667
0 0.5341666666666667 0.5858333333333333 0.03833333333333333 0.065
