0 0.4658333333333333 0.9241666666666667 0.021666666666666667 0.07166666666666667
0 0.43916666666666665 0.8925 0.018333333333333333 0.08166666666666667
0 0.4575 0.855 0.03166666666666667 0.06
0 0.49333333333333335 0.7633333333333333 0.043333333333333335 0.03333333333333333
0 0.5416666666666666 0.7625 0.03333333333333333 0.041666666666666664
0 0.5233333333333333 0.7466666666666667 0.03 0.03666666666666667
0 0.31666666666666665 0.7458333333333333 0.04 0.058333333333333334
0 0.29333333333333333 0.7441666666666666 0.03666666666666667 0.058333333333333334
0 0.26416666666666666 0.7425 0.03833333333333333 0.03833333333333333
0 0.5025 0.74 0.035 0.03666666666666667
0 0.5833333333333334 0.73 0.04 0.043333333333333335
0 0.5566666666666666 0.7258333333333333 0.03666666666666667 0.035
0 0.5425 0.7108333333333333 0.035 0.035
0 0.25333333333333335 0.7033333333333334 0.04 0.043333333333333335
0 0.2816666666666667 0.685 0.02 0.06666666666666667
0 0.20916666666666667 0.6825 0.028333333333333332 0.08166666666666667
0 0.4008333333333333 0.66 0.035 0.06333333333333334
0 0.3725 0.6158333333333333 0.028333333333333332 0.06166666666666667
0 0.3541666666666667 0.5966666666666667 0.018333333333333333 0.04
0 0.2941666666666667 0.5766666666666667 0.045 0.043333333333333335
