0 0.615 0.4633333333333333 0.03 0.02666666666666667
0 0.4125 0.4825 0.021666666666666667 0.051666666666666666
0 0.6491666666666667 0.48583333333333334 0.03166666666666667 0.03166666666666667
0 0.63 0.49166666666666664 0.03666666666666667 0.03
0 0.3175 0.5016666666666667 0.021666666666666667 0.05
0 0.8716666666666667 0.8825 0.03666666666666667 0.058333333333333334
0 0.9516666666666667 0.99 0.02666666666666667 0.02
0 0.585 0.34833333333333333 0.03 0.02666666666666667
0 0.5875 0.3591666666666667 0.035 0.04833333333333333
0 0.5908333333333333 0.3725 0.028333333333333332 0.025
0 0.6075 0.3858333333333333 0.03166666666666667 0.025
0 0.63 0.3908333333333333 0.02 0.051666666666666666
0 0.5666666666666667 0.3908333333333333 0.03333333333333333 0.03166666666666667
0 0.5958333333333333 0.41083333333333333 0.028333333333333332 0.03166666666666667
0 0.5966666666666667 0.41083333333333333 0.03 0.03166666666666667
0 0.5758333333333333 0.4083333333333333 0.03166666666666667 0.03
0 0.54 0.42 0.03 0.03
0 0.5991666666666666 0.43083333333333335 0.03833333333333333 0.035
0 0.6366666666666667 0.4325 0.02666666666666667 0.03833333333333333
0 0.6216666666666667 0.43333333333333335 0.02666666666666667 0.03666666666666667
0 0.5658333333333333 0.435 0.03166666666666667 0.02666666666666667
0 0.62 0.43833333333333335 0.023333333333333334 0.02666666666666667
0 0.2941666666666667 0.44583333333333336 0.028333333333333332 0.058333333333333334
0 0.59 0.45666666666666667 0.03333333333333333 0.02666666666666667
0 0.3175 0.45666666666666667 0.035 0.03
0 0.6408333333333334 0.46 0.028333333333333332 0.02666666666666667
