0 0.021666666666666667 0.5066666666666667 0.043333333333333335 0.04666666666666667
0 0.6916666666666667 0.485 0.06333333333333334 0.06333333333333334
0 0.3566666666666667 0.4683333333333333 0.07333333333333333 0.05
0 0.22583333333333333 0.46166666666666667 0.07166666666666667 0.04666666666666667
0 0.06416666666666666 0.44583333333333336 0.085 0.055
0 0.56 0.38083333333333336 0.056666666666666664 0.085
0 0.9633333333333334 0.36583333333333334 0.06333333333333334 0.04833333333333333
0 0.3925 0.23583333333333334 0.051666666666666666 0.10166666666666667
0 0.42583333333333334 0.21583333333333332 0.06833333333333333 0.04833333333333333
0 0.8925 0.20833333333333334 0.065 0.07666666666666666
0 0.2891666666666667 0.20333333333333334 0.065 0.08
0 0.5341666666666667 0.09916666666666667 0.06166666666666667 0.051666666666666666
0 0.9158333333333334 0.025 0.065 0.05
0 0.30083333333333334 0.0175 0.065 0.035
0 0.2758333333333333 0.0008333333333333334 0.0016666666666666668 0.0016666666666666668
0 0.8608333333333333 0.7675 0.06833333333333333 0.058333333333333334
0 0.7766666666666666 0.6925 0.06666666666666667 0.051666666666666666
0 0.9883333333333333 0.69 0.023333333333333334 0.04666666666666667
0 0.765 0.6175 0.06333333333333334 0.065
0 0.065 0.5533333333333333 0.06666666666666667 0.06
0 0.7925 0.5525 0.06166666666666667 0.06833333333333333
