0 0.5041666666666667 0.4825 0.021666666666666667 0.07166666666666667
0 0.5341666666666667 0.4866666666666667 0.021666666666666667 0.05333333333333334
0 0.5233333333333333 0.49583333333333335 0.02 0.065
0 0.785 0.5233333333333333 0.02666666666666667 0.06333333333333334
0 0.5525 0.5216666666666666 0.018333333333333333 0.08666666666666667
0 0.5166666666666667 0.535 0.016666666666666666 0.056666666666666664
0 0.7625 0.5383333333333333 0.028333333333333332 0.056666666666666664
0 0.7916666666666666 0.55 0.023333333333333334 0.05
0 0.7675 0.5716666666666667 0.028333333333333332 0.03666666666666667
0 0.6766666666666666 0.6033333333333334 0.043333333333333335 0.04
0 0.2683333333333333 0.6658333333333334 0.023333333333333334 0.07833333333333334
0 0.31666666666666665 0.6908333333333333 0.043333333333333335 0.035
0 0.3525 0.6925 0.028333333333333332 0.03166666666666667
0 0.2425 0.7258333333333333 0.018333333333333333 0.07833333333333334
0 0.22333333333333333 0.7341666666666666 0.02666666666666667 0.055
0 0.25916666666666666 0.735 0.025 0.08
0 0.24666666666666667 0.7808333333333334 0.023333333333333334 0.045
0 0.17833333333333334 0.7758333333333334 0.03666666666666667 0.045
0 0.21583333333333332 0.7908333333333334 0.021666666666666667 0.06166666666666667
0 0.8691666666666666 0.7791666666666667 0.03166666666666667 0.051666666666666666
0 0.23166666666666666 0.78 0.02 0.06
0 0.1925 0.7825 0.03166666666666667 0.051666666666666666
0 0.8208333333333333 0.8141666666666667 0.03833333333333333 0.035
0 0.21416666666666667 0.835 0.018333333333333333 0.043333333333333335
0 0.20166666666666666 0.8816666666666667 0.023333333333333334 0.06333333333333334
0 0.46 0.11416666666666667 0.03333333333333333 0.058333333333333334
0 0.4633333333333333 0.13666666666666666 0.02 0.06
0 0.44 0.15416666666666667 0.016666666666666666 0.058333333333333334
0 0.4683333333333333 0.15333333333333332 0.01 0.023333333333333334
0 0.47 0.1825 0.02 0.051666666666666666
0 0.4483333333333333 0.19083333333333333 0.016666666666666666 0.055
0 0.46416666666666667 0.22166666666666668 0.021666666666666667 0.06333333333333334
0 0.44 0.22166666666666668 0.023333333333333334 0.06333333333333334
0 0.7475 0.28 0.045 0.04666666666666667
0 0.7675 0.34833333333333333 0.025 0.08666666666666667
0 0.5258333333333334 0.43416666666666665 0.03833333333333333 0.03166666666666667
0 0.5108333333333334 0.4425 0.03833333333333333 0.041666666666666664
