0 0.8183333333333334 0.44083333333333335 0.023333333333333334 0.041666666666666664
0 0.84 0.4583333333333333 0.03 0.056666666666666664
0 0.8016666666666666 0.4675 0.016666666666666666 0.06833333333333333
0 0.30666666666666664 0.47333333333333333 0.023333333333333334 0.06666666666666667
0 0.8183333333333334 0.475 0.02 0.04
0 0.77 0.48083333333333333 0.03333333333333333 0.065
0 0.33666666666666667 0.4825 0.04 0.03166666666666667
0 0.8775 0.48 0.028333333333333332 0.07666666666666666
0 0.785 0.4891666666666667 0.02 0.075
0 0.8441666666666666 0.49166666666666664 0.03166666666666667 0.07
0 0.24416666666666667 0.5033333333333333 0.021666666666666667 0.07
0 0.8133333333333334 0.5216666666666666 0.02666666666666667 0.06666666666666667
0 0.7666666666666667 0.5308333333333334 0.023333333333333334 0.051666666666666666
0 0.7366666666666667 0.5308333333333334 0.03333333333333333 0.051666666666666666
0 0.79 0.54 0.03333333333333333 0.06666666666666667
0 0.6575 0.5691666666666667 0.035 0.065
0 0.7583333333333333 0.5858333333333333 0.02 0.06166666666666667
0 0.7458333333333333 0.6066666666666667 0.021666666666666667 0.08
0 0.64 0.6275 0.02666666666666667 0.08166666666666667
0 0.6275 0.6575 0.021666666666666667 0.06833333333333333
0 0.29583333333333334 0.7141666666666666 0.03166666666666667 0.07166666666666667
0 0.25 0.035 0.023333333333333334 0.07
0 0.5358333333333334 0.79 0.028333333333333332 0.07
0 0.2658333333333333 0.965 0.035 0.07
0 0.2525 0.1 0.021666666666666667 0.05
0 0.2675 0.1125 0.03166666666666667 0.051666666666666666
0 0.24166666666666667 0.14833333333333334 0.016666666666666666 0.06
0 0.25166666666666665 0.14583333333333334 0.023333333333333334 0.055
0 0.22666666666666666 0.15 0.016666666666666666 0.06666666666666667
0 0.2833333333333333 0.195 0.02 0.07
0 0.22666666666666666 0.20833333333333334 0.016666666666666666 0.06
0 0.245 0.22416666666666665 0.023333333333333334 0.06166666666666667
0 0.29333333333333333 0.2325 0.02 0.075
0 0.795 0.23666666666666666 0.03666666666666667 0.07
0 0.2708333333333333 0.24333333333333335 0.021666666666666667 0.07
0 0.2425 0.265 0.021666666666666667 0.05333333333333334
0 0.22583333333333333 0.26666666666666666 0.021666666666666667 0.06
0 0.85 0.2625 0.043333333333333335 0.045
0 0.8091666666666667 0.27416666666666667 0.03833333333333333 0.06833333333333333
0 0.30416666666666664 0.2808333333333333 0.015 0.055
0 0.28583333333333333 0.2891666666666667 0.018333333333333333 0.06166666666666667
0 0.8991666666666667 0.2808333333333333 0.03833333333333333 0.045
0 0.8383333333333334 0.2991666666666667 0.03333333333333333 0.025
0 0.2225 0.31166666666666665 0.018333333333333333 0.06
0 0.29833333333333334 0.315 0.02 0.06666666666666667
0 0.8916666666666667 0.3175 0.03333333333333333 0.035
0 0.20333333333333334 0.31166666666666665 0.02 0.07333333333333333
0 0.8341666666666666 0.3258333333333333 0.03833333333333333 0.035
0 0.9916666666666667 0.33 0.016666666666666666 0.056666666666666664
0 0.2425 0.3325 0.021666666666666667 0.075
0 0.8616666666666667 0.3308333333333333 0.03666666666666667 0.035
0 0.325 0.3333333333333333 0.03666666666666667 0.04
0 0.915 0.3333333333333333 0.03666666666666667 0.043333333333333335
0 0.8808333333333334 0.34833333333333333 0.03166666666666667 0.03
0 0.8258333333333333 0.3575 0.035 0.03833333333333333
0 0.7916666666666666 0.36333333333333334 0.03666666666666667 0.06333333333333334
0 0.225 0.3675 0.02666666666666667 0.065
0 0.3358333333333333 0.37166666666666665 0.028333333333333332 0.05
0 0.8658333333333333 0.375 0.025 0.03666666666666667
0 0.8266666666666667 0.38 0.03333333333333333 0.04
0 0.8475 0.38083333333333336 0.021666666666666667 0.055
0 0.8766666666666667 0.3875 0.03 0.045
0 0.36583333333333334 0.3933333333333333 0.03833333333333333 0.06333333333333334
0 0.8025 0.3983333333333333 0.018333333333333333 0.07333333333333333
0 0.4058333333333333 0.4033333333333333 0.035 0.06
0 0.8225 0.41 0.035 0.043333333333333335
0 0.2891666666666667 0.4125 0.025 0.055
0 0.30583333333333335 0.41833333333333333 0.03166666666666667 0.09
0 0.78 0.42083333333333334 0.03 0.04833333333333333
0 0.8741666666666666 0.4225 0.028333333333333332 0.058333333333333334
0 0.8408333333333333 0.4266666666666667 0.028333333333333332 0.05333333333333334
