0 0.0675 0.5041666666666667 0.028333333333333332 0.04833333333333333
0 0.0875 0.5041666666666667 0.03166666666666667 0.045
0 0.87 0.49916666666666665 0.03 0.055
0 0.8316666666666667 0.465 0.023333333333333334 0.07333333333333333
0 0.0875 0.465 0.041666666666666664 0.03666666666666667
0 0.12 0.45916666666666667 0.04 0.065
0 0.43166666666666664 0.45666666666666667 0.013333333333333334 0.07
0 0.8433333333333334 0.44333333333333336 0.03333333333333333 0.07666666666666666
0 0.8525 0.44 0.03833333333333333 0.06666666666666667
0 0.8391666666666666 0.44083333333333335 0.03833333333333333 0.07833333333333334
0 0.42 0.4325 0.016666666666666666 0.075
0 0.8608333333333333 0.42833333333333334 0.03833333333333333 0.05333333333333334
0 0.8883333333333333 0.4275 0.03 0.055
0 0.43 0.41 0.023333333333333334 0.04666666666666667
0 0.8883333333333333 0.39916666666666667 0.043333333333333335 0.051666666666666666
0 0.395 0.395 0.016666666666666666 0.043333333333333335
0 0.12833333333333333 0.3933333333333333 0.03 0.07333333333333333
0 0.8566666666666667 0.39166666666666666 0.04 0.04666666666666667
0 0.4025 0.37416666666666665 0.025 0.085
0 0.8216666666666667 0.3641666666666667 0.03333333333333333 0.06166666666666667
0 0.4241666666666667 0.3616666666666667 0.025 0.06666666666666667
0 0.4058333333333333 0.35083333333333333 0.015 0.041666666666666664
0 0.8725 0.35083333333333333 0.03166666666666667 0.051666666666666666
0 0.8383333333333334 0.3441666666666667 0.03333333333333333 0.051666666666666666
0 0.7783333333333333 0.32416666666666666 0.02 0.06166666666666667
0 0.7958333333333333 0.3333333333333333 0.021666666666666667 0.056666666666666664
0 0.84 0.31333333333333335 0.03666666666666667 0.06333333333333334
0 0.41083333333333333 0.30583333333333335 0.018333333333333333 0.07166666666666667
0 0.7641666666666667 0.2991666666666667 0.018333333333333333 0.058333333333333334
0 0.39416666666666667 0.29083333333333333 0.015 0.058333333333333334
0 0.8125 0.2833333333333333 0.025 0.07333333333333333
0 0.8416666666666667 0.27166666666666667 0.04 0.04666666666666667
0 0.9908333333333333 0.265 0.018333333333333333 0.05
0 0.7925 0.26666666666666666 0.025 0.04666666666666667
0 0.7725 0.25166666666666665 0.018333333333333333 0.056666666666666664
0 0.9916666666666667 0.27666666666666667 0.0033333333333333335 0.006666666666666667
0 0.4 0.24083333333333334 0.016666666666666666 0.06833333333333333
0 0.9891666666666666 0.235 0.021666666666666667 0.03333333333333333
0 0.8125 0.235 0.021666666666666667 0.06333333333333334
0 0.7533333333333333 0.23166666666666666 0.023333333333333334 0.06333333333333334
0 0.7925 0.22166666666666668 0.021666666666666667 0.06333333333333334
0 0.26166666666666666 0.2175 0.03333333333333333 0.03833333333333333
0 0.9675 0.2125 0.0016666666666666668 0.0016666666666666668
0 0.7758333333333334 0.20916666666666667 0.021666666666666667 0.058333333333333334
0 0.9666666666666667 0.195 0.03 0.03666666666666667
0 0.94 0.18416666666666667 0.03666666666666667 0.058333333333333334
0 0.7525 0.18416666666666667 0.03166666666666667 0.06833333333333333
0 0.8841666666666667 0.18166666666666667 0.045 0.05
0 0.9116666666666666 0.17666666666666667 0.04 0.043333333333333335
0 0.7966666666666666 0.1725 0.02666666666666667 0.06833333333333333
0 0.24666666666666667 0.1675 0.02666666666666667 0.058333333333333334
0 0.9558333333333333 0.15833333333333333 0.03166666666666667 0.043333333333333335
0 0.7733333333333333 0.15583333333333332 0.03 0.06166666666666667
0 0.9875 0.15333333333333332 0.025 0.04
0 0.8916666666666667 0.135 0.03333333333333333 0.04666666666666667
0 0.8658333333333333 0.135 0.045 0.043333333333333335
0 0.8983333333333333 0.1325 0.043333333333333335 0.04833333333333333
0 0.8008333333333333 0.12083333333333333 0.025 0.04833333333333333
0 0.245 0.12166666666666667 0.016666666666666666 0.06666666666666667
0 0.9266666666666666 0.1175 0.03 0.065
0 0.9116666666666666 0.11916666666666667 0.03666666666666667 0.058333333333333334
0 0.855 0.10166666666666667 0.043333333333333335 0.03333333333333333
0 0.2225 0.10333333333333333 0.021666666666666667 0.05333333333333334
0 0.8725 0.09083333333333334 0.045 0.035
0 0.7658333333333334 0.07333333333333333 0.03833333333333333 0.03666666666666667
0 0.2225 0.0675 0.028333333333333332 0.065
0 0.12333333333333334 0.8891666666666667 0.05 0.035
0 0.13333333333333333 0.8583333333333333 0.05333333333333334 0.03666666666666667
0 0.0975 0.8291666666666667 0.035 0.03833333333333333
0 0.10333333333333333 0.8108333333333333 0.04666666666666667 0.075
0 0.465 0.755 0.016666666666666666 0.07
0 0.145 0.7258333333333333 0.04666666666666667 0.03166666666666667
0 0.45416666666666666 0.6916666666666667 0.015 0.07666666666666666
0 0.4091666666666667 0.69 0.035 0.06333333333333334
0 0.3775 0.6791666666666667 0.03833333333333333 0.058333333333333334
0 0.39 0.6775 0.03333333333333333 0.06166666666666667
0 0.435 0.6741666666666667 0.02 0.08833333333333333
0 0.46416666666666667 0.675 0.018333333333333333 0.07333333333333333
0 0.4058333333333333 0.6666666666666666 0.028333333333333332 0.06666666666666667
0 0.3933333333333333 0.6341666666666667 0.013333333333333334 0.03166666666666667
0 0.37583333333333335 0.6325 0.03166666666666667 0.03166666666666667
0 0.4666666666666667 0.6208333333333333 0.016666666666666666 0.07166666666666667
0 0.44666666666666666 0.6158333333333333 0.023333333333333334 0.09166666666666666
0 0.36 0.6183333333333333 0.03 0.02666666666666667
0 0.4083333333333333 0.6025 0.023333333333333334 0.08166666666666667
0 0.38666666666666666 0.6066666666666667 0.02666666666666667 0.02666666666666667
0 0.43583333333333335 0.6141666666666666 0.0016666666666666668 0.0016666666666666668
0 0.3825 0.5766666666666667 0.035 0.043333333333333335
0 0.4558333333333333 0.565 0.018333333333333333 0.06666666666666667
0 0.8608333333333333 0.5425 0.011666666666666667 0.04833333333333333
0 0.42833333333333334 0.5425 0.016666666666666666 0.085
0 0.385 0.5458333333333333 0.03333333333333333 0.065
0 0.36083333333333334 0.5283333333333333 0.025 0.04666666666666667
0 0.2633333333333333 0.5291666666666667 0.023333333333333334 0.07166666666666667
0 0.8516666666666667 0.5275 0.03 0.07833333333333334
0 0.09916666666666667 0.525 0.045 0.05
0 0.44333333333333336 0.5125 0.016666666666666666 0.085
