0 0.5575 0.5175 0.035 0.03166666666666667
0 0.4583333333333333 0.5158333333333334 0.02 0.065
0 0.5091666666666667 0.5183333333333333 0.035 0.03
0 0.5591666666666667 0.5075 0.03833333333333333 0.051666666666666666
0 0.5908333333333333 0.49583333333333335 0.035 0.035
0 0.6133333333333333 0.49833333333333335 0.02 0.056666666666666664
0 0.5025 0.495 0.035 0.03
0 0.6308333333333334 0.48083333333333333 0.015 0.055
0 0.605 0.4825 0.013333333333333334 0.028333333333333332
0 0.4575 0.4741666666666667 0.025 0.06166666666666667
0 0.5566666666666666 0.4741666666666667 0.03666666666666667 0.028333333333333332
0 0.515 0.4716666666666667 0.04666666666666667 0.03333333333333333
0 0.5841666666666666 0.47 0.03166666666666667 0.023333333333333334
0 0.47333333333333333 0.46166666666666667 0.02666666666666667 0.05333333333333334
0 0.015 0.4475 0.03 0.045
0 0.6016666666666667 0.45166666666666666 0.03 0.03
0 0.5558333333333333 0.4483333333333333 0.03833333333333333 0.02666666666666667
0 0.63 0.44083333333333335 0.03666666666666667 0.055
0 0.5808333333333333 0.43666666666666665 0.035 0.02666666666666667
0 0.5183333333333333 0.435 0.03666666666666667 0.05333333333333334
0 0.7008333333333333 0.43083333333333335 0.021666666666666667 0.08166666666666667
0 0.47583333333333333 0.42583333333333334 0.025 0.07166666666666667
0 0.6241666666666666 0.42083333333333334 0.03833333333333333 0.035
0 0.6075 0.41083333333333333 0.03166666666666667 0.028333333333333332
0 0.45666666666666667 0.4075 0.016666666666666666 0.065
0 0.485 0.3925 0.03 0.051666666666666666
0 0.6341666666666667 0.38916666666666666 0.035 0.03166666666666667
0 0.6133333333333333 0.38333333333333336 0.043333333333333335 0.04
0 0.5575 0.37083333333333335 0.04833333333333333 0.03166666666666667
0 0.6008333333333333 0.36583333333333334 0.03833333333333333 0.04833333333333333
0 0.46 0.3616666666666667 0.02666666666666667 0.05333333333333334
0 0.21 0.03 0.03 0.06
0 0.45 0.6066666666666667 0.04 0.043333333333333335
0 0.4483333333333333 0.575 0.023333333333333334 0.043333333333333335
0 0.51 0.5616666666666666 0.04 0.04
0 0.4675 0.555 0.018333333333333333 0.06
0 0.5416666666666666 0.5458333333333333 0.03333333333333333 0.041666666666666664
0 0.4825 0.5316666666666666 0.018333333333333333 0.07
0 0.5791666666666667 0.5341666666666667 0.041666666666666664 0.051666666666666666
0 0.6241666666666666 0.5275 0.035 0.051666666666666666
0 0.5283333333333333 0.5316666666666666 0.03 0.05
0 0.010833333333333334 0.5258333333333334 0.021666666666666667 0.065
