0 0.6983333333333334 0.5258333333333334 0.02 0.085
0 0.725 0.5091666666666667 0.03666666666666667 0.055
0 0.4166666666666667 0.5016666666666667 0.043333333333333335 0.03333333333333333
0 0.395 0.4975 0.04666666666666667 0.041666666666666664
0 0.37416666666666665 0.49416666666666664 0.03833333333333333 0.051666666666666666
0 0.755 0.49166666666666664 0.03666666666666667 0.04666666666666667
0 0.4741666666666667 0.4825 0.045 0.04833333333333333
0 0.44666666666666666 0.48 0.03666666666666667 0.03
0 0.7083333333333334 0.4766666666666667 0.02 0.08333333333333333
0 0.7541666666666667 0.4791666666666667 0.03833333333333333 0.06833333333333333
0 0.725 0.465 0.016666666666666666 0.06333333333333334
0 0.38666666666666666 0.4575 0.04 0.04833333333333333
0 0.44 0.4575 0.03 0.041666666666666664
0 0.33 0.4583333333333333 0.03333333333333333 0.07
0 0.3675 0.4533333333333333 0.03833333333333333 0.05
0 0.4141666666666667 0.4558333333333333 0.03833333333333333 0.045
0 0.3516666666666667 0.4533333333333333 0.04 0.056666666666666664
0 0.4775 0.45166666666666666 0.03833333333333333 0.03666666666666667
0 0.73 0.42583333333333334 0.02 0.051666666666666666
0 0.7841666666666667 0.43416666666666665 0.03166666666666667 0.075
0 0.32916666666666666 0.43083333333333335 0.035 0.065
0 0.31333333333333335 0.4141666666666667 0.043333333333333335 0.055
0 0.28833333333333333 0.4141666666666667 0.04 0.03833333333333333
0 0.7533333333333333 0.4066666666666667 0.02 0.07666666666666666
0 0.3566666666666667 0.3908333333333333 0.03333333333333333 0.035
0 0.77 0.38083333333333336 0.02666666666666667 0.065
0 0.7933333333333333 0.3675 0.02 0.051666666666666666
0 0.785 0.3516666666666667 0.02666666666666667 0.06333333333333334
0 0.13583333333333333 0.15916666666666668 0.03833333333333333 0.03833333333333333
0 0.17333333333333334 0.1475 0.03 0.06166666666666667
0 0.4775 0.7375 0.018333333333333333 0.08833333333333333
0 0.495 0.71 0.023333333333333334 0.06333333333333334
0 0.4875 0.7125 0.0016666666666666668 0.0016666666666666668
0 0.5766666666666667 0.5641666666666667 0.03333333333333333 0.028333333333333332
