0 0.8908333333333334 0.49916666666666665 0.065 0.095
0 0.0175 0.0225 0.035 0.045
0 0.8733333333333333 0.555 0.07666666666666666 0.11
0 0.7408333333333333 0.5816666666666667 0.065 0.08333333333333333
0 0.8441666666666666 0.6025 0.06833333333333333 0.105
0 0.6141666666666666 0.6591666666666667 0.07833333333333334 0.11166666666666666
0 0.2833333333333333 0.67 0.06333333333333334 0.10333333333333333
0 0.355 0.7075 0.06 0.115
0 0.4675 0.7433333333333333 0.075 0.09
0 0.18416666666666667 0.8675 0.065 0.07166666666666667
0 0.14 0.95 0.05333333333333334 0.1
0 0.44083333333333335 0.9625 0.07166666666666667 0.075
0 0.5083333333333333 0.9683333333333334 0.06333333333333334 0.06333333333333334
0 0.18166666666666667 0.1 0.06666666666666667 0.07666666666666666
0 0.19333333333333333 0.1625 0.08 0.055
0 0.44916666666666666 0.2808333333333333 0.06833333333333333 0.07833333333333334
0 0.08333333333333333 0.28833333333333333 0.08 0.06333333333333334
0 0.92 0.3258333333333333 0.07 0.058333333333333334
0 0.9791666666666666 0.3383333333333333 0.041666666666666664 0.12666666666666668
0 0.935 0.3875 0.06333333333333334 0.065
