0 0.66 0.475 0.02666666666666667 0.03
0 0.6825 0.49916666666666665 0.03166666666666667 0.03833333333333333
0 0.7025 0.5 0.025 0.04
0 0.66 0.5016666666666667 0.03 0.03333333333333333
0 0.6316666666666667 0.51 0.02666666666666667 0.04
0 0.4775 0.5108333333333334 0.025 0.035
0 0.7325 0.5266666666666666 0.028333333333333332 0.04
0 0.6766666666666666 0.54 0.02666666666666667 0.043333333333333335
0 0.32916666666666666 0.5683333333333334 0.028333333333333332 0.03666666666666667
0 0.6575 0.66 0.035 0.03333333333333333
0 0.5525 0.68 0.018333333333333333 0.04666666666666667
0 0.87 0.7166666666666667 0.03333333333333333 0.03333333333333333
0 0.8075 0.010833333333333334 0.011666666666666667 0.018333333333333333
0 0.8883333333333333 0.9833333333333333 0.02 0.03333333333333333
0 0.5633333333333334 0.125 0.013333333333333334 0.013333333333333334
0 0.7066666666666667 0.13666666666666666 0.013333333333333334 0.023333333333333334
0 0.715 0.14 0.02 0.02666666666666667
0 0.7266666666666667 0.145 0.02 0.02666666666666667
0 0.7358333333333333 0.15 0.021666666666666667 0.02
0 0.82 0.016666666666666666 0.013333333333333334 0.02
0 0.6408333333333334 0.16333333333333333 0.015 0.016666666666666666
0 0.6608333333333334 0.165 0.021666666666666667 0.016666666666666666
0 0.6158333333333333 0.16083333333333333 0.021666666666666667 0.025
0 0.8075 0.0125 0.015 0.025
0 0.6683333333333333 0.17583333333333334 0.013333333333333334 0.015
0 0.5083333333333333 0.1775 0.01 0.03166666666666667
0 0.6416666666666667 0.175 0.02 0.023333333333333334
0 0.6608333333333334 0.175 0.025 0.03333333333333333
0 0.6766666666666666 0.18583333333333332 0.02 0.025
0 0.6441666666666667 0.19666666666666666 0.008333333333333333 0.023333333333333334
0 0.6775 0.1875 0.018333333333333333 0.021666666666666667
0 0.6416666666666667 0.19833333333333333 0.016666666666666666 0.02666666666666667
0 0.5233333333333333 0.23416666666666666 0.01 0.015
0 0.6158333333333333 0.23416666666666666 0.018333333333333333 0.03166666666666667
0 0.6416666666666667 0.2658333333333333 0.013333333333333334 0.028333333333333332
0 0.8241666666666667 0.0225 0.018333333333333333 0.028333333333333332
0 0.7 0.2966666666666667 0.023333333333333334 0.02
0 0.6775 0.30583333333333335 0.021666666666666667 0.021666666666666667
0 0.7 0.31166666666666665 0.023333333333333334 0.023333333333333334
0 0.22416666666666665 0.325 0.028333333333333332 0.03
0 0.8583333333333333 0.3358333333333333 0.02666666666666667 0.041666666666666664
0 0.495 0.395 0.016666666666666666 0.03
0 0.49333333333333335 0.4216666666666667 0.016666666666666666 0.05333333333333334
0 0.49833333333333335 0.43 0.016666666666666666 0.04
0 0.45166666666666666 0.4375 0.013333333333333334 0.03166666666666667
0 0.6191666666666666 0.4625 0.018333333333333333 0.03166666666666667
0 0.6383333333333333 0.465 0.02666666666666667 0.04
