0 0.4633333333333333 0.4975 0.043333333333333335 0.04833333333333333
0 0.265 0.49 0.02 0.06333333333333334
0 0.3858333333333333 0.49333333333333335 0.03166666666666667 0.06333333333333334
0 0.5116666666666667 0.4841666666666667 0.04666666666666667 0.028333333333333332
0 0.245 0.4691666666666667 0.02666666666666667 0.058333333333333334
0 0.3541666666666667 0.46 0.021666666666666667 0.06666666666666667
0 0.44666666666666666 0.4625 0.02 0.058333333333333334
0 0.36666666666666664 0.4558333333333333 0.016666666666666666 0.065
0 0.3375 0.4633333333333333 0.018333333333333333 0.06333333333333334
0 0.48333333333333334 0.45666666666666667 0.03 0.03333333333333333
0 0.22166666666666668 0.4533333333333333 0.023333333333333334 0.056666666666666664
0 0.31916666666666665 0.44416666666666665 0.021666666666666667 0.051666666666666666
0 0.39416666666666667 0.43916666666666665 0.021666666666666667 0.075
0 0.2425 0.42583333333333334 0.025 0.065
0 0.5016666666666667 0.41833333333333333 0.02 0.07333333333333333
0 0.3516666666666667 0.4033333333333333 0.02666666666666667 0.05
0 0.5316666666666666 0.4125 0.02666666666666667 0.07833333333333334
0 0.32166666666666666 0.4091666666666667 0.03 0.051666666666666666
0 0.5125 0.39916666666666667 0.018333333333333333 0.08166666666666667
0 0.25083333333333335 0.39166666666666666 0.018333333333333333 0.07
0 0.5416666666666666 0.39416666666666667 0.02 0.07166666666666667
0 0.32666666666666666 0.39 0.02 0.05333333333333334
0 0.3541666666666667 0.3908333333333333 0.025 0.058333333333333334
0 0.485 0.3725 0.016666666666666666 0.058333333333333334
0 0.2816666666666667 0.36916666666666664 0.013333333333333334 0.04833333333333333
0 0.3333333333333333 0.35083333333333333 0.02 0.058333333333333334
0 0.31833333333333336 0.3433333333333333 0.016666666666666666 0.06
0 0.4866666666666667 0.38083333333333336 0.01 0.005
0 0.535 0.32916666666666666 0.016666666666666666 0.06166666666666667
0 0.5133333333333333 0.31916666666666665 0.016666666666666666 0.085
0 0.49583333333333335 0.31083333333333335 0.021666666666666667 0.06833333333333333
0 0.5233333333333333 0.29583333333333334 0.013333333333333334 0.07166666666666667
0 0.325 0.29333333333333333 0.016666666666666666 0.06
0 0.4708333333333333 0.2791666666666667 0.028333333333333332 0.04833333333333333
0 0.5016666666666667 0.2775 0.013333333333333334 0.065
0 0.3475 0.275 0.03166666666666667 0.07
0 0.5375 0.2725 0.015 0.051666666666666666
0 0.5658333333333333 0.2658333333333333 0.018333333333333333 0.07833333333333334
0 0.31416666666666665 0.26 0.018333333333333333 0.06666666666666667
0 0.4816666666666667 0.24166666666666667 0.02 0.06333333333333334
0 0.5141666666666667 0.24083333333333334 0.015 0.058333333333333334
0 0.4625 0.2325 0.021666666666666667 0.04833333333333333
0 0.575 0.23333333333333334 0.016666666666666666 0.06666666666666667
0 0.5925 0.225 0.018333333333333333 0.08
0 0.5516666666666666 0.22416666666666665 0.016666666666666666 0.085
0 0.5666666666666667 0.18916666666666668 0.016666666666666666 0.065
0 0.5341666666666667 0.1775 0.018333333333333333 0.07833333333333334
0 0.5791666666666667 0.16333333333333333 0.015 0.07
0 0.5991666666666666 0.15833333333333333 0.018333333333333333 0.06666666666666667
0 0.5475 0.13833333333333334 0.015 0.08333333333333333
0 0.5625 0.135 0.018333333333333333 0.07666666666666666
0 0.5766666666666667 0.105 0.013333333333333334 0.056666666666666664
0 0.0775 0.016666666666666666 0.035 0.03333333333333333
0 0.49583333333333335 0.8191666666666667 0.03166666666666667 0.051666666666666666
0 0.5 0.7975 0.01 0.03833333333333333
0 0.52 0.7925 0.03333333333333333 0.065
0 0.4825 0.76 0.035 0.03666666666666667
0 0.6275 0.7583333333333333 0.03166666666666667 0.02666666666666667
0 0.59 0.7508333333333334 0.023333333333333334 0.025
0 0.4841666666666667 0.7358333333333333 0.028333333333333332 0.055
0 0.45416666666666666 0.7358333333333333 0.03833333333333333 0.03166666666666667
0 0.61 0.7291666666666666 0.03333333333333333 0.035
0 0.5758333333333333 0.7258333333333333 0.035 0.03166666666666667
0 0.6375 0.7116666666666667 0.03833333333333333 0.056666666666666664
0 0.6191666666666666 0.7133333333333334 0.03833333333333333 0.04666666666666667
0 0.5033333333333333 0.7075 0.03 0.025
0 0.555 0.7 0.03333333333333333 0.03
0 0.5375 0.6916666666666667 0.041666666666666664 0.03666666666666667
0 0.47833333333333333 0.6891666666666667 0.02666666666666667 0.035
0 0.6541666666666667 0.69 0.025 0.05333333333333334
0 0.4425 0.69 0.04833333333333333 0.03333333333333333
0 0.5816666666666667 0.6908333333333333 0.03333333333333333 0.035
0 0.5216666666666666 0.6825 0.02666666666666667 0.035
0 0.6333333333333333 0.6775 0.03333333333333333 0.041666666666666664
0 0.5008333333333334 0.6758333333333333 0.035 0.03166666666666667
0 0.4008333333333333 0.6708333333333333 0.035 0.03166666666666667
0 0.6008333333333333 0.6708333333333333 0.035 0.03166666666666667
0 0.43 0.6608333333333334 0.043333333333333335 0.028333333333333332
0 0.5441666666666667 0.66 0.03833333333333333 0.03
0 0.495 0.6491666666666667 0.043333333333333335 0.028333333333333332
0 0.5758333333333333 0.6491666666666667 0.035 0.035
0 0.4425 0.6416666666666667 0.03833333333333333 0.04
0 0.6041666666666666 0.64 0.028333333333333332 0.03333333333333333
0 0.3958333333333333 0.6283333333333333 0.041666666666666664 0.043333333333333335
0 0.48083333333333333 0.6066666666666667 0.041666666666666664 0.043333333333333335
0 0.545 0.5866666666666667 0.04 0.03666666666666667
0 0.42916666666666664 0.5683333333333334 0.045 0.02666666666666667
0 0.03916666666666667 0.5591666666666667 0.041666666666666664 0.07833333333333334
0 0.5308333333333334 0.5541666666666667 0.03833333333333333 0.041666666666666664
0 0.5558333333333333 0.5491666666666667 0.035 0.03833333333333333
0 0.44 0.55 0.03666666666666667 0.02666666666666667
0 0.2675 0.5475 0.028333333333333332 0.07166666666666667
0 0.49083333333333334 0.5433333333333333 0.041666666666666664 0.03666666666666667
0 0.395 0.5425 0.043333333333333335 0.035
0 0.3591666666666667 0.5333333333333333 0.035 0.07333333333333333
0 0.47333333333333333 0.5258333333333334 0.03666666666666667 0.03833333333333333
0 0.011666666666666667 0.515 0.023333333333333334 0.06
0 0.5133333333333333 0.5108333333333334 0.04666666666666667 0.03166666666666667
0 0.4225 0.5091666666666667 0.03166666666666667 0.045
0 0.24166666666666667 0.5016666666666667 0.02666666666666667 0.06666666666666667
