0 0.3883333333333333 0.5191666666666667 0.016666666666666666 0.051666666666666666
0 0.41333333333333333 0.5108333333333334 0.02 0.06166666666666667
0 0.3616666666666667 0.49416666666666664 0.016666666666666666 0.04833333333333333
0 0.4025 0.4875 0.015 0.055
0 0.3925 0.5291666666666667 0.0016666666666666668 0.0016666666666666668
0 0.3775 0.5008333333333334 0.0016666666666666668 0.005
0 0.3725 0.46 0.011666666666666667 0.04666666666666667
0 0.4116666666666667 0.44916666666666666 0.016666666666666666 0.06166666666666667
0 0.455 0.4533333333333333 0.013333333333333334 0.043333333333333335
0 0.4425 0.4508333333333333 0.018333333333333333 0.06833333333333333
0 0.4816666666666667 0.44916666666666666 0.02 0.04833333333333333
0 0.395 0.43416666666666665 0.016666666666666666 0.051666666666666666
0 0.38083333333333336 0.43166666666666664 0.015 0.06
0 0.365 0.42 0.013333333333333334 0.056666666666666664
0 0.4825 0.42083333333333334 0.021666666666666667 0.06166666666666667
0 0.1875 0.9516666666666667 0.021666666666666667 0.06666666666666667
0 0.4075 0.4041666666666667 0.015 0.058333333333333334
0 0.42583333333333334 0.4083333333333333 0.015 0.07333333333333333
0 0.3725 0.3933333333333333 0.015 0.05
0 0.46416666666666667 0.38916666666666666 0.018333333333333333 0.06833333333333333
0 0.3933333333333333 0.3825 0.016666666666666666 0.058333333333333334
0 0.41583333333333333 0.365 0.015 0.06
0 0.48583333333333334 0.36083333333333334 0.028333333333333332 0.058333333333333334
0 0.3983333333333333 0.35083333333333333 0.023333333333333334 0.045
0 0.38083333333333336 0.3383333333333333 0.018333333333333333 0.05333333333333334
0 0.4666666666666667 0.3416666666666667 0.02 0.06
0 0.44 0.33 0.03333333333333333 0.05333333333333334
0 0.39666666666666667 0.32166666666666666 0.02666666666666667 0.03666666666666667
0 0.4741666666666667 0.31833333333333336 0.025 0.04666666666666667
0 0.4125 0.315 0.025 0.043333333333333335
0 0.44166666666666665 0.28833333333333333 0.023333333333333334 0.056666666666666664
0 0.39 0.28583333333333333 0.016666666666666666 0.03833333333333333
0 0.42583333333333334 0.285 0.028333333333333332 0.05333333333333334
0 0.4425 0.2608333333333333 0.025 0.051666666666666666
0 0.3933333333333333 0.24666666666666667 0.02666666666666667 0.05
0 0.44666666666666666 0.23583333333333334 0.02666666666666667 0.06166666666666667
0 0.4141666666666667 0.21916666666666668 0.025 0.045
0 0.4216666666666667 0.19916666666666666 0.023333333333333334 0.045
0 0.20333333333333334 0.93 0.02 0.08
0 0.45 0.2 0.02 0.07
0 0.42583333333333334 0.17333333333333334 0.028333333333333332 0.05
0 0.44916666666666666 0.15916666666666668 0.03166666666666667 0.051666666666666666
0 0.3925 0.14833333333333334 0.028333333333333332 0.04
0 0.4141666666666667 0.14333333333333334 0.028333333333333332 0.02666666666666667
0 0.43833333333333335 0.125 0.02666666666666667 0.03
0 0.41083333333333333 0.115 0.028333333333333332 0.03666666666666667
0 0.38666666666666666 0.12 0.02666666666666667 0.04
0 0.3825 0.09083333333333334 0.025 0.04833333333333333
0 0.4 0.08 0.023333333333333334 0.043333333333333335
0 0.3575 0.029166666666666667 0.035 0.058333333333333334
0 0.4075 0.9 0.035 0.02666666666666667
0 0.4483333333333333 0.8841666666666667 0.04 0.045
0 0.07 0.8841666666666667 0.03333333333333333 0.065
0 0.42916666666666664 0.8741666666666666 0.035 0.03833333333333333
0 0.3983333333333333 0.8716666666666667 0.03333333333333333 0.02666666666666667
0 0.4166666666666667 0.8508333333333333 0.04 0.035
0 0.38166666666666665 0.8441666666666666 0.03 0.03166666666666667
0 0.6516666666666666 0.8075 0.023333333333333334 0.028333333333333332
0 0.6333333333333333 0.7966666666666666 0.03 0.02666666666666667
0 0.5116666666666667 0.7916666666666666 0.03 0.03333333333333333
0 0.6566666666666666 0.7833333333333333 0.03 0.02666666666666667
0 0.6783333333333333 0.7816666666666666 0.03 0.06
0 0.6983333333333334 0.78 0.016666666666666666 0.056666666666666664
0 0.5441666666666667 0.7766666666666666 0.03833333333333333 0.02666666666666667
0 0.48083333333333333 0.7775 0.03166666666666667 0.041666666666666664
0 0.6725 0.77 0.018333333333333333 0.016666666666666666
0 0.5016666666666667 0.7675 0.03666666666666667 0.025
0 0.44916666666666666 0.7566666666666667 0.028333333333333332 0.02
0 0.1975 0.7558333333333334 0.03166666666666667 0.04833333333333333
0 0.5225 0.75 0.028333333333333332 0.03333333333333333
0 0.7158333333333333 0.7208333333333333 0.0016666666666666668 0.005
0 0.49166666666666664 0.7383333333333333 0.03 0.04
0 0.47333333333333333 0.735 0.023333333333333334 0.05
0 0.4425 0.7333333333333333 0.035 0.04
0 0.42583333333333334 0.73 0.018333333333333333 0.02666666666666667
0 0.455 0.7158333333333333 0.02 0.04833333333333333
0 0.4275 0.7175 0.0016666666666666668 0.0016666666666666668
0 0.4175 0.7025 0.025 0.028333333333333332
0 0.7091666666666666 0.7075 0.018333333333333333 0.055
0 0.395 0.6983333333333334 0.02666666666666667 0.03333333333333333
0 0.43583333333333335 0.68 0.025 0.03
0 0.4166666666666667 0.6716666666666666 0.023333333333333334 0.043333333333333335
0 0.7158333333333333 0.6741666666666667 0.025 0.045
0 0.39 0.6625 0.03333333333333333 0.051666666666666666
0 0.39916666666666667 0.6633333333333333 0.021666666666666667 0.05333333333333334
0 0.36 0.6525 0.02666666666666667 0.051666666666666666
0 0.36916666666666664 0.65 0.015 0.04
0 0.7041666666666667 0.6433333333333333 0.015 0.03666666666666667
0 0.37333333333333335 0.6166666666666667 0.03 0.04666666666666667
0 0.35 0.61 0.02666666666666667 0.03666666666666667
0 0.013333333333333334 0.9733333333333334 0.02666666666666667 0.02666666666666667
0 0.2525 0.6083333333333333 0.0016666666666666668 0.0033333333333333335
0 0.6933333333333334 0.6116666666666667 0.02 0.06
0 0.34833333333333333 0.58 0.03333333333333333 0.02666666666666667
0 0.3825 0.5791666666666667 0.03833333333333333 0.03166666666666667
0 0.42333333333333334 0.5616666666666666 0.03 0.056666666666666664
0 0.6825 0.5558333333333333 0.018333333333333333 0.075
0 0.4075 0.5525 0.028333333333333332 0.045
0 0.3458333333333333 0.55 0.03166666666666667 0.04666666666666667
0 0.39416666666666667 0.5483333333333333 0.018333333333333333 0.043333333333333335
0 0.3625 0.5366666666666666 0.03166666666666667 0.04666666666666667
0 0.375 0.53 0.02 0.04666666666666667
