0 0.65 0.5008333333333334 0.04 0.041666666666666664
0 0.12333333333333334 0.9541666666666667 0.03 0.07833333333333334
0 0.24 0.4725 0.02666666666666667 0.065
0 0.5583333333333333 0.46416666666666667 0.02 0.07833333333333334
0 0.6458333333333334 0.45 0.021666666666666667 0.06666666666666667
0 0.575 0.43166666666666664 0.013333333333333334 0.05
0 0.4766666666666667 0.41083333333333333 0.03666666666666667 0.04833333333333333
0 0.2575 0.3983333333333333 0.025 0.09333333333333334
0 0.5616666666666666 0.3908333333333333 0.02666666666666667 0.028333333333333332
0 0.26166666666666666 0.30916666666666665 0.02 0.07166666666666667
0 0.5366666666666666 0.2991666666666667 0.016666666666666666 0.06166666666666667
0 0.30416666666666664 0.29333333333333333 0.035 0.04666666666666667
0 0.5583333333333333 0.29083333333333333 0.023333333333333334 0.07166666666666667
0 0.30666666666666664 0.2733333333333333 0.02666666666666667 0.03
0 0.52 0.26916666666666667 0.016666666666666666 0.075
0 0.5325 0.25583333333333336 0.015 0.06166666666666667
0 0.24666666666666667 0.25166666666666665 0.03 0.05
0 0.29583333333333334 0.23666666666666666 0.03166666666666667 0.05333333333333334
0 0.5433333333333333 0.22083333333333333 0.016666666666666666 0.075
0 0.5608333333333333 0.215 0.018333333333333333 0.06666666666666667
0 0.5283333333333333 0.19583333333333333 0.016666666666666666 0.07166666666666667
0 0.2891666666666667 0.18916666666666668 0.025 0.06166666666666667
0 0.19583333333333333 0.185 0.041666666666666664 0.06333333333333334
0 0.5491666666666667 0.17916666666666667 0.015 0.06833333333333333
0 0.2941666666666667 0.165 0.021666666666666667 0.07
0 0.1775 0.9175 0.03166666666666667 0.058333333333333334
0 0.26916666666666667 0.15 0.018333333333333333 0.06333333333333334
0 0.5575 0.14333333333333334 0.015 0.056666666666666664
0 0.5391666666666667 0.14666666666666667 0.015 0.06333333333333334
0 0.6741666666666667 0.915 0.03166666666666667 0.07333333333333333
0 0.5683333333333334 0.125 0.02 0.04666666666666667
0 0.2725 0.11166666666666666 0.025 0.06333333333333334
0 0.29333333333333333 0.10583333333333333 0.02 0.06833333333333333
0 0.5508333333333333 0.10166666666666667 0.018333333333333333 0.05333333333333334
0 0.2733333333333333 0.09 0.02 0.03666666666666667
0 0.5633333333333334 0.065 0.013333333333333334 0.06333333333333334
0 0.2841666666666667 0.05583333333333333 0.021666666666666667 0.03166666666666667
0 0.27166666666666667 0.05583333333333333 0.02666666666666667 0.06166666666666667
0 0.5491666666666667 0.05 0.015 0.07333333333333333
0 0.5683333333333334 0.03666666666666667 0.016666666666666666 0.07333333333333333
0 0.5566666666666666 0.015 0.023333333333333334 0.03
0 0.6591666666666667 0.8825 0.018333333333333333 0.06166666666666667
0 0.7075 0.8816666666666667 0.021666666666666667 0.08666666666666667
0 0.6416666666666667 0.8766666666666667 0.02 0.08666666666666667
0 0.18666666666666668 0.8666666666666667 0.02 0.06666666666666667
0 0.2725 0.8666666666666667 0.03166666666666667 0.07
0 0.7258333333333333 0.8241666666666667 0.011666666666666667 0.045
0 0.2658333333333333 0.8108333333333333 0.035 0.055
0 0.7191666666666666 0.7975 0.025 0.095
0 0.6475 0.7841666666666667 0.018333333333333333 0.09166666666666666
0 0.18416666666666667 0.7783333333333333 0.018333333333333333 0.08666666666666667
0 0.1975 0.7541666666666667 0.018333333333333333 0.08166666666666667
0 0.6608333333333334 0.7491666666666666 0.015 0.065
0 0.6458333333333334 0.9733333333333334 0.018333333333333333 0.05333333333333334
0 0.6725 0.7058333333333333 0.015 0.075
0 0.6483333333333333 0.7025 0.02 0.06833333333333333
0 0.6675 0.6916666666666667 0.021666666666666667 0.05
0 0.655 0.9691666666666666 0.03333333333333333 0.06166666666666667
0 0.665 0.6341666666666667 0.02666666666666667 0.07833333333333334
0 0.6816666666666666 0.6291666666666667 0.023333333333333334 0.075
0 0.67 0.9683333333333334 0.02 0.06333333333333334
0 0.7033333333333334 0.6 0.03 0.06333333333333334
0 0.21 0.5866666666666667 0.02666666666666667 0.07666666666666666
0 0.6308333333333334 0.9575 0.015 0.07833333333333334
0 0.7108333333333333 0.5491666666666667 0.03166666666666667 0.065
0 0.7375 0.5233333333333333 0.028333333333333332 0.06666666666666667
0 0.18833333333333332 0.5208333333333334 0.02 0.07833333333333334
