0 0.6 0.5425 0.03666666666666667 0.13833333333333334
0 0.57 0.5808333333333333 0.06666666666666667 0.058333333333333334
0 0.6091666666666666 0.635 0.06833333333333333 0.05333333333333334
0 0.39916666666666667 0.6433333333333333 0.041666666666666664 0.12
0 0.12083333333333333 0.7141666666666666 0.07166666666666667 0.065
0 0.05 0.745 0.03666666666666667 0.13
0 0.0125 0.9508333333333333 0.025 0.09833333333333333
0 0.4141666666666667 0.9033333333333333 0.07833333333333334 0.056666666666666664
0 0.04 0.9441666666666667 0.043333333333333335 0.11166666666666666
0 0.8783333333333333 0.965 0.07666666666666666 0.06333333333333334
0 0.7091666666666666 0.17916666666666667 0.051666666666666666 0.11166666666666666
0 0.7658333333333334 0.22916666666666666 0.065 0.085
0 0.27 0.2675 0.04 0.10833333333333334
0 0.8058333333333333 0.2941666666666667 0.08166666666666667 0.058333333333333334
0 0.6733333333333333 0.3641666666666667 0.06 0.09833333333333333
0 0.7641666666666667 0.3675 0.085 0.065
