0 0.4766666666666667 0.9658333333333333 0.023333333333333334 0.06833333333333333
0 0.455 0.8916666666666667 0.016666666666666666 0.08666666666666667
0 0.49583333333333335 0.8175 0.041666666666666664 0.035
0 0.5383333333333333 0.8166666666666667 0.043333333333333335 0.03666666666666667
0 0.525 0.7925 0.03333333333333333 0.025
0 0.3233333333333333 0.7908333333333334 0.04 0.04833333333333333
0 0.5825 0.785 0.03833333333333333 0.05
0 0.5066666666666667 0.78 0.043333333333333335 0.04
0 0.29333333333333333 0.7783333333333333 0.03666666666666667 0.05
0 0.575 0.7816666666666666 0.05 0.05333333333333334
0 0.5483333333333333 0.7733333333333333 0.04 0.03666666666666667
0 0.26916666666666667 0.7708333333333334 0.041666666666666664 0.06166666666666667
0 0.44083333333333335 0.74 0.035 0.05333333333333334
0 0.2941666666666667 0.7191666666666666 0.015 0.06833333333333333
0 0.24083333333333334 0.7166666666666667 0.028333333333333332 0.056666666666666664
0 0.41 0.7041666666666667 0.03 0.06166666666666667
0 0.20583333333333334 0.6258333333333334 0.035 0.085
0 0.23666666666666666 0.6075 0.04 0.041666666666666664
0 0.23416666666666666 0.5966666666666667 0.045 0.06333333333333334
0 0.1975 0.5558333333333333 0.03166666666666667 0.041666666666666664
