0 0.41 0.7925 0.03333333333333333 0.028333333333333332
0 0.4425 0.7975 0.035 0.03166666666666667
0 0.39166666666666666 0.8166666666666667 0.03333333333333333 0.03
0 0.715 0.8125 0.02666666666666667 0.07833333333333334
0 0.36666666666666664 0.8183333333333334 0.03 0.05
0 0.4625 0.8216666666666667 0.03166666666666667 0.04
0 0.4875 0.8258333333333333 0.035 0.041666666666666664
0 0.4083333333333333 0.8341666666666666 0.03 0.03166666666666667
0 0.4475 0.85 0.03833333333333333 0.02666666666666667
0 0.5958333333333333 0.8658333333333333 0.025 0.06833333333333333
0 0.37333333333333335 0.8691666666666666 0.02666666666666667 0.035
0 0.4066666666666667 0.8683333333333333 0.05 0.056666666666666664
0 0.3541666666666667 0.8708333333333333 0.03166666666666667 0.04833333333333333
0 0.6925 0.8825 0.015 0.07166666666666667
0 0.38416666666666666 0.8925 0.03166666666666667 0.03166666666666667
0 0.35 0.9 0.03 0.03333333333333333
0 0.35083333333333333 0.9216666666666666 0.03166666666666667 0.04
0 0.37166666666666665 0.9241666666666667 0.03 0.035
0 0.675 0.9241666666666667 0.02666666666666667 0.07166666666666667
0 0.7866666666666666 0.06833333333333333 0.02 0.07666666666666666
0 0.8083333333333333 0.12 0.02 0.08
0 0.8191666666666667 0.24666666666666667 0.03166666666666667 0.07333333333333333
0 0.8366666666666667 0.2625 0.016666666666666666 0.065
0 0.795 0.009166666666666667 0.013333333333333334 0.018333333333333333
0 0.8166666666666667 0.3541666666666667 0.03666666666666667 0.08833333333333333
0 0.7833333333333333 0.009166666666666667 0.013333333333333334 0.018333333333333333
