0 0.9341666666666667 0.475 0.035 0.07666666666666666
0 0.30833333333333335 0.47583333333333333 0.03333333333333333 0.041666666666666664
0 0.9233333333333333 0.48083333333333333 0.016666666666666666 0.06833333333333333
0 0.895 0.4841666666666667 0.023333333333333334 0.07166666666666667
0 0.3541666666666667 0.4841666666666667 0.035 0.041666666666666664
0 0.37333333333333335 0.495 0.03666666666666667 0.03
0 0.9416666666666667 0.5 0.02666666666666667 0.07
0 0.4083333333333333 0.5075 0.02666666666666667 0.06833333333333333
0 0.42833333333333334 0.5075 0.023333333333333334 0.07166666666666667
0 0.2633333333333333 0.5116666666666667 0.02 0.06
0 0.30333333333333334 0.5066666666666667 0.04 0.04
0 0.2791666666666667 0.5366666666666666 0.0016666666666666668 0.0033333333333333335
0 0.38083333333333336 0.5175 0.035 0.028333333333333332
0 0.3408333333333333 0.5191666666666667 0.041666666666666664 0.03166666666666667
0 0.305 0.53 0.03666666666666667 0.02666666666666667
0 0.25 0.5325 0.016666666666666666 0.06166666666666667
0 0.38166666666666665 0.5433333333333333 0.04 0.03666666666666667
0 0.3433333333333333 0.5525 0.03666666666666667 0.028333333333333332
0 0.4125 0.5566666666666666 0.028333333333333332 0.05333333333333334
0 0.30916666666666665 0.5566666666666666 0.035 0.03333333333333333
0 0.9158333333333334 0.5641666666666667 0.025 0.055
0 0.2825 0.5875 0.005 0.0016666666666666668
0 0.8908333333333334 0.5683333333333334 0.041666666666666664 0.05333333333333334
0 0.3566666666666667 0.5741666666666667 0.03666666666666667 0.03166666666666667
0 0.2525 0.5716666666666667 0.03166666666666667 0.07
0 0.3858333333333333 0.575 0.028333333333333332 0.05
0 0.43416666666666665 0.5766666666666667 0.018333333333333333 0.07
0 0.3125 0.58 0.03833333333333333 0.03666666666666667
0 0.17833333333333334 0.5833333333333334 0.02666666666666667 0.08
0 0.27166666666666667 0.5841666666666666 0.04 0.03166666666666667
0 0.3641666666666667 0.6058333333333333 0.035 0.03833333333333333
0 0.32 0.6016666666666667 0.04666666666666667 0.03333333333333333
0 0.41333333333333333 0.6041666666666666 0.02 0.065
0 0.26916666666666667 0.6041666666666666 0.041666666666666664 0.028333333333333332
0 0.39416666666666667 0.6225 0.025 0.065
0 0.25166666666666665 0.6291666666666667 0.03666666666666667 0.03166666666666667
0 0.3225 0.6466666666666666 0.045 0.03666666666666667
0 0.2833333333333333 0.6466666666666666 0.03666666666666667 0.05333333333333334
0 0.4266666666666667 0.66 0.02 0.08333333333333333
0 0.44583333333333336 0.6858333333333333 0.03166666666666667 0.075
0 0.4483333333333333 0.73 0.03 0.06666666666666667
0 0.935 0.9108333333333334 0.02666666666666667 0.07833333333333334
0 0.6883333333333334 0.9825 0.02666666666666667 0.035
0 0.9883333333333333 0.08666666666666667 0.023333333333333334 0.06666666666666667
0 0.9916666666666667 0.1125 0.016666666666666666 0.055
0 0.9666666666666667 0.11916666666666667 0.023333333333333334 0.085
0 0.9816666666666667 0.14833333333333334 0.02 0.05333333333333334
0 0.9883333333333333 0.17833333333333334 0.023333333333333334 0.05333333333333334
0 0.9675 0.185 0.018333333333333333 0.06
0 0.9641666666666666 0.23833333333333334 0.025 0.05333333333333334
0 0.9683333333333334 0.325 0.023333333333333334 0.08
0 0.4375 0.4008333333333333 0.045 0.041666666666666664
0 0.9833333333333333 0.41583333333333333 0.03333333333333333 0.07833333333333334
0 0.43416666666666665 0.44166666666666665 0.025 0.04666666666666667
0 0.375 0.45416666666666666 0.04 0.03166666666666667
0 0.415 0.46166666666666667 0.02 0.06333333333333334
0 0.33666666666666667 0.4683333333333333 0.03666666666666667 0.04666666666666667
