0 0.24166666666666667 0.9716666666666667 0.04 0.03666666666666667
0 0.6066666666666667 0.5125 0.023333333333333334 0.04833333333333333
0 0.5783333333333334 0.5083333333333333 0.03333333333333333 0.03
0 0.5858333333333333 0.49083333333333334 0.025 0.04833333333333333
0 0.6066666666666667 0.49 0.02666666666666667 0.04
0 0.2708333333333333 0.965 0.045 0.04666666666666667
0 0.315 0.4866666666666667 0.016666666666666666 0.06333333333333334
0 0.335 0.4725 0.03 0.04833333333333333
0 0.5641666666666667 0.4683333333333333 0.021666666666666667 0.05333333333333334
0 0.52 0.46 0.03666666666666667 0.02666666666666667
0 0.5425 0.44583333333333336 0.025 0.045
0 0.32916666666666666 0.43833333333333335 0.021666666666666667 0.04666666666666667
0 0.5258333333333334 0.425 0.03833333333333333 0.023333333333333334
0 0.3458333333333333 0.41833333333333333 0.018333333333333333 0.06333333333333334
0 0.4325 0.41583333333333333 0.025 0.051666666666666666
0 0.3075 0.41583333333333333 0.035 0.035
0 0.3958333333333333 0.4175 0.025 0.04833333333333333
0 0.6191666666666666 0.4091666666666667 0.03166666666666667 0.03166666666666667
0 0.4508333333333333 0.405 0.028333333333333332 0.06333333333333334
0 0.4116666666666667 0.4066666666666667 0.02 0.04666666666666667
0 0.4608333333333333 0.4075 0.018333333333333333 0.04833333333333333
0 0.5933333333333334 0.39416666666666667 0.03 0.025
0 0.5533333333333333 0.3858333333333333 0.04 0.028333333333333332
0 0.33916666666666667 0.38333333333333336 0.018333333333333333 0.04666666666666667
0 0.27166666666666667 0.9858333333333333 0.01 0.0016666666666666668
0 0.4775 0.3858333333333333 0.018333333333333333 0.058333333333333334
0 0.3616666666666667 0.38416666666666666 0.02 0.058333333333333334
0 0.43 0.3775 0.02 0.051666666666666666
0 0.6225 0.37416666666666665 0.035 0.025
0 0.5208333333333334 0.37416666666666665 0.028333333333333332 0.03833333333333333
0 0.5633333333333334 0.36833333333333335 0.02666666666666667 0.03666666666666667
0 0.5791666666666667 0.3641666666666667 0.035 0.03833333333333333
0 0.31916666666666665 0.36 0.03166666666666667 0.02666666666666667
0 0.5 0.3591666666666667 0.016666666666666666 0.051666666666666666
0 0.3575 0.3566666666666667 0.021666666666666667 0.05333333333333334
0 0.2683333333333333 0.3591666666666667 0.02666666666666667 0.04833333333333333
0 0.30833333333333335 0.3541666666666667 0.04 0.03833333333333333
0 0.5808333333333333 0.3525 0.03166666666666667 0.041666666666666664
0 0.455 0.3525 0.016666666666666666 0.045
0 0.375 0.3475 0.013333333333333334 0.058333333333333334
0 0.435 0.335 0.0033333333333333335 0.006666666666666667
0 0.5175 0.3441666666666667 0.021666666666666667 0.04833333333333333
0 0.4191666666666667 0.3725 0.0016666666666666668 0.0016666666666666668
0 0.5425 0.3408333333333333 0.041666666666666664 0.025
0 0.39166666666666666 0.335 0.02 0.043333333333333335
0 0.2941666666666667 0.33666666666666667 0.028333333333333332 0.04
0 0.4775 0.3375 0.021666666666666667 0.041666666666666664
0 0.49416666666666664 0.3358333333333333 0.028333333333333332 0.04833333333333333
0 0.35333333333333333 0.33416666666666667 0.02666666666666667 0.045
0 0.43583333333333335 0.33166666666666667 0.015 0.04666666666666667
0 0.2425 0.9516666666666667 0.018333333333333333 0.03
0 0.3358333333333333 0.3308333333333333 0.025 0.041666666666666664
0 0.4483333333333333 0.32166666666666666 0.016666666666666666 0.056666666666666664
0 0.5533333333333333 0.31583333333333335 0.04 0.03166666666666667
0 0.25083333333333335 0.3125 0.035 0.028333333333333332
0 0.5266666666666666 0.30916666666666665 0.03666666666666667 0.051666666666666666
0 0.49916666666666665 0.31 0.018333333333333333 0.03
0 0.46416666666666667 0.305 0.015 0.06333333333333334
0 0.32416666666666666 0.30333333333333334 0.03833333333333333 0.03333333333333333
0 0.37583333333333335 0.30083333333333334 0.021666666666666667 0.051666666666666666
0 0.38083333333333336 0.31416666666666665 0.0016666666666666668 0.0016666666666666668
0 0.3875 0.2941666666666667 0.018333333333333333 0.045
0 0.3641666666666667 0.2925 0.028333333333333332 0.03833333333333333
0 0.48833333333333334 0.2925 0.02666666666666667 0.065
0 0.43833333333333335 0.29083333333333333 0.02 0.04833333333333333
0 0.4225 0.2875 0.018333333333333333 0.04833333333333333
0 0.525 0.2841666666666667 0.04 0.03166666666666667
0 0.5058333333333334 0.275 0.021666666666666667 0.04
0 0.4675 0.26166666666666666 0.03833333333333333 0.04
0 0.5433333333333333 0.26 0.03333333333333333 0.02666666666666667
0 0.4083333333333333 0.2575 0.023333333333333334 0.045
0 0.38666666666666666 0.2575 0.03 0.03166666666666667
0 0.43166666666666664 0.23916666666666667 0.03 0.04833333333333333
0 0.4533333333333333 0.2375 0.03 0.04833333333333333
0 0.49083333333333334 0.21666666666666667 0.035 0.043333333333333335
0 0.3491666666666667 0.9183333333333333 0.03833333333333333 0.03333333333333333
0 0.37166666666666665 0.9158333333333334 0.03666666666666667 0.04833333333333333
0 0.295 0.9866666666666667 0.03333333333333333 0.02666666666666667
0 0.49666666666666665 0.755 0.03666666666666667 0.02666666666666667
0 0.545 0.7408333333333333 0.03666666666666667 0.051666666666666666
0 0.4666666666666667 0.7466666666666667 0.03333333333333333 0.03
0 0.49916666666666665 0.7341666666666666 0.035 0.035
0 0.445 0.7275 0.02666666666666667 0.021666666666666667
0 0.5441666666666667 0.7283333333333334 0.021666666666666667 0.03
0 0.51 0.7166666666666667 0.03333333333333333 0.03666666666666667
0 0.42583333333333334 0.7158333333333333 0.03166666666666667 0.028333333333333332
0 0.46 0.7091666666666666 0.04 0.03166666666666667
0 0.7233333333333334 0.6658333333333334 0.03333333333333333 0.041666666666666664
0 0.4683333333333333 0.66 0.03333333333333333 0.05333333333333334
0 0.6916666666666667 0.6291666666666667 0.03 0.051666666666666666
0 0.6708333333333333 0.6133333333333333 0.025 0.043333333333333335
0 0.6383333333333333 0.5883333333333334 0.03 0.04666666666666667
0 0.6566666666666666 0.5716666666666667 0.02 0.03333333333333333
0 0.6341666666666667 0.5508333333333333 0.028333333333333332 0.04833333333333333
0 0.6033333333333334 0.5308333333333334 0.03 0.03166666666666667
