0 0.5716666666666667 0.5783333333333334 0.03333333333333333 0.023333333333333334
0 0.54 0.5833333333333334 0.03666666666666667 0.03
0 0.6108333333333333 0.6066666666666667 0.035 0.04
0 0.585 0.61 0.03333333333333333 0.03
0 0.5475 0.6108333333333333 0.035 0.028333333333333332
0 0.5175 0.6108333333333333 0.03166666666666667 0.03833333333333333
0 0.26916666666666667 0.6091666666666666 0.028333333333333332 0.06833333333333333
0 0.49 0.6133333333333333 0.04 0.043333333333333335
0 0.5641666666666667 0.6275 0.03166666666666667 0.028333333333333332
0 0.5325 0.6383333333333333 0.03833333333333333 0.02666666666666667
0 0.5841666666666666 0.6425 0.03833333333333333 0.035
0 0.38416666666666666 0.6558333333333334 0.025 0.065
0 0.6083333333333333 0.6583333333333333 0.02666666666666667 0.03333333333333333
0 0.6283333333333333 0.66 0.03 0.05333333333333334
0 0.2841666666666667 0.6725 0.015 0.07166666666666667
0 0.5641666666666667 0.6716666666666666 0.03166666666666667 0.03333333333333333
0 0.5933333333333334 0.6791666666666667 0.03 0.028333333333333332
0 0.625 0.6883333333333334 0.03666666666666667 0.03
0 0.30416666666666664 0.7066666666666667 0.028333333333333332 0.08
0 0.6108333333333333 0.71 0.03833333333333333 0.03666666666666667
0 0.63 0.715 0.03 0.043333333333333335
0 0.16916666666666666 0.0125 0.018333333333333333 0.025
0 0.15083333333333335 0.06666666666666667 0.021666666666666667 0.07666666666666666
0 0.1575 0.15083333333333335 0.025 0.07833333333333334
0 0.18416666666666667 0.225 0.025 0.06333333333333334
0 0.2275 0.4041666666666667 0.021666666666666667 0.085
