0 0.3958333333333333 0.4633333333333333 0.035 0.05
0 0.13916666666666666 0.4608333333333333 0.028333333333333332 0.04833333333333333
0 0.415 0.4666666666666667 0.02 0.02
0 0.1 0.4666666666666667 0.016666666666666666 0.06
0 0.1175 0.475 0.025 0.05333333333333334
0 0.14666666666666667 0.4875 0.023333333333333334 0.018333333333333333
0 0.4225 0.5033333333333333 0.035 0.03333333333333333
0 0.3983333333333333 0.51 0.023333333333333334 0.06
0 0.135 0.5258333333333334 0.03666666666666667 0.045
0 0.10833333333333334 0.5291666666666667 0.03 0.045
0 0.38083333333333336 0.5433333333333333 0.021666666666666667 0.06666666666666667
0 0.075 0.5433333333333333 0.02 0.07333333333333333
0 0.10833333333333334 0.5633333333333334 0.02666666666666667 0.04666666666666667
0 0.0875 0.6141666666666666 0.018333333333333333 0.06833333333333333
0 0.10583333333333333 0.625 0.03166666666666667 0.05
0 0.205 0.6691666666666667 0.03 0.065
0 0.11416666666666667 0.6766666666666666 0.028333333333333332 0.05333333333333334
0 0.415 0.7108333333333333 0.03666666666666667 0.03833333333333333
0 0.715 0.7158333333333333 0.02666666666666667 0.03833333333333333
0 0.7925 0.7233333333333334 0.028333333333333332 0.03
0 0.9175 0.7375 0.028333333333333332 0.08166666666666667
0 0.42916666666666664 0.7483333333333333 0.03166666666666667 0.04666666666666667
0 0.39416666666666667 0.75 0.03166666666666667 0.04666666666666667
0 0.9808333333333333 0.7508333333333334 0.025 0.06166666666666667
0 0.41 0.7508333333333334 0.02666666666666667 0.045
0 0.8108333333333333 0.755 0.045 0.056666666666666664
0 0.795 0.7533333333333333 0.02666666666666667 0.043333333333333335
0 0.7691666666666667 0.7808333333333334 0.03166666666666667 0.075
0 0.8183333333333334 0.7825 0.02666666666666667 0.04833333333333333
0 0.4141666666666667 0.7925 0.035 0.03833333333333333
0 0.37583333333333335 0.805 0.03166666666666667 0.056666666666666664
0 0.7991666666666667 0.8133333333333334 0.035 0.023333333333333334
0 0.985 0.8225 0.02666666666666667 0.08166666666666667
0 0.7808333333333334 0.8325 0.051666666666666666 0.028333333333333332
0 0.81 0.8416666666666667 0.03666666666666667 0.03333333333333333
0 0.9241666666666667 0.8433333333333334 0.041666666666666664 0.05333333333333334
0 0.7716666666666666 0.8575 0.05333333333333334 0.03166666666666667
0 0.8108333333333333 0.8633333333333333 0.03166666666666667 0.02
0 0.7908333333333334 0.885 0.028333333333333332 0.02666666666666667
0 0.9883333333333333 0.8941666666666667 0.023333333333333334 0.065
0 0.95 0.9033333333333333 0.02666666666666667 0.06
0 0.1375 0.9325 0.021666666666666667 0.06833333333333333
0 0.18166666666666667 0.9575 0.03666666666666667 0.04833333333333333
0 0.17 0.99 0.02666666666666667 0.02
0 0.13333333333333333 0.9908333333333333 0.023333333333333334 0.018333333333333333
0 0.17083333333333334 0.99 0.028333333333333332 0.02
0 0.08583333333333333 0.09916666666666667 0.03833333333333333 0.045
0 0.075 0.14916666666666667 0.02666666666666667 0.065
0 0.09416666666666666 0.17166666666666666 0.028333333333333332 0.06666666666666667
0 0.07583333333333334 0.20083333333333334 0.025 0.06166666666666667
0 0.30916666666666665 0.21916666666666668 0.021666666666666667 0.085
0 0.805 0.22916666666666666 0.03666666666666667 0.065
0 0.10666666666666667 0.2325 0.016666666666666666 0.051666666666666666
0 0.09833333333333333 0.23666666666666666 0.02 0.056666666666666664
0 0.08416666666666667 0.24666666666666667 0.018333333333333333 0.04
0 0.7966666666666666 0.2775 0.03666666666666667 0.03833333333333333
0 0.09916666666666667 0.29083333333333333 0.018333333333333333 0.055
0 0.0875 0.2925 0.015 0.051666666666666666
0 0.1175 0.33666666666666667 0.018333333333333333 0.06
0 0.8366666666666667 0.34833333333333333 0.03333333333333333 0.06666666666666667
0 0.08916666666666667 0.36583333333333334 0.018333333333333333 0.075
0 0.07166666666666667 0.38 0.02 0.06333333333333334
0 0.10833333333333334 0.37666666666666665 0.02 0.06
0 0.12666666666666668 0.3883333333333333 0.02 0.06666666666666667
0 0.1425 0.4141666666666667 0.021666666666666667 0.058333333333333334
0 0.11416666666666667 0.4175 0.018333333333333333 0.055
0 0.15916666666666668 0.4266666666666667 0.021666666666666667 0.07
0 0.12166666666666667 0.43666666666666665 0.023333333333333334 0.03
0 0.39916666666666667 0.43833333333333335 0.041666666666666664 0.03666666666666667
0 0.09583333333333334 0.44166666666666665 0.025 0.06666666666666667
0 0.08166666666666667 0.44666666666666666 0.02 0.07666666666666666
