0 0.5116666666666667 0.4766666666666667 0.03666666666666667 0.05
0 0.49916666666666665 0.47 0.028333333333333332 0.06666666666666667
0 0.5308333333333334 0.43333333333333335 0.03166666666666667 0.04
0 0.49083333333333334 0.42083333333333334 0.015 0.065
0 0.5225 0.4141666666666667 0.028333333333333332 0.045
0 0.5091666666666667 0.4091666666666667 0.021666666666666667 0.055
0 0.78 0.3883333333333333 0.02666666666666667 0.07333333333333333
0 0.5041666666666667 0.375 0.018333333333333333 0.056666666666666664
0 0.7633333333333333 0.36 0.02666666666666667 0.06666666666666667
0 0.7933333333333333 0.3591666666666667 0.02 0.07833333333333334
0 0.7716666666666666 0.3283333333333333 0.02666666666666667 0.04666666666666667
0 0.705 0.29583333333333334 0.043333333333333335 0.045
0 0.2475 0.225 0.018333333333333333 0.08666666666666667
0 0.30666666666666664 0.19 0.04666666666666667 0.03333333333333333
0 0.22666666666666666 0.17583333333333334 0.023333333333333334 0.06166666666666667
0 0.29 0.1625 0.03333333333333333 0.028333333333333332
0 0.20583333333333334 0.14833333333333334 0.021666666666666667 0.06
0 0.24083333333333334 0.13916666666666666 0.025 0.07166666666666667
0 0.8866666666666667 0.1325 0.04 0.065
0 0.225 0.1175 0.023333333333333334 0.058333333333333334
0 0.1875 0.11416666666666667 0.035 0.065
0 0.4508333333333333 0.9141666666666667 0.028333333333333332 0.06833333333333333
0 0.21416666666666667 0.09583333333333334 0.021666666666666667 0.065
0 0.14916666666666667 0.10083333333333333 0.035 0.035
0 0.17333333333333334 0.08916666666666667 0.02 0.065
0 0.8333333333333334 0.07666666666666666 0.03333333333333333 0.05333333333333334
0 0.19416666666666665 0.051666666666666666 0.018333333333333333 0.06
0 0.17583333333333334 0.04 0.021666666666666667 0.08
0 0.18416666666666667 0.015 0.021666666666666667 0.03
0 0.4583333333333333 0.8833333333333333 0.02 0.06666666666666667
0 0.43333333333333335 0.8616666666666667 0.016666666666666666 0.06333333333333334
0 0.4525 0.8666666666666667 0.005 0.016666666666666666
0 0.5375 0.8366666666666667 0.028333333333333332 0.09
0 0.43666666666666665 0.7941666666666667 0.016666666666666666 0.095
0 0.5766666666666667 0.7808333333333334 0.04666666666666667 0.03166666666666667
0 0.42333333333333334 0.745 0.02 0.07666666666666666
0 0.4116666666666667 0.7166666666666667 0.02666666666666667 0.07333333333333333
