0 0.7783333333333333 0.5666666666666667 0.02 0.06333333333333334
0 0.445 0.5508333333333333 0.04 0.028333333333333332
0 0.405 0.54 0.03333333333333333 0.03333333333333333
0 0.7608333333333334 0.5416666666666666 0.018333333333333333 0.08333333333333333
0 0.725 0.5308333333333334 0.03333333333333333 0.03833333333333333
0 0.4141666666666667 0.5233333333333333 0.03833333333333333 0.03333333333333333
0 0.7966666666666666 0.5133333333333333 0.02 0.06
0 0.6783333333333333 0.5025 0.02 0.07833333333333334
0 0.7783333333333333 0.505 0.02 0.07666666666666666
0 0.8 0.48 0.013333333333333334 0.03666666666666667
0 0.6566666666666666 0.4691666666666667 0.016666666666666666 0.055
0 0.8241666666666667 0.46166666666666667 0.03166666666666667 0.06
0 0.6366666666666667 0.4583333333333333 0.02666666666666667 0.056666666666666664
0 0.78 0.4475 0.03333333333333333 0.06833333333333333
0 0.6158333333333333 0.43666666666666665 0.018333333333333333 0.023333333333333334
0 0.6558333333333334 0.42916666666666664 0.028333333333333332 0.041666666666666664
0 0.6358333333333334 0.4266666666666667 0.028333333333333332 0.043333333333333335
0 0.5933333333333334 0.41833333333333333 0.023333333333333334 0.05333333333333334
0 0.6133333333333333 0.4058333333333333 0.02 0.041666666666666664
0 0.5958333333333333 0.3958333333333333 0.028333333333333332 0.055
0 0.4725 0.3958333333333333 0.028333333333333332 0.03833333333333333
0 0.6375 0.3933333333333333 0.015 0.03666666666666667
0 0.49333333333333335 0.3908333333333333 0.03 0.045
0 0.6208333333333333 0.38666666666666666 0.03166666666666667 0.043333333333333335
0 0.4583333333333333 0.3566666666666667 0.0033333333333333335 0.006666666666666667
0 0.5591666666666667 0.37166666666666665 0.028333333333333332 0.04666666666666667
0 0.5175 0.3675 0.03166666666666667 0.041666666666666664
0 0.5916666666666667 0.35583333333333333 0.02666666666666667 0.041666666666666664
0 0.5283333333333333 0.3541666666666667 0.04 0.03833333333333333
0 0.5725 0.3525 0.021666666666666667 0.055
0 0.6091666666666666 0.3491666666666667 0.03166666666666667 0.03166666666666667
0 0.47833333333333333 0.35 0.04 0.03
0 0.5516666666666666 0.345 0.03333333333333333 0.03333333333333333
0 0.4483333333333333 0.3416666666666667 0.03 0.05
0 0.4241666666666667 0.32666666666666666 0.018333333333333333 0.05333333333333334
0 0.5025 0.3233333333333333 0.03833333333333333 0.03666666666666667
0 0.54 0.31333333333333335 0.043333333333333335 0.03
0 0.4058333333333333 0.29083333333333333 0.021666666666666667 0.07166666666666667
0 0.4175 0.2791666666666667 0.035 0.04833333333333333
0 0.6491666666666667 0.9908333333333333 0.04833333333333333 0.018333333333333333
0 0.6625 0.7533333333333333 0.045 0.03666666666666667
0 0.7425 0.5708333333333333 0.021666666666666667 0.065
