0 0.27666666666666667 0.4875 0.02666666666666667 0.06833333333333333
0 0.4608333333333333 0.4766666666666667 0.021666666666666667 0.10333333333333333
0 0.5 0.47333333333333333 0.02666666666666667 0.08666666666666667
0 0.44916666666666666 0.37416666666666665 0.025 0.11166666666666666
0 0.21916666666666668 0.3566666666666667 0.025 0.11333333333333333
0 0.6625 0.3308333333333333 0.025 0.105
0 0.009166666666666667 0.3275 0.018333333333333333 0.105
0 0.034166666666666665 0.2975 0.03166666666666667 0.11166666666666666
0 0.16166666666666665 0.29333333333333333 0.03333333333333333 0.09333333333333334
0 0.7225 0.17916666666666667 0.028333333333333332 0.09166666666666666
0 0.7816666666666666 0.17833333333333334 0.02666666666666667 0.11
0 0.7291666666666666 0.21416666666666667 0.0016666666666666668 0.005
0 0.6641666666666667 0.14916666666666667 0.028333333333333332 0.10833333333333334
0 0.2175 0.08666666666666667 0.051666666666666666 0.07
0 0.2841666666666667 0.04666666666666667 0.028333333333333332 0.09333333333333334
0 0.8025 0.043333333333333335 0.03833333333333333 0.08666666666666667
0 0.175 0.035 0.02666666666666667 0.07
0 0.8291666666666667 0.0175 0.035 0.035
0 0.4425 0.6483333333333333 0.021666666666666667 0.09333333333333334
0 0.5291666666666667 0.6191666666666666 0.025 0.075
0 0.5 0.5908333333333333 0.023333333333333334 0.09166666666666666
0 0.3016666666666667 0.5816666666666667 0.02666666666666667 0.09
0 0.41333333333333333 0.5716666666666667 0.023333333333333334 0.10333333333333333
