0 0.2608333333333333 0.49833333333333335 0.03166666666666667 0.06
0 0.19833333333333333 0.3983333333333333 0.03666666666666667 0.03
0 0.18666666666666668 0.37333333333333335 0.03333333333333333 0.02666666666666667
0 0.20083333333333334 0.36 0.03166666666666667 0.02666666666666667
0 0.23166666666666666 0.3491666666666667 0.03333333333333333 0.035
0 0.175 0.3433333333333333 0.02 0.03333333333333333
0 0.19833333333333333 0.33916666666666667 0.03333333333333333 0.025
0 0.2325 0.3283333333333333 0.041666666666666664 0.03
0 0.17916666666666667 0.30916666666666665 0.03833333333333333 0.045
0 0.22916666666666666 0.305 0.03166666666666667 0.03333333333333333
0 0.25666666666666665 0.295 0.016666666666666666 0.07666666666666666
0 0.1975 0.295 0.035 0.03
0 0.18166666666666667 0.27666666666666667 0.03 0.02
0 0.23833333333333334 0.27416666666666667 0.02666666666666667 0.04833333333333333
0 0.15083333333333335 0.27 0.021666666666666667 0.056666666666666664
0 0.215 0.26666666666666666 0.02666666666666667 0.02666666666666667
0 0.2375 0.23333333333333334 0.035 0.02666666666666667
0 0.20166666666666666 0.23416666666666666 0.03666666666666667 0.03833333333333333
0 0.2875 0.21166666666666667 0.021666666666666667 0.056666666666666664
0 0.15333333333333332 0.21166666666666667 0.02 0.07666666666666666
0 0.23333333333333334 0.2075 0.04 0.028333333333333332
0 0.18833333333333332 0.1975 0.03666666666666667 0.03833333333333333
0 0.3025 0.18416666666666667 0.025 0.04833333333333333
0 0.28583333333333333 0.17083333333333334 0.03166666666666667 0.03833333333333333
0 0.32166666666666666 0.1675 0.03333333333333333 0.03833333333333333
0 0.18833333333333332 0.16666666666666666 0.03666666666666667 0.05
0 0.2725 0.15833333333333333 0.03166666666666667 0.03
0 0.155 0.1425 0.016666666666666666 0.055
0 0.27166666666666667 0.13583333333333333 0.03666666666666667 0.035
0 0.1975 0.13666666666666666 0.035 0.06666666666666667
0 0.3 0.13166666666666665 0.02666666666666667 0.04
0 0.17 0.11583333333333333 0.02666666666666667 0.055
0 0.17833333333333334 0.0775 0.023333333333333334 0.085
0 0.7316666666666667 0.8791666666666667 0.02 0.035
0 0.7741666666666667 0.875 0.018333333333333333 0.06333333333333334
0 0.7458333333333333 0.8708333333333333 0.018333333333333333 0.06166666666666667
0 0.7616666666666667 0.8458333333333333 0.016666666666666666 0.041666666666666664
0 0.7416666666666667 0.8425 0.023333333333333334 0.041666666666666664
0 0.7725 0.8366666666666667 0.011666666666666667 0.04666666666666667
0 0.7283333333333334 0.8275 0.013333333333333334 0.025
0 0.7633333333333333 0.8091666666666667 0.02 0.04833333333333333
0 0.7441666666666666 0.8116666666666666 0.028333333333333332 0.03666666666666667
0 0.7316666666666667 0.7841666666666667 0.023333333333333334 0.028333333333333332
0 0.7958333333333333 0.785 0.021666666666666667 0.04666666666666667
0 0.7825 0.7858333333333334 0.018333333333333333 0.055
0 0.7658333333333334 0.775 0.028333333333333332 0.043333333333333335
0 0.235 0.7666666666666667 0.013333333333333334 0.02666666666666667
0 0.8266666666666667 0.755 0.016666666666666666 0.056666666666666664
0 0.815 0.7533333333333333 0.013333333333333334 0.043333333333333335
0 0.705 0.7425 0.02 0.06166666666666667
0 0.235 0.7475 0.02 0.058333333333333334
0 0.8066666666666666 0.7358333333333333 0.016666666666666666 0.058333333333333334
0 0.7825 0.7216666666666667 0.018333333333333333 0.07333333333333333
0 0.23416666666666666 0.7133333333333334 0.028333333333333332 0.04
0 0.8175 0.71 0.018333333333333333 0.03666666666666667
0 0.25416666666666665 0.6941666666666667 0.025 0.03166666666666667
0 0.8316666666666667 0.6933333333333334 0.013333333333333334 0.07
0 0.2991666666666667 0.6841666666666667 0.025 0.051666666666666666
0 0.6933333333333334 0.975 0.03 0.05
0 0.8041666666666667 0.68 0.021666666666666667 0.056666666666666664
0 0.22666666666666666 0.6783333333333333 0.03 0.03666666666666667
0 0.8216666666666667 0.6708333333333333 0.016666666666666666 0.045
0 0.25083333333333335 0.6658333333333334 0.03166666666666667 0.035
0 0.845 0.6641666666666667 0.02 0.06833333333333333
0 0.21916666666666668 0.6491666666666667 0.028333333333333332 0.045
0 0.25833333333333336 0.6416666666666667 0.03333333333333333 0.04
0 0.7916666666666666 0.6391666666666667 0.013333333333333334 0.04833333333333333
0 0.8225 0.6308333333333334 0.018333333333333333 0.055
0 0.8358333333333333 0.625 0.015 0.03
0 0.8058333333333333 0.6233333333333333 0.018333333333333333 0.07333333333333333
0 0.8658333333333333 0.6175 0.021666666666666667 0.055
0 0.49083333333333334 0.6116666666666667 0.021666666666666667 0.07333333333333333
0 0.8416666666666667 0.6 0.016666666666666666 0.05
0 0.8216666666666667 0.5825 0.02 0.075
0 0.845 0.5566666666666666 0.02666666666666667 0.06666666666666667
