0 0.5525 0.5066666666666667 0.018333333333333333 0.06333333333333334
0 0.6941666666666667 0.5108333333333334 0.0016666666666666668 0.0016666666666666668
0 0.2425 0.23666666666666666 0.028333333333333332 0.05333333333333334
0 0.27666666666666667 0.2633333333333333 0.03666666666666667 0.03
0 0.5116666666666667 0.26916666666666667 0.02 0.065
0 0.31 0.27 0.03333333333333333 0.03333333333333333
0 0.25166666666666665 0.2783333333333333 0.03666666666666667 0.03333333333333333
0 0.49083333333333334 0.2791666666666667 0.028333333333333332 0.028333333333333332
0 0.515 0.295 0.023333333333333334 0.05333333333333334
0 0.2925 0.2916666666666667 0.035 0.03
0 0.5366666666666666 0.3125 0.016666666666666666 0.06833333333333333
0 0.45 0.31083333333333335 0.03333333333333333 0.04833333333333333
0 0.30916666666666665 0.31333333333333335 0.035 0.02666666666666667
0 0.4891666666666667 0.31833333333333336 0.035 0.03666666666666667
0 0.5116666666666667 0.3325 0.03 0.04833333333333333
0 0.55 0.3258333333333333 0.016666666666666666 0.075
0 0.4825 0.3433333333333333 0.03166666666666667 0.05
0 0.41583333333333333 0.3525 0.03833333333333333 0.051666666666666666
0 0.45916666666666667 0.35083333333333333 0.041666666666666664 0.03833333333333333
0 0.5233333333333333 0.365 0.023333333333333334 0.06333333333333334
0 0.5041666666666667 0.3725 0.028333333333333332 0.04833333333333333
0 0.5258333333333334 0.39666666666666667 0.028333333333333332 0.056666666666666664
0 0.5425 0.4508333333333333 0.035 0.03166666666666667
