0 0.26916666666666667 0.5075 0.021666666666666667 0.08833333333333333
0 0.24333333333333335 0.49083333333333334 0.03666666666666667 0.055
0 0.5575 0.4825 0.04833333333333333 0.035
0 0.58 0.47833333333333333 0.05 0.043333333333333335
0 0.6008333333333333 0.475 0.03833333333333333 0.05333333333333334
0 0.2125 0.47333333333333333 0.03833333333333333 0.04666666666666667
0 0.49833333333333335 0.465 0.04666666666666667 0.05333333333333334
0 0.5266666666666666 0.46166666666666667 0.03666666666666667 0.03
0 0.25916666666666666 0.45666666666666667 0.018333333333333333 0.08333333333333333
0 0.21333333333333335 0.45916666666666667 0.04 0.06833333333333333
0 0.24333333333333335 0.445 0.016666666666666666 0.06333333333333334
0 0.6066666666666667 0.4575 0.0033333333333333335 0.005
0 0.5341666666666667 0.43833333333333335 0.03166666666666667 0.043333333333333335
0 0.6475 0.4375 0.035 0.07166666666666667
0 0.6083333333333333 0.43416666666666665 0.04 0.051666666666666666
0 0.5608333333333333 0.43583333333333335 0.03833333333333333 0.045
0 0.625 0.43416666666666665 0.04 0.058333333333333334
0 0.495 0.43083333333333335 0.04 0.03833333333333333
0 0.23666666666666666 0.4033333333333333 0.02 0.05
0 0.18416666666666667 0.41583333333333333 0.03833333333333333 0.08166666666666667
0 0.6466666666666666 0.4116666666666667 0.03666666666666667 0.06666666666666667
0 0.6625 0.3933333333333333 0.045 0.056666666666666664
0 0.6891666666666667 0.3933333333333333 0.041666666666666664 0.04
0 0.21333333333333335 0.3858333333333333 0.02 0.07833333333333334
0 0.6191666666666666 0.37 0.035 0.03333333333333333
0 0.19666666666666666 0.3591666666666667 0.02666666666666667 0.065
0 0.17333333333333334 0.3466666666666667 0.02 0.05333333333333334
0 0.18083333333333335 0.32916666666666666 0.028333333333333332 0.06166666666666667
0 0.845 0.13333333333333333 0.04 0.04
0 0.8066666666666666 0.12 0.03 0.06333333333333334
0 0.49583333333333335 0.7241666666666666 0.018333333333333333 0.09166666666666666
0 0.47833333333333333 0.6941666666666667 0.023333333333333334 0.06166666666666667
0 0.4608333333333333 0.6808333333333333 0.03166666666666667 0.06166666666666667
0 0.3933333333333333 0.5466666666666666 0.03333333333333333 0.03
