0 0.5591666666666667 0.53 0.03166666666666667 0.023333333333333334
0 0.4891666666666667 0.53 0.021666666666666667 0.023333333333333334
0 0.5083333333333333 0.5233333333333333 0.03 0.02666666666666667
0 0.585 0.5166666666666667 0.03 0.02666666666666667
0 0.6025 0.515 0.015 0.06333333333333334
0 0.5225 0.5141666666666667 0.03166666666666667 0.03166666666666667
0 0.555 0.5033333333333333 0.02666666666666667 0.03
0 0.5841666666666666 0.49916666666666665 0.025 0.028333333333333332
0 0.5891666666666666 0.4816666666666667 0.035 0.023333333333333334
0 0.5975 0.4675 0.035 0.035
0 0.5666666666666667 0.45166666666666666 0.02666666666666667 0.04
0 0.6033333333333334 0.4575 0.0033333333333333335 0.005
0 0.5975 0.43333333333333335 0.03166666666666667 0.03666666666666667
0 0.565 0.42583333333333334 0.023333333333333334 0.03166666666666667
0 0.5558333333333333 0.40166666666666667 0.03166666666666667 0.02666666666666667
0 0.5833333333333334 0.39416666666666667 0.023333333333333334 0.045
0 0.5516666666666666 0.37583333333333335 0.03333333333333333 0.03833333333333333
0 0.5633333333333334 0.36666666666666664 0.023333333333333334 0.04
0 0.5558333333333333 0.3333333333333333 0.025 0.03333333333333333
0 0.535 0.3333333333333333 0.02666666666666667 0.02666666666666667
0 0.5208333333333334 0.30583333333333335 0.03166666666666667 0.028333333333333332
0 0.545 0.2991666666666667 0.03333333333333333 0.035
0 0.485 0.2841666666666667 0.03333333333333333 0.025
0 0.5175 0.2791666666666667 0.028333333333333332 0.025
0 0.5391666666666667 0.2708333333333333 0.025 0.028333333333333332
0 0.5341666666666667 0.25916666666666666 0.035 0.051666666666666666
0 0.4741666666666667 0.2575 0.025 0.035
0 0.5 0.25583333333333336 0.03333333333333333 0.028333333333333332
0 0.5916666666666667 0.7108333333333333 0.02666666666666667 0.065
0 0.5266666666666666 0.6783333333333333 0.03666666666666667 0.04
0 0.5433333333333333 0.675 0.03 0.03666666666666667
0 0.5433333333333333 0.6575 0.03666666666666667 0.028333333333333332
0 0.5683333333333334 0.6566666666666666 0.016666666666666666 0.07666666666666666
0 0.6008333333333333 0.6425 0.011666666666666667 0.051666666666666666
0 0.5183333333333333 0.6341666666666667 0.02666666666666667 0.025
0 0.5458333333333333 0.6258333333333334 0.028333333333333332 0.021666666666666667
0 0.4925 0.6266666666666667 0.03166666666666667 0.03
0 0.5925 0.6233333333333333 0.015 0.07
0 0.5183333333333333 0.6175 0.02666666666666667 0.021666666666666667
0 0.58 0.6125 0.016666666666666666 0.06166666666666667
0 0.5491666666666667 0.6025 0.028333333333333332 0.028333333333333332
0 0.5658333333333333 0.5975 0.015 0.041666666666666664
0 0.5108333333333334 0.6 0.028333333333333332 0.03
0 0.5358333333333334 0.59 0.03166666666666667 0.03666666666666667
0 0.4975 0.5883333333333334 0.021666666666666667 0.03
0 0.5216666666666666 0.5741666666666667 0.02666666666666667 0.028333333333333332
0 0.5716666666666667 0.5658333333333333 0.02666666666666667 0.025
0 0.5033333333333333 0.5675 0.03333333333333333 0.025
0 0.4791666666666667 0.5625 0.021666666666666667 0.021666666666666667
0 0.5483333333333333 0.56 0.02666666666666667 0.02
0 0.5908333333333333 0.5591666666666667 0.018333333333333333 0.06166666666666667
0 0.5725 0.5466666666666666 0.028333333333333332 0.03
0 0.5025 0.5475 0.028333333333333332 0.025
0 0.5341666666666667 0.5433333333333333 0.03833333333333333 0.02666666666666667
