0 0.5758333333333333 0.5366666666666666 0.035 0.05
0 0.8208333333333333 0.5383333333333333 0.03166666666666667 0.04666666666666667
0 0.8566666666666667 0.5366666666666666 0.013333333333333334 0.043333333333333335
0 0.5575 0.5333333333333333 0.018333333333333333 0.02
0 0.8133333333333334 0.5141666666666667 0.023333333333333334 0.018333333333333333
0 0.8466666666666667 0.5158333333333334 0.03 0.058333333333333334
0 0.8641666666666666 0.5033333333333333 0.021666666666666667 0.05333333333333334
0 0.825 0.49916666666666665 0.03333333333333333 0.03166666666666667
0 0.5508333333333333 0.49583333333333335 0.03166666666666667 0.03166666666666667
0 0.5716666666666667 0.49 0.023333333333333334 0.056666666666666664
0 0.8241666666666667 0.4725 0.035 0.028333333333333332
0 0.8816666666666667 0.46166666666666667 0.02 0.07333333333333333
0 0.59 0.4558333333333333 0.02 0.06166666666666667
0 0.85 0.4475 0.02666666666666667 0.055
0 0.8625 0.43833333333333335 0.021666666666666667 0.05333333333333334
0 0.8708333333333333 0.3925 0.018333333333333333 0.06166666666666667
0 0.8525 0.38416666666666666 0.028333333333333332 0.051666666666666666
0 0.7583333333333333 0.3416666666666667 0.02666666666666667 0.06333333333333334
0 0.8466666666666667 0.3358333333333333 0.02666666666666667 0.04833333333333333
0 0.5583333333333333 0.2975 0.03666666666666667 0.041666666666666664
0 0.27166666666666667 0.2941666666666667 0.02666666666666667 0.03833333333333333
0 0.1975 0.285 0.028333333333333332 0.02666666666666667
0 0.07583333333333334 0.27 0.025 0.07666666666666666
0 0.5425 0.2633333333333333 0.028333333333333332 0.05
0 0.5641666666666667 0.26 0.028333333333333332 0.043333333333333335
0 0.015833333333333335 0.2575 0.021666666666666667 0.06166666666666667
0 0.17833333333333334 0.25416666666666665 0.04 0.055
0 0.19333333333333333 0.25583333333333336 0.02666666666666667 0.045
0 0.5925 0.25083333333333335 0.035 0.04833333333333333
0 0.21916666666666668 0.22916666666666666 0.028333333333333332 0.07166666666666667
0 0.17166666666666666 0.22833333333333333 0.023333333333333334 0.04666666666666667
0 0.5591666666666667 0.22166666666666668 0.03833333333333333 0.03666666666666667
0 0.20166666666666666 0.21 0.03666666666666667 0.043333333333333335
0 0.19 0.19833333333333333 0.03333333333333333 0.023333333333333334
0 0.6075 0.19666666666666666 0.035 0.04
0 0.010833333333333334 0.19 0.021666666666666667 0.07666666666666666
0 0.20416666666666666 0.18083333333333335 0.045 0.025
0 0.17916666666666667 0.17166666666666666 0.035 0.03333333333333333
0 0.07083333333333333 0.16833333333333333 0.03833333333333333 0.05
0 0.21583333333333332 0.1575 0.04833333333333333 0.03166666666666667
0 0.17833333333333334 0.15166666666666667 0.03 0.02
0 0.19666666666666666 0.13 0.02666666666666667 0.023333333333333334
0 0.009166666666666667 0.11916666666666667 0.018333333333333333 0.065
0 0.045 0.115 0.02666666666666667 0.056666666666666664
0 0.8233333333333334 0.08916666666666667 0.02 0.065
0 0.7791666666666667 0.06583333333333333 0.03166666666666667 0.04833333333333333
0 0.7933333333333333 0.023333333333333334 0.02666666666666667 0.04
0 0.825 0.019166666666666665 0.023333333333333334 0.03833333333333333
0 0.79 0.010833333333333334 0.02666666666666667 0.021666666666666667
0 0.8733333333333333 0.8875 0.03333333333333333 0.041666666666666664
0 0.8808333333333334 0.8375 0.025 0.065
0 0.865 0.8183333333333334 0.02 0.06333333333333334
0 0.8516666666666667 0.7841666666666667 0.016666666666666666 0.041666666666666664
0 0.8808333333333334 0.7875 0.021666666666666667 0.058333333333333334
0 0.6566666666666666 0.77 0.02 0.08
0 0.8608333333333333 0.7583333333333333 0.021666666666666667 0.05333333333333334
0 0.8733333333333333 0.7441666666666666 0.016666666666666666 0.041666666666666664
0 0.18583333333333332 0.7558333333333334 0.03833333333333333 0.058333333333333334
0 0.8575 0.71 0.021666666666666667 0.04666666666666667
0 0.2025 0.7108333333333333 0.04833333333333333 0.045
0 0.8683333333333333 0.6983333333333334 0.02 0.05
0 0.84 0.6608333333333334 0.016666666666666666 0.058333333333333334
0 0.1525 0.6441666666666667 0.03166666666666667 0.06833333333333333
0 0.8675 0.6325 0.018333333333333333 0.06833333333333333
0 0.8483333333333334 0.6208333333333333 0.02 0.058333333333333334
0 0.8841666666666667 0.6158333333333333 0.018333333333333333 0.06166666666666667
0 0.8325 0.6108333333333333 0.018333333333333333 0.06166666666666667
0 0.845 0.5816666666666667 0.016666666666666666 0.05
0 0.8166666666666667 0.5841666666666666 0.02 0.058333333333333334
0 0.8016666666666666 0.5741666666666667 0.02 0.06833333333333333
0 0.5733333333333334 0.5608333333333333 0.03666666666666667 0.035
0 0.8625 0.56 0.021666666666666667 0.056666666666666664
0 0.8791666666666667 0.5575 0.018333333333333333 0.06833333333333333
0 0.8383333333333334 0.5608333333333333 0.023333333333333334 0.03166666666666667
