0 0.41833333333333333 0.42333333333333334 0.04666666666666667 0.1
0 0.6616666666666666 0.3475 0.03 0.125
0 0.46166666666666667 0.12083333333333333 0.04 0.11833333333333333
0 0.3725 0.8266666666666667 0.035 0.11
0 0.9841666666666666 0.695 0.03166666666666667 0.02666666666666667
0 0.4658333333333333 0.6825 0.028333333333333332 0.12166666666666667
0 0.5875 0.6558333333333334 0.045 0.09833333333333333
0 0.6325 0.64 0.03833333333333333 0.11
0 0.5075 0.5833333333333334 0.028333333333333332 0.12333333333333334
0 0.5958333333333333 0.5491666666666667 0.03166666666666667 0.11166666666666666
