0 0.48833333333333334 0.5316666666666666 0.043333333333333335 0.03
0 0.44916666666666666 0.525 0.028333333333333332 0.02666666666666667
0 0.4141666666666667 0.525 0.04833333333333333 0.056666666666666664
0 0.3625 0.5225 0.035 0.041666666666666664
0 0.3491666666666667 0.5166666666666667 0.035 0.04666666666666667
0 0.4116666666666667 0.5175 0.043333333333333335 0.041666666666666664
0 0.3358333333333333 0.5125 0.03166666666666667 0.03833333333333333
0 0.6775 0.515 0.035 0.06
0 0.32 0.5058333333333334 0.023333333333333334 0.035
0 0.7041666666666667 0.5016666666666667 0.018333333333333333 0.06666666666666667
0 0.3908333333333333 0.5 0.028333333333333332 0.04666666666666667
0 0.45166666666666666 0.48583333333333334 0.03666666666666667 0.025
0 0.41833333333333333 0.4825 0.03333333333333333 0.03833333333333333
0 0.9133333333333333 0.4841666666666667 0.04666666666666667 0.055
0 0.3408333333333333 0.4825 0.03833333333333333 0.025
0 0.3983333333333333 0.4625 0.04 0.035
0 0.7233333333333334 0.4558333333333333 0.02666666666666667 0.06833333333333333
0 0.9466666666666667 0.44916666666666666 0.023333333333333334 0.058333333333333334
0 0.3825 0.45166666666666666 0.035 0.03333333333333333
0 0.49416666666666664 0.4475 0.041666666666666664 0.041666666666666664
0 0.4558333333333333 0.44333333333333336 0.041666666666666664 0.03
0 0.35833333333333334 0.4375 0.03 0.045
0 0.43833333333333335 0.4266666666666667 0.03333333333333333 0.04
0 0.37583333333333335 0.4275 0.03166666666666667 0.055
0 0.715 0.4266666666666667 0.016666666666666666 0.07666666666666666
0 0.4166666666666667 0.42583333333333334 0.023333333333333334 0.03166666666666667
0 0.4775 0.42333333333333334 0.03833333333333333 0.03
0 0.4041666666666667 0.41333333333333333 0.03166666666666667 0.03666666666666667
0 0.5116666666666667 0.4083333333333333 0.03333333333333333 0.03
0 0.44083333333333335 0.39166666666666666 0.035 0.043333333333333335
0 0.7308333333333333 0.3975 0.018333333333333333 0.055
0 0.4691666666666667 0.3958333333333333 0.03166666666666667 0.028333333333333332
0 0.7475 0.39166666666666666 0.025 0.06666666666666667
0 0.4925 0.39416666666666667 0.028333333333333332 0.028333333333333332
0 0.44083333333333335 0.3908333333333333 0.035 0.045
0 0.5366666666666666 0.3883333333333333 0.03666666666666667 0.03
0 0.41333333333333333 0.385 0.03666666666666667 0.03
0 0.38333333333333336 0.37916666666666665 0.03333333333333333 0.035
0 0.47333333333333333 0.36333333333333334 0.03333333333333333 0.03
0 0.43416666666666665 0.3616666666666667 0.035 0.02666666666666667
0 0.42916666666666664 0.3516666666666667 0.045 0.04666666666666667
0 0.4825 0.34833333333333333 0.045 0.02666666666666667
0 0.3875 0.3441666666666667 0.021666666666666667 0.03833333333333333
0 0.41083333333333333 0.3408333333333333 0.03166666666666667 0.03833333333333333
0 0.47 0.3308333333333333 0.043333333333333335 0.035
0 0.4691666666666667 0.31916666666666665 0.045 0.035
0 0.5008333333333334 0.30416666666666664 0.03166666666666667 0.028333333333333332
0 0.4583333333333333 0.2966666666666667 0.03666666666666667 0.043333333333333335
0 0.43916666666666665 0.2775 0.005 0.005
0 0.4266666666666667 0.2758333333333333 0.0033333333333333335 0.0016666666666666668
0 0.41583333333333333 0.29333333333333333 0.03166666666666667 0.04
0 0.7041666666666667 0.2925 0.021666666666666667 0.041666666666666664
0 0.9958333333333333 0.2683333333333333 0.008333333333333333 0.05333333333333334
0 0.41333333333333333 0.2625 0.02666666666666667 0.058333333333333334
0 0.47 0.25833333333333336 0.02 0.043333333333333335
0 0.4575 0.2525 0.021666666666666667 0.04833333333333333
0 0.4325 0.24 0.025 0.06333333333333334
0 0.455 0.2075 0.02 0.08166666666666667
0 0.4091666666666667 0.19833333333333333 0.015 0.08
0 0.42583333333333334 0.1775 0.021666666666666667 0.06166666666666667
0 0.445 0.1725 0.016666666666666666 0.06833333333333333
0 0.43333333333333335 0.14916666666666667 0.013333333333333334 0.065
0 0.42 0.12166666666666667 0.02 0.07
0 0.44333333333333336 0.1225 0.016666666666666666 0.06833333333333333
0 0.45166666666666666 0.1025 0.023333333333333334 0.058333333333333334
0 0.405 0.09333333333333334 0.016666666666666666 0.07333333333333333
0 0.43166666666666664 0.08083333333333333 0.013333333333333334 0.065
0 0.32083333333333336 0.8441666666666666 0.035 0.06166666666666667
0 0.31416666666666665 0.7933333333333333 0.018333333333333333 0.06333333333333334
0 0.4816666666666667 0.76 0.02666666666666667 0.06
0 0.31583333333333335 0.7525 0.018333333333333333 0.055
0 0.47833333333333333 0.7566666666666667 0.016666666666666666 0.05333333333333334
0 0.30833333333333335 0.7116666666666667 0.013333333333333334 0.043333333333333335
0 0.3408333333333333 0.7008333333333333 0.021666666666666667 0.03166666666666667
0 0.5058333333333334 0.6866666666666666 0.018333333333333333 0.06
0 0.37 0.6816666666666666 0.03333333333333333 0.04666666666666667
0 0.35 0.6716666666666666 0.03333333333333333 0.04
0 0.4683333333333333 0.6625 0.023333333333333334 0.06833333333333333
0 0.49583333333333335 0.6625 0.015 0.06833333333333333
0 0.30833333333333335 0.6408333333333334 0.03333333333333333 0.025
0 0.52 0.6383333333333333 0.03333333333333333 0.04
0 0.3625 0.635 0.03833333333333333 0.02666666666666667
0 0.335 0.6341666666666667 0.03 0.055
0 0.49 0.6241666666666666 0.023333333333333334 0.055
0 0.32083333333333336 0.6183333333333333 0.028333333333333332 0.02666666666666667
0 0.3675 0.61 0.03166666666666667 0.03333333333333333
0 0.29583333333333334 0.6066666666666667 0.025 0.05
0 0.5241666666666667 0.6016666666666667 0.035 0.04
0 0.3958333333333333 0.5991666666666666 0.03166666666666667 0.041666666666666664
0 0.3308333333333333 0.5883333333333334 0.021666666666666667 0.03666666666666667
0 0.37583333333333335 0.5816666666666667 0.035 0.03
0 0.42583333333333334 0.5766666666666667 0.03166666666666667 0.03
0 0.5525 0.5775 0.025 0.028333333333333332
0 0.5283333333333333 0.5683333333333334 0.03333333333333333 0.056666666666666664
0 0.4083333333333333 0.5641666666666667 0.02666666666666667 0.025
0 0.3516666666666667 0.5641666666666667 0.04 0.025
0 0.6716666666666666 0.5633333333333334 0.02666666666666667 0.06
0 0.47 0.5466666666666666 0.03666666666666667 0.023333333333333334
0 0.3675 0.5425 0.03833333333333333 0.028333333333333332
0 0.42 0.5408333333333334 0.04 0.025
