0 0.49083333333333334 0.5091666666666667 0.035 0.058333333333333334
0 0.8666666666666667 0.5125 0.02 0.08833333333333333
0 0.8983333333333333 0.52 0.023333333333333334 0.07333333333333333
0 0.9458333333333333 0.5316666666666666 0.028333333333333332 0.05333333333333334
0 0.9233333333333333 0.5341666666666667 0.023333333333333334 0.06166666666666667
0 0.8858333333333334 0.5741666666666667 0.021666666666666667 0.06833333333333333
0 0.96 0.5875 0.03 0.06166666666666667
0 0.24083333333333334 0.5966666666666667 0.035 0.07
0 0.8758333333333334 0.64 0.021666666666666667 0.08666666666666667
0 0.9133333333333333 0.6475 0.03333333333333333 0.07833333333333334
0 0.15166666666666667 0.7091666666666666 0.03666666666666667 0.035
0 0.875 0.7191666666666666 0.03 0.06166666666666667
0 0.12416666666666666 0.7458333333333333 0.035 0.04833333333333333
0 0.815 0.7458333333333333 0.02666666666666667 0.03833333333333333
0 0.155 0.7516666666666667 0.03666666666666667 0.03333333333333333
0 0.8425 0.7541666666666667 0.028333333333333332 0.055
0 0.19083333333333333 0.7666666666666667 0.045 0.03
0 0.8183333333333334 0.77 0.02666666666666667 0.03333333333333333
0 0.16083333333333333 0.7766666666666666 0.035 0.03
0 0.8458333333333333 0.79 0.03166666666666667 0.05
0 0.8075 0.8008333333333333 0.051666666666666666 0.03166666666666667
0 0.1425 0.8075 0.035 0.03833333333333333
0 0.7541666666666667 0.075 0.025 0.07666666666666666
0 0.16583333333333333 0.815 0.035 0.03333333333333333
0 0.8291666666666667 0.8316666666666667 0.045 0.03666666666666667
0 0.10916666666666666 0.845 0.011666666666666667 0.04
0 0.14166666666666666 0.8433333333333334 0.02 0.05333333333333334
0 0.1175 0.8591666666666666 0.028333333333333332 0.06833333333333333
0 0.14 0.8775 0.02 0.03833333333333333
0 0.16833333333333333 0.9016666666666666 0.02666666666666667 0.043333333333333335
0 0.14583333333333334 0.91 0.03166666666666667 0.05333333333333334
0 0.2708333333333333 0.9258333333333333 0.028333333333333332 0.06166666666666667
0 0.16916666666666666 0.9266666666666666 0.028333333333333332 0.04
0 0.12333333333333334 0.9275 0.02 0.06833333333333333
0 0.14166666666666666 0.9525 0.02666666666666667 0.055
0 0.28583333333333333 0.9641666666666666 0.035 0.03833333333333333
0 0.20166666666666666 0.965 0.03 0.06333333333333334
0 0.2608333333333333 0.9675 0.035 0.041666666666666664
0 0.14583333333333334 0.9758333333333333 0.03166666666666667 0.04833333333333333
0 0.2525 0.9766666666666667 0.03166666666666667 0.04666666666666667
0 0.25333333333333335 0.9908333333333333 0.02666666666666667 0.018333333333333333
0 0.12166666666666667 0.9833333333333333 0.02 0.03333333333333333
0 0.2816666666666667 0.9925 0.03 0.015
0 0.795 0.23666666666666666 0.0033333333333333335 0.0033333333333333335
0 0.8025 0.245 0.025 0.05
0 0.8216666666666667 0.25166666666666665 0.02 0.07333333333333333
0 0.7883333333333333 0.25833333333333336 0.016666666666666666 0.05
0 0.8133333333333334 0.29583333333333334 0.02666666666666667 0.051666666666666666
0 0.7975 0.30833333333333335 0.021666666666666667 0.03
0 0.8308333333333333 0.3225 0.021666666666666667 0.075
0 0.7541666666666667 0.345 0.025 0.07333333333333333
0 0.19666666666666666 0.36583333333333334 0.03333333333333333 0.03166666666666667
0 0.17083333333333334 0.37583333333333335 0.021666666666666667 0.06833333333333333
0 0.8791666666666667 0.37666666666666665 0.028333333333333332 0.06333333333333334
0 0.18666666666666668 0.3958333333333333 0.03 0.028333333333333332
0 0.84 0.40166666666666667 0.023333333333333334 0.09
0 0.32083333333333336 0.4075 0.045 0.03833333333333333
0 0.185 0.4241666666666667 0.03666666666666667 0.035
0 0.8825 0.4275 0.018333333333333333 0.07166666666666667
0 0.75 0.04 0.02 0.08
0 0.87 0.42833333333333334 0.02 0.07666666666666666
0 0.16 0.43666666666666665 0.023333333333333334 0.05
0 0.9191666666666667 0.4475 0.021666666666666667 0.075
0 0.9033333333333333 0.44916666666666666 0.023333333333333334 0.07166666666666667
0 0.18416666666666667 0.46416666666666667 0.03166666666666667 0.035
0 0.165 0.4658333333333333 0.03 0.055
0 0.8808333333333334 0.47833333333333333 0.021666666666666667 0.08333333333333333
