0 0.4708333333333333 0.945 0.021666666666666667 0.07666666666666666
0 0.44916666666666666 0.8683333333333333 0.018333333333333333 0.09333333333333334
0 0.49083333333333334 0.8008333333333333 0.041666666666666664 0.035
0 0.5308333333333334 0.7991666666666667 0.041666666666666664 0.03833333333333333
0 0.5175 0.7766666666666666 0.03166666666666667 0.023333333333333334
0 0.3233333333333333 0.7741666666666667 0.03666666666666667 0.04833333333333333
0 0.5725 0.7675 0.03833333333333333 0.051666666666666666
0 0.49916666666666665 0.765 0.041666666666666664 0.03666666666666667
0 0.2941666666666667 0.7633333333333333 0.035 0.05
0 0.5616666666666666 0.7908333333333334 0.0033333333333333335 0.0016666666666666668
0 0.5408333333333334 0.7566666666666667 0.03833333333333333 0.04
0 0.2708333333333333 0.755 0.041666666666666664 0.06333333333333334
0 0.43666666666666665 0.7266666666666667 0.03333333333333333 0.05333333333333334
0 0.29583333333333334 0.7066666666666667 0.015 0.06666666666666667
0 0.2425 0.7033333333333334 0.028333333333333332 0.056666666666666664
0 0.4058333333333333 0.6916666666666667 0.028333333333333332 0.06
0 0.21 0.6166666666666667 0.03333333333333333 0.08333333333333333
0 0.23916666666666667 0.5983333333333334 0.03833333333333333 0.04
0 0.23666666666666666 0.5891666666666666 0.043333333333333335 0.058333333333333334
0 0.2025 0.5491666666666667 0.03166666666666667 0.041666666666666664
