0 0.8191666666666667 0.4583333333333333 0.04833333333333333 0.1
0 0.03166666666666667 0.9491666666666667 0.06 0.10166666666666667
0 0.7941666666666667 0.8908333333333334 0.06166666666666667 0.08833333333333333
0 0.050833333333333335 0.8408333333333333 0.06166666666666667 0.08166666666666667
0 0.25583333333333336 0.7983333333333333 0.04833333333333333 0.1
0 0.39666666666666667 0.7733333333333333 0.05 0.1
0 0.049166666666666664 0.7133333333333334 0.045 0.10666666666666667
0 0.6058333333333333 0.7166666666666667 0.058333333333333334 0.08
0 0.7558333333333334 0.6575 0.065 0.08833333333333333
0 0.9708333333333333 0.6325 0.058333333333333334 0.09166666666666666
0 0.79 0.5841666666666666 0.06333333333333334 0.06833333333333333
