0 0.9108333333333334 0.5566666666666666 0.018333333333333333 0.05
0 0.895 0.5508333333333333 0.02 0.06166666666666667
0 0.11 0.5483333333333333 0.023333333333333334 0.05333333333333334
0 0.5741666666666667 0.535 0.021666666666666667 0.06333333333333334
0 0.9275 0.535 0.015 0.04
0 0.9066666666666666 0.5158333333333334 0.02 0.07833333333333334
0 0.9225 0.49833333333333335 0.018333333333333333 0.056666666666666664
0 0.23 0.48833333333333334 0.03333333333333333 0.04
0 0.9725 0.4608333333333333 0.025 0.065
0 0.24333333333333335 0.455 0.04 0.03333333333333333
0 0.9575 0.4533333333333333 0.021666666666666667 0.056666666666666664
0 0.94 0.44333333333333336 0.02666666666666667 0.07
0 0.5233333333333333 0.44333333333333336 0.04 0.04
0 0.9066666666666666 0.435 0.02666666666666667 0.07
0 0.9225 0.44 0.025 0.06333333333333334
0 0.94 0.44 0.023333333333333334 0.06333333333333334
0 0.26416666666666666 0.4266666666666667 0.04833333333333333 0.03666666666666667
0 0.23833333333333334 0.42083333333333334 0.04 0.055
0 0.8983333333333333 0.4175 0.03 0.03833333333333333
0 0.055 0.4125 0.02666666666666667 0.065
0 0.11916666666666667 0.4058333333333333 0.028333333333333332 0.085
0 0.9641666666666666 0.39916666666666667 0.028333333333333332 0.051666666666666666
0 0.94 0.3933333333333333 0.04 0.03
0 0.29583333333333334 0.38916666666666666 0.035 0.028333333333333332
0 0.23166666666666666 0.3875 0.03666666666666667 0.06833333333333333
0 0.915 0.3825 0.03666666666666667 0.03166666666666667
0 0.8533333333333334 0.38416666666666666 0.03 0.07166666666666667
0 0.24416666666666667 0.38166666666666665 0.018333333333333333 0.03666666666666667
0 0.2608333333333333 0.37333333333333335 0.015 0.07333333333333333
0 0.08666666666666667 0.36583333333333334 0.03 0.07166666666666667
0 0.22 0.3616666666666667 0.023333333333333334 0.06
0 0.9091666666666667 0.3541666666666667 0.045 0.03166666666666667
0 0.2683333333333333 0.3525 0.02666666666666667 0.08833333333333333
0 0.04833333333333333 0.3475 0.02666666666666667 0.065
0 0.93 0.3416666666666667 0.03333333333333333 0.04
0 0.24666666666666667 0.3358333333333333 0.03666666666666667 0.035
0 0.7633333333333333 0.32916666666666666 0.02 0.075
0 0.24416666666666667 0.3175 0.045 0.021666666666666667
0 0.21416666666666667 0.31083333333333335 0.025 0.058333333333333334
0 0.2125 0.31083333333333335 0.025 0.058333333333333334
0 0.7775 0.30583333333333335 0.021666666666666667 0.06166666666666667
0 0.24916666666666668 0.2975 0.04833333333333333 0.021666666666666667
0 0.0775 0.2916666666666667 0.025 0.06333333333333334
0 0.25 0.27416666666666667 0.05333333333333334 0.03166666666666667
0 0.755 0.26666666666666666 0.016666666666666666 0.06666666666666667
0 0.21666666666666667 0.2675 0.023333333333333334 0.025
0 0.235 0.25583333333333336 0.02666666666666667 0.018333333333333333
0 0.9533333333333334 0.9825 0.03666666666666667 0.035
0 0.028333333333333332 0.12333333333333334 0.023333333333333334 0.07
0 0.9208333333333333 0.10083333333333333 0.025 0.06833333333333333
0 0.925 0.04416666666666667 0.03666666666666667 0.07166666666666667
0 0.22916666666666666 0.9633333333333334 0.03833333333333333 0.06
0 0.9775 0.9291666666666667 0.03166666666666667 0.07166666666666667
0 0.235 0.9291666666666667 0.043333333333333335 0.051666666666666666
0 0.7558333333333334 0.8508333333333333 0.021666666666666667 0.08166666666666667
0 0.22083333333333333 0.79 0.03166666666666667 0.07
0 0.9658333333333333 0.7475 0.028333333333333332 0.028333333333333332
0 0.9458333333333333 0.7391666666666666 0.018333333333333333 0.041666666666666664
0 0.9583333333333334 0.7016666666666667 0.023333333333333334 0.06333333333333334
0 0.9425 0.6958333333333333 0.025 0.06166666666666667
0 0.6675 0.6666666666666666 0.018333333333333333 0.08
0 0.6 0.6675 0.02666666666666667 0.075
0 0.915 0.6616666666666666 0.02666666666666667 0.05333333333333334
0 0.965 0.6583333333333333 0.02 0.06
0 0.9491666666666667 0.6758333333333333 0.005 0.008333333333333333
0 0.9391666666666667 0.6391666666666667 0.025 0.051666666666666666
0 0.9058333333333334 0.63 0.021666666666666667 0.07333333333333333
0 0.9483333333333334 0.6133333333333333 0.016666666666666666 0.03666666666666667
0 0.8941666666666667 0.5991666666666666 0.018333333333333333 0.03833333333333333
0 0.9175 0.6 0.018333333333333333 0.07666666666666666
0 0.6008333333333333 0.5908333333333333 0.041666666666666664 0.041666666666666664
0 0.5791666666666667 0.585 0.018333333333333333 0.03
0 0.93 0.5891666666666666 0.02 0.06833333333333333
0 0.9416666666666667 0.5583333333333333 0.016666666666666666 0.07666666666666666
0 0.5975 0.5608333333333333 0.03166666666666667 0.051666666666666666
