0 0.5866666666666667 0.5716666666666667 0.023333333333333334 0.08666666666666667
0 0.5508333333333333 0.5491666666666667 0.021666666666666667 0.085
0 0.61 0.5391666666666667 0.02 0.08166666666666667
0 0.5766666666666667 0.5341666666666667 0.016666666666666666 0.06166666666666667
0 0.7783333333333333 0.5066666666666667 0.04 0.04
0 0.5533333333333333 0.5041666666666667 0.023333333333333334 0.065
0 0.8125 0.5008333333333334 0.03833333333333333 0.03166666666666667
0 0.8316666666666667 0.4975 0.03666666666666667 0.051666666666666666
0 0.6558333333333334 0.49666666666666665 0.04833333333333333 0.03333333333333333
0 0.7883333333333333 0.47583333333333333 0.04 0.035
0 0.38916666666666666 0.41583333333333333 0.028333333333333332 0.058333333333333334
0 0.29083333333333333 0.41 0.021666666666666667 0.08
0 0.25916666666666666 0.4008333333333333 0.03833333333333333 0.041666666666666664
0 0.265 0.36 0.02 0.06333333333333334
0 0.285 0.3541666666666667 0.03 0.08166666666666667
0 0.24583333333333332 0.35333333333333333 0.018333333333333333 0.06333333333333334
0 0.21583333333333332 0.3416666666666667 0.03833333333333333 0.06
0 0.22833333333333333 0.30666666666666664 0.0033333333333333335 0.0033333333333333335
0 0.25833333333333336 0.30083333333333334 0.016666666666666666 0.06833333333333333
0 0.27666666666666667 0.29833333333333334 0.02 0.06333333333333334
0 0.24583333333333332 0.2825 0.021666666666666667 0.08166666666666667
0 0.22916666666666666 0.31416666666666665 0.008333333333333333 0.008333333333333333
0 0.21333333333333335 0.2675 0.02 0.085
0 0.9025 0.25916666666666666 0.03833333333333333 0.03833333333333333
0 0.8483333333333334 0.2375 0.043333333333333335 0.03166666666666667
0 0.22 0.21583333333333332 0.02666666666666667 0.06833333333333333
0 0.5458333333333333 0.8725 0.03833333333333333 0.055
0 0.5083333333333333 0.855 0.02 0.08666666666666667
0 0.555 0.835 0.03333333333333333 0.05
0 0.4975 0.8416666666666667 0.0016666666666666668 0.0033333333333333335
0 0.5691666666666667 0.8 0.045 0.03333333333333333
0 0.49416666666666664 0.7716666666666666 0.021666666666666667 0.056666666666666664
0 0.5933333333333334 0.7766666666666666 0.04 0.043333333333333335
0 0.5958333333333333 0.585 0.025 0.07333333333333333
0 0.5683333333333334 0.5808333333333333 0.016666666666666666 0.07833333333333334
