0 0.9841666666666666 0.5108333333333334 0.03166666666666667 0.04833333333333333
0 0.4525 0.48 0.041666666666666664 0.05
0 0.9866666666666667 0.47 0.02666666666666667 0.06666666666666667
0 0.985 0.47 0.03 0.06666666666666667
0 0.5158333333333334 0.9491666666666667 0.015 0.058333333333333334
0 0.43916666666666665 0.4166666666666667 0.021666666666666667 0.06666666666666667
0 0.9966666666666667 0.39666666666666667 0.006666666666666667 0.07333333333333333
0 0.9858333333333333 0.3591666666666667 0.028333333333333332 0.051666666666666666
0 0.995 0.2875 0.01 0.015
0 0.5016666666666667 0.9225 0.016666666666666666 0.06166666666666667
0 0.5083333333333333 0.9116666666666666 0.016666666666666666 0.06
0 0.475 0.9916666666666667 0.013333333333333334 0.016666666666666666
0 0.5175 0.8933333333333333 0.011666666666666667 0.04666666666666667
0 0.5316666666666666 0.8775 0.023333333333333334 0.08833333333333333
0 0.5266666666666666 0.87 0.013333333333333334 0.07666666666666666
0 0.49083333333333334 0.9916666666666667 0.011666666666666667 0.016666666666666666
0 0.5025 0.8533333333333334 0.015 0.05333333333333334
0 0.4766666666666667 0.8458333333333333 0.02 0.051666666666666666
0 0.5108333333333334 0.8391666666666666 0.015 0.051666666666666666
0 0.4675 0.8308333333333333 0.025 0.058333333333333334
0 0.44583333333333336 0.8308333333333333 0.021666666666666667 0.03166666666666667
0 0.43166666666666664 0.8291666666666667 0.03 0.03833333333333333
0 0.465 0.8066666666666666 0.016666666666666666 0.043333333333333335
0 0.4866666666666667 0.7958333333333333 0.013333333333333334 0.041666666666666664
0 0.5041666666666667 0.7975 0.015 0.058333333333333334
0 0.45 0.7833333333333333 0.013333333333333334 0.06
0 0.4608333333333333 0.7716666666666666 0.011666666666666667 0.03666666666666667
0 0.47583333333333333 0.7675 0.011666666666666667 0.051666666666666666
0 0.49 0.7516666666666667 0.016666666666666666 0.05333333333333334
0 0.465 0.725 0.016666666666666666 0.06
0 0.4766666666666667 0.7208333333333333 0.016666666666666666 0.051666666666666666
0 0.505 0.98 0.016666666666666666 0.04
0 0.44333333333333336 0.6966666666666667 0.02 0.06666666666666667
0 0.49583333333333335 0.6833333333333333 0.015 0.07333333333333333
0 0.48083333333333333 0.68 0.015 0.06333333333333334
0 0.5666666666666667 0.6758333333333333 0.04 0.03166666666666667
0 0.4816666666666667 0.6541666666666667 0.0033333333333333335 0.0016666666666666668
0 0.5175 0.6541666666666667 0.021666666666666667 0.07833333333333334
0 0.5208333333333334 0.6475 0.015 0.065
0 0.5408333333333334 0.63 0.021666666666666667 0.06
0 0.5266666666666666 0.5983333333333334 0.013333333333333334 0.05
0 0.48333333333333334 0.5908333333333333 0.016666666666666666 0.065
0 0.49083333333333334 0.9633333333333334 0.015 0.06333333333333334
0 0.5366666666666666 0.5441666666666667 0.03 0.06833333333333333
