0 0.525 0.5275 0.016666666666666666 0.011666666666666667
0 0.5383333333333333 0.5258333333333334 0.01 0.008333333333333333
0 0.5508333333333333 0.5275 0.015 0.015
0 0.5025 0.5375 0.015 0.018333333333333333
0 0.5183333333333333 0.5383333333333333 0.016666666666666666 0.01
0 0.5783333333333334 0.5458333333333333 0.016666666666666666 0.028333333333333332
0 0.7025 0.5475 0.015 0.028333333333333332
0 0.515 0.5483333333333333 0.016666666666666666 0.016666666666666666
0 0.5458333333333333 0.55 0.018333333333333333 0.03333333333333333
0 0.5533333333333333 0.5591666666666667 0.0033333333333333335 0.011666666666666667
0 0.5758333333333333 0.5525 0.018333333333333333 0.028333333333333332
0 0.6666666666666666 0.5541666666666667 0.02 0.025
0 0.5008333333333334 0.5566666666666666 0.018333333333333333 0.056666666666666664
0 0.62 0.56 0.016666666666666666 0.02666666666666667
0 0.5308333333333334 0.5583333333333333 0.015 0.04
0 0.5425 0.5616666666666666 0.015 0.03666666666666667
0 0.6366666666666667 0.5633333333333334 0.02 0.023333333333333334
0 0.5583333333333333 0.5641666666666667 0.016666666666666666 0.03166666666666667
0 0.5125 0.5658333333333333 0.021666666666666667 0.03166666666666667
0 0.6558333333333334 0.5808333333333333 0.021666666666666667 0.041666666666666664
0 0.6925 0.5858333333333333 0.025 0.035
0 0.615 0.585 0.01 0.02666666666666667
0 0.6733333333333333 0.5841666666666666 0.02 0.028333333333333332
0 0.6508333333333334 0.5908333333333333 0.011666666666666667 0.028333333333333332
0 0.6233333333333333 0.59 0.013333333333333334 0.03666666666666667
0 0.6333333333333333 0.595 0.013333333333333334 0.04
0 0.31333333333333335 0.76 0.02666666666666667 0.04666666666666667
0 0.21833333333333332 0.8558333333333333 0.013333333333333334 0.051666666666666666
0 0.23666666666666666 0.8883333333333333 0.02666666666666667 0.05
0 0.19 0.9375 0.03 0.075
0 0.19 0.9508333333333333 0.03 0.075
0 0.19166666666666668 0.9608333333333333 0.023333333333333334 0.055
0 0.0775 0.2658333333333333 0.011666666666666667 0.008333333333333333
0 0.08583333333333333 0.265 0.015 0.01
0 0.09833333333333333 0.26916666666666667 0.013333333333333334 0.021666666666666667
0 0.0675 0.27 0.008333333333333333 0.006666666666666667
0 0.10333333333333333 0.2708333333333333 0.01 0.018333333333333333
0 0.09083333333333334 0.2775 0.008333333333333333 0.015
0 0.08166666666666667 0.2808333333333333 0.013333333333333334 0.018333333333333333
0 0.04583333333333333 0.2825 0.008333333333333333 0.018333333333333333
0 0.051666666666666666 0.2841666666666667 0.01 0.018333333333333333
0 0.06583333333333333 0.2841666666666667 0.018333333333333333 0.021666666666666667
0 0.11916666666666667 0.2925 0.025 0.018333333333333333
0 0.041666666666666664 0.29 0.01 0.016666666666666666
0 0.030833333333333334 0.29333333333333333 0.018333333333333333 0.02
0 0.004166666666666667 0.295 0.008333333333333333 0.02
0 0.11 0.29333333333333333 0.01 0.016666666666666666
0 0.10166666666666667 0.30083333333333334 0.013333333333333334 0.015
0 0.0875 0.345 0.015 0.02666666666666667
0 0.6575 0.3625 0.015 0.011666666666666667
0 0.6408333333333334 0.36333333333333334 0.021666666666666667 0.03
0 0.6583333333333333 0.37166666666666665 0.013333333333333334 0.02
0 0.6675 0.37583333333333335 0.015 0.018333333333333333
