0 0.02666666666666667 0.48 0.05333333333333334 0.11333333333333333
0 0.23333333333333334 0.5783333333333334 0.03333333333333333 0.12666666666666668
0 0.49833333333333335 0.04416666666666667 0.04 0.08833333333333333
0 0.4891666666666667 0.6266666666666667 0.065 0.06666666666666667
0 0.5675 0.7025 0.035 0.13166666666666665
0 0.3908333333333333 0.9266666666666666 0.051666666666666666 0.12333333333333334
0 0.6458333333333334 0.9358333333333333 0.035 0.12833333333333333
0 0.5966666666666667 0.9475 0.03666666666666667 0.105
0 0.7108333333333333 0.95 0.045 0.1
0 0.5825 0.115 0.041666666666666664 0.13333333333333333
0 0.3125 0.2175 0.03833333333333333 0.115
0 0.5833333333333334 0.006666666666666667 0.03333333333333333 0.013333333333333334
0 0.3575 0.29083333333333333 0.035 0.12833333333333333
0 0.014166666666666666 0.39416666666666667 0.028333333333333332 0.15166666666666667
