0 0.5283333333333333 0.505 0.03666666666666667 0.03666666666666667
0 0.5375 0.4483333333333333 0.018333333333333333 0.06333333333333334
0 0.22416666666666665 0.7158333333333333 0.035 0.035
0 0.2633333333333333 0.695 0.03666666666666667 0.03
0 0.49666666666666665 0.6875 0.02 0.06833333333333333
0 0.23833333333333334 0.6825 0.03666666666666667 0.03166666666666667
0 0.475 0.68 0.03 0.03
0 0.30333333333333334 0.6766666666666666 0.03666666666666667 0.03333333333333333
0 0.2775 0.6666666666666666 0.035 0.03
0 0.49833333333333335 0.655 0.02666666666666667 0.04666666666666667
0 0.3466666666666667 0.6466666666666666 0.043333333333333335 0.03333333333333333
0 0.43333333333333335 0.6491666666666667 0.03333333333333333 0.041666666666666664
0 0.5208333333333334 0.6416666666666667 0.018333333333333333 0.06666666666666667
0 0.4725 0.6391666666666667 0.035 0.03833333333333333
0 0.49666666666666665 0.6241666666666666 0.03 0.04833333333333333
0 0.5341666666666667 0.6225 0.015 0.06833333333333333
0 0.465 0.6158333333333333 0.03333333333333333 0.051666666666666666
0 0.4 0.6025 0.04 0.045
0 0.44166666666666665 0.6058333333333333 0.04 0.041666666666666664
0 0.5066666666666667 0.5916666666666667 0.023333333333333334 0.06
0 0.48833333333333334 0.5833333333333334 0.02666666666666667 0.04666666666666667
0 0.5091666666666667 0.5608333333333333 0.028333333333333332 0.055
