0 0.37416666666666665 0.45666666666666667 0.015 0.056666666666666664
0 0.385 0.465 0.023333333333333334 0.04666666666666667
0 0.3441666666666667 0.4608333333333333 0.011666666666666667 0.03833333333333333
0 0.3625 0.4816666666666667 0.015 0.05
0 0.3933333333333333 0.49 0.02 0.05
0 0.5625 0.49166666666666664 0.028333333333333332 0.05333333333333334
0 0.3491666666666667 0.49833333333333335 0.015 0.05333333333333334
0 0.32416666666666666 0.5133333333333333 0.015 0.05
0 0.5433333333333333 0.5083333333333333 0.023333333333333334 0.05333333333333334
0 0.33916666666666667 0.5208333333333334 0.015 0.051666666666666666
0 0.3925 0.5216666666666666 0.025 0.043333333333333335
0 0.37666666666666665 0.52 0.016666666666666666 0.06
0 0.36666666666666664 0.5216666666666666 0.013333333333333334 0.04666666666666667
0 0.3541666666666667 0.53 0.015 0.05333333333333334
0 0.30916666666666665 0.5383333333333333 0.018333333333333333 0.05
0 0.5225 0.5308333333333334 0.018333333333333333 0.04833333333333333
0 0.395 0.5466666666666666 0.02666666666666667 0.03666666666666667
0 0.5558333333333333 0.5525 0.025 0.03833333333333333
0 0.3225 0.5525 0.028333333333333332 0.045
0 0.5358333333333334 0.555 0.025 0.04
0 0.2941666666666667 0.5583333333333333 0.025 0.05
0 0.3375 0.5583333333333333 0.025 0.02666666666666667
0 0.43583333333333335 0.5591666666666667 0.025 0.03833333333333333
0 0.37 0.5691666666666667 0.03 0.04833333333333333
0 0.5016666666666667 0.5708333333333333 0.023333333333333334 0.045
0 0.3541666666666667 0.5708333333333333 0.025 0.04833333333333333
0 0.39416666666666667 0.5716666666666667 0.03166666666666667 0.03666666666666667
0 0.5133333333333333 0.5758333333333333 0.02666666666666667 0.045
0 0.4166666666666667 0.5716666666666667 0.023333333333333334 0.05
0 0.48583333333333334 0.5783333333333334 0.028333333333333332 0.06666666666666667
0 0.33166666666666667 0.5833333333333334 0.03 0.03333333333333333
0 0.4683333333333333 0.5883333333333334 0.023333333333333334 0.05333333333333334
0 0.5283333333333333 0.5908333333333333 0.03333333333333333 0.045
0 0.31416666666666665 0.5933333333333334 0.03166666666666667 0.04666666666666667
0 0.43 0.5916666666666667 0.03333333333333333 0.03666666666666667
0 0.395 0.6083333333333333 0.02 0.06
0 0.3625 0.6133333333333333 0.03166666666666667 0.05
0 0.48583333333333334 0.6158333333333333 0.028333333333333332 0.035
0 0.37416666666666665 0.6208333333333333 0.028333333333333332 0.055
0 0.42 0.6241666666666666 0.03333333333333333 0.035
0 0.4 0.6258333333333334 0.02666666666666667 0.058333333333333334
0 0.32666666666666666 0.6408333333333334 0.03 0.025
0 0.42833333333333334 0.6408333333333334 0.023333333333333334 0.04833333333333333
0 0.46 0.6425 0.023333333333333334 0.065
0 0.44083333333333335 0.6441666666666667 0.03166666666666667 0.045
0 0.4816666666666667 0.645 0.03 0.02666666666666667
0 0.7875 0.105 0.025 0.07333333333333333
0 0.7841666666666667 0.13 0.021666666666666667 0.06333333333333334
0 0.34833333333333333 0.36083333333333334 0.016666666666666666 0.065
0 0.3416666666666667 0.3975 0.016666666666666666 0.06833333333333333
0 0.36666666666666664 0.405 0.013333333333333334 0.05333333333333334
0 0.38083333333333336 0.415 0.015 0.04666666666666667
0 0.355 0.43083333333333335 0.016666666666666666 0.058333333333333334
0 0.33166666666666667 0.4483333333333333 0.013333333333333334 0.06333333333333334
