0 0.63 0.5008333333333334 0.02666666666666667 0.075
0 0.5433333333333333 0.49583333333333335 0.02 0.055
0 0.5625 0.495 0.021666666666666667 0.06
0 0.6375 0.4841666666666667 0.028333333333333332 0.051666666666666666
0 0.6 0.48333333333333334 0.02 0.07
0 0.5116666666666667 0.48083333333333333 0.02 0.07833333333333334
0 0.5066666666666667 0.4666666666666667 0.0033333333333333335 0.0033333333333333335
0 0.545 0.4583333333333333 0.02 0.05333333333333334
0 0.5241666666666667 0.44666666666666666 0.018333333333333333 0.08
0 0.5266666666666666 0.43666666666666665 0.02 0.07333333333333333
0 0.545 0.4191666666666667 0.02 0.045
0 0.5283333333333333 0.4075 0.023333333333333334 0.045
0 0.009166666666666667 0.3491666666666667 0.018333333333333333 0.04833333333333333
0 0.16 0.3433333333333333 0.02 0.04666666666666667
0 0.17416666666666666 0.3075 0.021666666666666667 0.058333333333333334
0 0.15666666666666668 0.2991666666666667 0.02 0.058333333333333334
0 0.18083333333333335 0.2633333333333333 0.021666666666666667 0.06666666666666667
0 0.14083333333333334 0.24583333333333332 0.015 0.041666666666666664
0 0.15 0.2425 0.016666666666666666 0.04833333333333333
0 0.16083333333333333 0.2375 0.025 0.06166666666666667
0 0.12333333333333334 0.21916666666666668 0.016666666666666666 0.03833333333333333
0 0.14333333333333334 0.19583333333333333 0.023333333333333334 0.045
0 0.10583333333333333 0.19666666666666666 0.021666666666666667 0.043333333333333335
0 0.12916666666666668 0.19583333333333333 0.021666666666666667 0.051666666666666666
0 0.155 0.18416666666666667 0.03 0.051666666666666666
0 0.10666666666666667 0.16666666666666666 0.023333333333333334 0.05
0 0.12583333333333332 0.14666666666666667 0.025 0.05333333333333334
0 0.1475 0.14416666666666667 0.035 0.051666666666666666
0 0.1075 0.135 0.021666666666666667 0.06
0 0.08416666666666667 0.1025 0.021666666666666667 0.065
0 0.115 0.0925 0.03 0.058333333333333334
0 0.07166666666666667 0.08833333333333333 0.01 0.02666666666666667
0 0.09083333333333334 0.06 0.018333333333333333 0.05333333333333334
0 0.07083333333333333 0.06416666666666666 0.018333333333333333 0.051666666666666666
0 0.07666666666666666 0.0275 0.02 0.055
0 0.10083333333333333 0.025 0.028333333333333332 0.05
0 0.08416666666666667 0.006666666666666667 0.011666666666666667 0.013333333333333334
0 0.7158333333333333 0.7916666666666666 0.025 0.04666666666666667
0 0.7066666666666667 0.745 0.02 0.05333333333333334
0 0.6883333333333334 0.7325 0.016666666666666666 0.065
0 0.7075 0.7 0.028333333333333332 0.07
0 0.6941666666666667 0.6933333333333334 0.018333333333333333 0.06
0 0.7258333333333333 0.6875 0.018333333333333333 0.058333333333333334
0 0.4825 0.6741666666666667 0.018333333333333333 0.075
0 0.5133333333333333 0.6691666666666667 0.013333333333333334 0.051666666666666666
0 0.7116666666666667 0.6575 0.016666666666666666 0.07833333333333334
0 0.5375 0.6558333333333334 0.015 0.055
0 0.49583333333333335 0.6516666666666666 0.018333333333333333 0.07666666666666666
0 0.6841666666666667 0.6466666666666666 0.015 0.05333333333333334
0 0.5116666666666667 0.6325 0.016666666666666666 0.055
0 0.5566666666666666 0.625 0.016666666666666666 0.056666666666666664
0 0.6716666666666666 0.6258333333333334 0.016666666666666666 0.075
0 0.48833333333333334 0.6175 0.02666666666666667 0.055
0 0.5383333333333333 0.6058333333333333 0.016666666666666666 0.065
0 0.5258333333333334 0.6 0.015 0.05333333333333334
0 0.66 0.5933333333333334 0.016666666666666666 0.07333333333333333
0 0.5666666666666667 0.5891666666666666 0.02 0.06833333333333333
0 0.5516666666666666 0.5925 0.013333333333333334 0.055
0 0.6766666666666666 0.5858333333333333 0.03 0.06166666666666667
0 0.4625 0.5816666666666667 0.03166666666666667 0.03
0 0.62 0.59 0.016666666666666666 0.06
0 0.515 0.5675 0.02 0.075
0 0.5341666666666667 0.5675 0.018333333333333333 0.055
0 0.49083333333333334 0.5675 0.021666666666666667 0.045
0 0.5758333333333333 0.5875 0.0016666666666666668 0.0016666666666666668
0 0.5116666666666667 0.5516666666666666 0.02666666666666667 0.056666666666666664
0 0.5825 0.5458333333333333 0.018333333333333333 0.08166666666666667
0 0.5483333333333333 0.5408333333333334 0.013333333333333334 0.065
0 0.6066666666666667 0.5441666666666667 0.02 0.055
0 0.6275 0.5425 0.021666666666666667 0.058333333333333334
0 0.6758333333333333 0.5391666666666667 0.028333333333333332 0.06166666666666667
0 0.5383333333333333 0.535 0.013333333333333334 0.04
0 0.49666666666666665 0.53 0.02 0.04666666666666667
0 0.6358333333333334 0.5175 0.018333333333333333 0.055
0 0.6541666666666667 0.5125 0.015 0.075
0 0.5316666666666666 0.5133333333333333 0.016666666666666666 0.056666666666666664
0 0.5908333333333333 0.5083333333333333 0.018333333333333333 0.07333333333333333
