0 0.31083333333333335 0.5108333333333334 0.055 0.09166666666666666
0 0.7033333333333334 0.3975 0.06666666666666667 0.065
0 0.0033333333333333335 0.38083333333333336 0.006666666666666667 0.028333333333333332
0 0.7308333333333333 0.32666666666666666 0.06833333333333333 0.06666666666666667
0 0.009166666666666667 0.3258333333333333 0.018333333333333333 0.04833333333333333
0 0.6633333333333333 0.315 0.07666666666666666 0.05333333333333334
0 0.6766666666666666 0.25166666666666665 0.07 0.06666666666666667
0 0.6541666666666667 0.1775 0.06166666666666667 0.10833333333333334
0 0.6883333333333334 0.1725 0.04 0.115
0 0.2966666666666667 0.92 0.06 0.07666666666666666
0 0.6283333333333333 0.135 0.05333333333333334 0.10666666666666667
0 0.3975 0.06833333333333333 0.07166666666666667 0.056666666666666664
0 0.3283333333333333 0.87 0.06666666666666667 0.056666666666666664
0 0.18583333333333332 0.8508333333333333 0.06833333333333333 0.04833333333333333
0 0.32 0.8091666666666667 0.07 0.06166666666666667
0 0.6516666666666666 0.7316666666666667 0.03 0.10333333333333333
0 0.2825 0.6666666666666666 0.06833333333333333 0.05333333333333334
0 0.07583333333333334 0.6475 0.06166666666666667 0.08833333333333333
0 0.2575 0.9733333333333334 0.065 0.05333333333333334
