0 0.51 0.4575 0.03 0.028333333333333332
0 0.5575 0.4625 0.03166666666666667 0.03833333333333333
0 0.535 0.465 0.02666666666666667 0.03
0 0.5841666666666666 0.47833333333333333 0.028333333333333332 0.05
0 0.5641666666666667 0.4825 0.03166666666666667 0.028333333333333332
0 0.5483333333333333 0.5141666666666667 0.03333333333333333 0.035
0 0.5783333333333334 0.5241666666666667 0.03333333333333333 0.03833333333333333
0 0.555 0.53 0.02666666666666667 0.04
0 0.5733333333333334 0.5466666666666666 0.02666666666666667 0.04
0 0.585 0.5508333333333333 0.03 0.051666666666666666
0 0.555 0.5525 0.023333333333333334 0.028333333333333332
0 0.5375 0.5791666666666667 0.035 0.028333333333333332
0 0.5691666666666667 0.5966666666666667 0.025 0.04666666666666667
0 0.5458333333333333 0.615 0.025 0.043333333333333335
0 0.525 0.6125 0.04 0.03833333333333333
0 0.5125 0.6466666666666666 0.028333333333333332 0.02666666666666667
0 0.5375 0.645 0.03166666666666667 0.04
0 0.5008333333333334 0.6725 0.028333333333333332 0.028333333333333332
0 0.5291666666666667 0.6733333333333333 0.03166666666666667 0.03666666666666667
0 0.47 0.69 0.03 0.02666666666666667
0 0.4975 0.6933333333333334 0.028333333333333332 0.023333333333333334
0 0.5233333333333333 0.7 0.023333333333333334 0.03666666666666667
0 0.46 0.7116666666666667 0.023333333333333334 0.023333333333333334
0 0.4841666666666667 0.7133333333333334 0.03166666666666667 0.03
0 0.5166666666666667 0.7225 0.03333333333333333 0.03833333333333333
0 0.5358333333333334 0.2966666666666667 0.03166666666666667 0.03333333333333333
0 0.5108333333333334 0.3016666666666667 0.03166666666666667 0.03
0 0.5725 0.3125 0.018333333333333333 0.07166666666666667
0 0.5358333333333334 0.31666666666666665 0.03833333333333333 0.03
0 0.4891666666666667 0.32416666666666666 0.028333333333333332 0.018333333333333333
0 0.5933333333333334 0.335 0.01 0.04666666666666667
0 0.5591666666666667 0.3416666666666667 0.018333333333333333 0.06
0 0.5091666666666667 0.3383333333333333 0.025 0.02666666666666667
0 0.48333333333333334 0.345 0.03 0.02666666666666667
0 0.5375 0.3491666666666667 0.025 0.021666666666666667
0 0.51 0.355 0.02666666666666667 0.023333333333333334
0 0.5875 0.36333333333333334 0.015 0.06666666666666667
0 0.5 0.37 0.02666666666666667 0.02666666666666667
0 0.5425 0.375 0.025 0.03
0 0.5725 0.37833333333333335 0.015 0.06333333333333334
0 0.5583333333333333 0.38 0.016666666666666666 0.04
0 0.5283333333333333 0.38333333333333336 0.03333333333333333 0.043333333333333335
0 0.485 0.38166666666666665 0.023333333333333334 0.02666666666666667
0 0.51 0.395 0.023333333333333334 0.02666666666666667
0 0.49083333333333334 0.40166666666666667 0.03166666666666667 0.023333333333333334
0 0.5333333333333333 0.40166666666666667 0.02666666666666667 0.02666666666666667
0 0.4708333333333333 0.4066666666666667 0.018333333333333333 0.023333333333333334
0 0.5516666666666666 0.41583333333333333 0.02666666666666667 0.028333333333333332
0 0.525 0.4175 0.023333333333333334 0.025
0 0.57 0.4241666666666667 0.03 0.04833333333333333
0 0.49333333333333335 0.4225 0.03 0.025
0 0.5191666666666667 0.42916666666666664 0.03166666666666667 0.028333333333333332
0 0.5391666666666667 0.44333333333333336 0.028333333333333332 0.02666666666666667
0 0.49583333333333335 0.44583333333333336 0.028333333333333332 0.025
