0 0.7791666666666667 0.5325 0.018333333333333333 0.025
0 0.7858333333333334 0.515 0.011666666666666667 0.03666666666666667
0 0.7625 0.5075 0.018333333333333333 0.041666666666666664
0 0.8133333333333334 0.5116666666666667 0.023333333333333334 0.023333333333333334
0 0.7983333333333333 0.5125 0.013333333333333334 0.035
0 0.8366666666666667 0.5066666666666667 0.02666666666666667 0.02666666666666667
0 0.7741666666666667 0.5033333333333333 0.015 0.03666666666666667
0 0.7675 0.5125 0.0016666666666666668 0.005
0 0.8116666666666666 0.49 0.013333333333333334 0.03
0 0.6883333333333334 0.32916666666666666 0.02666666666666667 0.035
0 0.6958333333333333 0.2775 0.018333333333333333 0.04833333333333333
0 0.2758333333333333 0.1825 0.035 0.025
0 0.5608333333333333 0.08583333333333333 0.028333333333333332 0.045
0 0.5333333333333333 0.0775 0.02666666666666667 0.04833333333333333
0 0.54 0.065 0.016666666666666666 0.056666666666666664
0 0.5266666666666666 0.0325 0.013333333333333334 0.04833333333333333
0 0.5333333333333333 0.0125 0.016666666666666666 0.025
0 0.7175 0.6058333333333333 0.021666666666666667 0.028333333333333332
0 0.7008333333333333 0.5791666666666667 0.015 0.028333333333333332
0 0.7108333333333333 0.5858333333333333 0.015 0.03833333333333333
0 0.7016666666666667 0.5775 0.013333333333333334 0.028333333333333332
0 0.7141666666666666 0.5533333333333333 0.018333333333333333 0.02666666666666667
0 0.7566666666666667 0.5508333333333333 0.02666666666666667 0.021666666666666667
0 0.7983333333333333 0.5458333333333333 0.013333333333333334 0.03833333333333333
