0 0.5691666666666667 0.5358333333333334 0.035 0.03166666666666667
0 0.5333333333333333 0.5141666666666667 0.03333333333333333 0.03166666666666667
0 0.5641666666666667 0.5 0.035 0.03666666666666667
0 0.5425 0.49916666666666665 0.035 0.041666666666666664
0 0.5533333333333333 0.4725 0.023333333333333334 0.028333333333333332
0 0.5633333333333334 0.46166666666666667 0.03333333333333333 0.04
0 0.5225 0.45166666666666666 0.03166666666666667 0.03
0 0.5558333333333333 0.43 0.028333333333333332 0.043333333333333335
0 0.5083333333333333 0.4191666666666667 0.04 0.035
0 0.53 0.41333333333333333 0.02666666666666667 0.04
0 0.49583333333333335 0.3883333333333333 0.028333333333333332 0.02666666666666667
0 0.5175 0.38333333333333336 0.028333333333333332 0.03
0 0.4816666666666667 0.36083333333333334 0.03 0.035
0 0.5075 0.3575 0.035 0.028333333333333332
0 0.45 0.3525 0.03333333333333333 0.025
0 0.4716666666666667 0.3466666666666667 0.03333333333333333 0.02666666666666667
0 0.44 0.32916666666666666 0.023333333333333334 0.025
0 0.5016666666666667 0.32916666666666666 0.02666666666666667 0.03166666666666667
0 0.465 0.3233333333333333 0.03333333333333333 0.02666666666666667
0 0.49 0.30333333333333334 0.03666666666666667 0.03
0 0.5291666666666667 0.7366666666666667 0.035 0.03
0 0.5058333333333334 0.7375 0.035 0.028333333333333332
0 0.48333333333333334 0.7208333333333333 0.03 0.021666666666666667
0 0.5708333333333333 0.7116666666666667 0.018333333333333333 0.06666666666666667
0 0.5391666666666667 0.7108333333333333 0.025 0.028333333333333332
0 0.5058333333333334 0.7025 0.028333333333333332 0.025
0 0.4775 0.7016666666666667 0.03166666666666667 0.02666666666666667
0 0.5708333333333333 0.6983333333333334 0.018333333333333333 0.043333333333333335
0 0.59 0.6941666666666667 0.013333333333333334 0.04833333333333333
0 0.5333333333333333 0.6875 0.023333333333333334 0.025
0 0.5533333333333333 0.675 0.02666666666666667 0.03666666666666667
0 0.49416666666666664 0.6683333333333333 0.028333333333333332 0.03666666666666667
0 0.5275 0.6741666666666667 0.008333333333333333 0.008333333333333333
0 0.4766666666666667 0.6625 0.023333333333333334 0.028333333333333332
0 0.5325 0.6608333333333334 0.025 0.035
0 0.5833333333333334 0.6633333333333333 0.016666666666666666 0.06666666666666667
0 0.5516666666666666 0.6466666666666666 0.023333333333333334 0.03
0 0.5675 0.645 0.018333333333333333 0.06333333333333334
0 0.5016666666666667 0.6441666666666667 0.023333333333333334 0.03166666666666667
0 0.4825 0.6391666666666667 0.03166666666666667 0.03166666666666667
0 0.4625 0.6375 0.018333333333333333 0.025
0 0.525 0.6333333333333333 0.02666666666666667 0.03
0 0.48083333333333333 0.6191666666666666 0.028333333333333332 0.025
0 0.5433333333333333 0.6141666666666666 0.02666666666666667 0.028333333333333332
0 0.515 0.6125 0.02666666666666667 0.035
0 0.5133333333333333 0.6225 0.0033333333333333335 0.0016666666666666668
0 0.5591666666666667 0.6025 0.028333333333333332 0.04833333333333333
0 0.5083333333333333 0.6075 0.03 0.028333333333333332
0 0.48583333333333334 0.5941666666666666 0.028333333333333332 0.025
0 0.5291666666666667 0.59 0.028333333333333332 0.02666666666666667
0 0.49916666666666665 0.58 0.028333333333333332 0.03
0 0.525 0.5758333333333333 0.03666666666666667 0.051666666666666666
0 0.5375 0.5575 0.03833333333333333 0.035
0 0.5566666666666666 0.5475 0.03666666666666667 0.028333333333333332
