0 0.7441666666666666 0.04666666666666667 0.075 0.08333333333333333
0 0.9866666666666667 0.5483333333333333 0.02666666666666667 0.08666666666666667
0 0.5 0.5816666666666667 0.04 0.13666666666666666
0 0.6633333333333333 0.06166666666666667 0.08333333333333333 0.05333333333333334
0 0.5666666666666667 0.6858333333333333 0.06333333333333334 0.10166666666666667
0 0.49583333333333335 0.7083333333333334 0.06833333333333333 0.07666666666666666
0 0.995 0.7825 0.01 0.105
0 0.5375 0.7933333333333333 0.065 0.07333333333333333
0 0.48 0.8391666666666666 0.04666666666666667 0.12166666666666667
0 0.9983333333333333 0.1275 0.0033333333333333335 0.058333333333333334
0 0.6058333333333333 0.16166666666666665 0.07166666666666667 0.07666666666666666
0 0.6541666666666667 0.014166666666666666 0.045 0.028333333333333332
0 0.5283333333333333 0.19416666666666665 0.07666666666666666 0.06166666666666667
0 0.8175 0.20916666666666667 0.04833333333333333 0.095
0 0.865 0.24 0.04 0.09666666666666666
0 0.7108333333333333 0.25833333333333336 0.03833333333333333 0.10333333333333333
0 0.7491666666666666 0.25833333333333336 0.04833333333333333 0.1
0 0.43583333333333335 0.2816666666666667 0.028333333333333332 0.14
0 0.9758333333333333 0.2866666666666667 0.04833333333333333 0.12333333333333334
0 0.48833333333333334 0.3525 0.05 0.10833333333333334
0 0.8141666666666667 0.04083333333333333 0.07166666666666667 0.08166666666666667
0 0.385 0.4816666666666667 0.03666666666666667 0.13333333333333333
