0 0.25666666666666665 0.4741666666666667 0.023333333333333334 0.08166666666666667
0 0.7775 0.4825 0.028333333333333332 0.06166666666666667
0 0.22916666666666666 0.4875 0.021666666666666667 0.07166666666666667
0 0.30833333333333335 0.5041666666666667 0.02 0.06166666666666667
0 0.7858333333333334 0.5158333333333334 0.018333333333333333 0.065
0 0.7525 0.5141666666666667 0.03166666666666667 0.065
0 0.3375 0.5141666666666667 0.03833333333333333 0.035
0 0.805 0.5291666666666667 0.03 0.051666666666666666
0 0.8533333333333334 0.5208333333333334 0.03333333333333333 0.07833333333333334
0 0.8266666666666667 0.53 0.03 0.06333333333333334
0 0.2475 0.5383333333333333 0.025 0.06333333333333334
0 0.7691666666666667 0.5375 0.021666666666666667 0.04833333333333333
0 0.75 0.5633333333333334 0.023333333333333334 0.04666666666666667
0 0.7933333333333333 0.5783333333333334 0.03666666666666667 0.04666666666666667
0 0.7091666666666666 0.5758333333333333 0.028333333333333332 0.06166666666666667
0 0.7575 0.5941666666666666 0.021666666666666667 0.055
0 0.6475 0.5983333333333334 0.035 0.06333333333333334
0 0.7441666666666666 0.6191666666666666 0.021666666666666667 0.06166666666666667
0 0.7333333333333333 0.6375 0.02 0.08166666666666667
0 0.6325 0.6575 0.025 0.08166666666666667
0 0.6208333333333333 0.6791666666666667 0.021666666666666667 0.07166666666666667
0 0.3016666666666667 0.7483333333333333 0.03333333333333333 0.07333333333333333
0 0.5308333333333334 0.8091666666666667 0.028333333333333332 0.06833333333333333
0 0.2608333333333333 0.14333333333333334 0.03166666666666667 0.06333333333333334
0 0.27416666666666667 0.15583333333333332 0.028333333333333332 0.04833333333333333
0 0.23333333333333334 0.19 0.02 0.06333333333333334
0 0.25 0.21 0.02666666666666667 0.06333333333333334
0 0.2891666666666667 0.235 0.021666666666666667 0.06666666666666667
0 0.2325 0.2475 0.018333333333333333 0.058333333333333334
0 0.2966666666666667 0.27166666666666667 0.02 0.07333333333333333
0 0.2475 0.2758333333333333 0.018333333333333333 0.06833333333333333
0 0.275 0.2825 0.02 0.06833333333333333
0 0.79 0.2925 0.023333333333333334 0.065
0 0.795 0.31333333333333335 0.04 0.06
0 0.3075 0.315 0.011666666666666667 0.05333333333333334
0 0.8808333333333334 0.31833333333333336 0.03833333333333333 0.04
0 0.24416666666666667 0.32 0.021666666666666667 0.056666666666666664
0 0.8158333333333333 0.325 0.028333333333333332 0.043333333333333335
0 0.29 0.3225 0.016666666666666666 0.06833333333333333
0 0.9275 0.32666666666666666 0.045 0.04
0 0.8308333333333333 0.33 0.03833333333333333 0.04
0 0.20833333333333334 0.35083333333333333 0.02 0.06833333333333333
0 0.30416666666666664 0.35083333333333333 0.018333333333333333 0.065
0 0.8733333333333333 0.35583333333333333 0.03 0.035
0 0.8916666666666667 0.36 0.03 0.05333333333333334
0 0.8016666666666666 0.36 0.023333333333333334 0.023333333333333334
0 0.8425 0.36666666666666664 0.03166666666666667 0.04
0 0.8175 0.3641666666666667 0.03166666666666667 0.03166666666666667
0 0.33 0.37083333333333335 0.03333333333333333 0.041666666666666664
0 0.8608333333333333 0.37916666666666665 0.028333333333333332 0.028333333333333332
0 0.8091666666666667 0.39416666666666667 0.03166666666666667 0.035
0 0.23083333333333333 0.3858333333333333 0.021666666666666667 0.085
0 0.21416666666666667 0.415 0.018333333333333333 0.06666666666666667
0 0.3383333333333333 0.4066666666666667 0.03 0.043333333333333335
0 0.8491666666666666 0.4125 0.025 0.03833333333333333
0 0.8325 0.415 0.025 0.05
0 0.7783333333333333 0.4166666666666667 0.03333333333333333 0.04666666666666667
0 0.8041666666666667 0.42083333333333334 0.041666666666666664 0.051666666666666666
0 0.8566666666666667 0.42916666666666664 0.02666666666666667 0.045
0 0.37 0.43083333333333335 0.03666666666666667 0.051666666666666666
0 0.4075 0.43333333333333335 0.028333333333333332 0.06666666666666667
0 0.2916666666666667 0.44416666666666665 0.023333333333333334 0.055
0 0.31166666666666665 0.4508333333333333 0.03666666666666667 0.075
0 0.8591666666666666 0.455 0.028333333333333332 0.056666666666666664
0 0.7683333333333333 0.45666666666666667 0.03 0.043333333333333335
0 0.8266666666666667 0.4583333333333333 0.02666666666666667 0.05333333333333334
0 0.8066666666666666 0.4691666666666667 0.02666666666666667 0.04833333333333333
