0 0.4533333333333333 0.5158333333333334 0.02 0.085
0 0.30916666666666665 0.5041666666666667 0.041666666666666664 0.045
0 0.43916666666666665 0.5 0.018333333333333333 0.07333333333333333
0 0.29833333333333334 0.465 0.03666666666666667 0.04666666666666667
0 0.26916666666666667 0.44 0.028333333333333332 0.06666666666666667
0 0.43166666666666664 0.4275 0.023333333333333334 0.08166666666666667
0 0.7483333333333333 0.3975 0.023333333333333334 0.051666666666666666
0 0.5516666666666666 0.3858333333333333 0.023333333333333334 0.07833333333333334
0 0.4075 0.37416666666666665 0.025 0.058333333333333334
0 0.58 0.3675 0.043333333333333335 0.041666666666666664
0 0.735 0.3541666666666667 0.02 0.058333333333333334
0 0.7433333333333333 0.34 0.016666666666666666 0.06
0 0.4033333333333333 0.3333333333333333 0.03666666666666667 0.043333333333333335
0 0.705 0.3175 0.02666666666666667 0.07833333333333334
0 0.6091666666666666 0.31833333333333336 0.035 0.06333333333333334
0 0.37916666666666665 0.3075 0.021666666666666667 0.035
0 0.5416666666666666 0.29 0.02666666666666667 0.07333333333333333
0 0.7316666666666667 0.31 0.0033333333333333335 0.0033333333333333335
0 0.7241666666666666 0.2808333333333333 0.028333333333333332 0.065
0 0.3883333333333333 0.2833333333333333 0.023333333333333334 0.05333333333333334
0 0.6066666666666667 0.26916666666666667 0.02666666666666667 0.07833333333333334
0 0.68 0.25166666666666665 0.016666666666666666 0.06333333333333334
0 0.6441666666666667 0.2525 0.021666666666666667 0.058333333333333334
0 0.3641666666666667 0.24833333333333332 0.03166666666666667 0.06
0 0.6225 0.23333333333333334 0.025 0.07666666666666666
0 0.745 0.2375 0.043333333333333335 0.041666666666666664
0 0.37 0.22333333333333333 0.02 0.05
0 0.77 0.2225 0.03333333333333333 0.051666666666666666
0 0.6558333333333334 0.2075 0.018333333333333333 0.065
0 0.6941666666666667 0.20166666666666666 0.03166666666666667 0.03666666666666667
0 0.63 0.19583333333333333 0.02 0.075
0 0.7316666666666667 0.18833333333333332 0.04666666666666667 0.03
0 0.3441666666666667 0.18333333333333332 0.03166666666666667 0.07
0 0.6691666666666667 0.17666666666666667 0.021666666666666667 0.08
0 0.635 0.15666666666666668 0.023333333333333334 0.06
0 0.7166666666666667 0.1275 0.04 0.03833333333333333
0 0.6166666666666667 0.12833333333333333 0.016666666666666666 0.06666666666666667
0 0.6583333333333333 0.1175 0.013333333333333334 0.065
0 0.6433333333333333 0.115 0.023333333333333334 0.07333333333333333
0 0.5283333333333333 0.1075 0.023333333333333334 0.051666666666666666
0 0.48 0.1 0.03333333333333333 0.05
0 0.6216666666666667 0.06916666666666667 0.02 0.07833333333333334
0 0.5375 0.060833333333333336 0.03166666666666667 0.035
0 0.49 0.06 0.03 0.04
0 0.5175 0.059166666666666666 0.028333333333333332 0.04833333333333333
0 0.4633333333333333 0.04833333333333333 0.03 0.043333333333333335
0 0.5025 0.0175 0.0016666666666666668 0.0016666666666666668
0 0.4741666666666667 0.020833333333333332 0.028333333333333332 0.041666666666666664
0 0.5016666666666667 0.013333333333333334 0.023333333333333334 0.02666666666666667
0 0.4483333333333333 0.013333333333333334 0.02666666666666667 0.02666666666666667
0 0.295 0.8266666666666667 0.02666666666666667 0.05
0 0.22666666666666666 0.8141666666666667 0.023333333333333334 0.07833333333333334
0 0.2575 0.7991666666666667 0.021666666666666667 0.08166666666666667
0 0.26916666666666667 0.7808333333333334 0.028333333333333332 0.058333333333333334
0 0.2866666666666667 0.73 0.023333333333333334 0.07333333333333333
0 0.45 0.6591666666666667 0.02666666666666667 0.058333333333333334
0 0.425 0.6008333333333333 0.03666666666666667 0.06833333333333333
0 0.4658333333333333 0.5883333333333334 0.021666666666666667 0.06333333333333334
0 0.45166666666666666 0.59 0.02666666666666667 0.07
0 0.3775 0.5616666666666666 0.045 0.03333333333333333
0 0.33416666666666667 0.545 0.03833333333333333 0.043333333333333335
