0 0.5491666666666667 0.5316666666666666 0.018333333333333333 0.06666666666666667
0 0.5641666666666667 0.5308333333333334 0.021666666666666667 0.065
0 0.5358333333333334 0.5125 0.018333333333333333 0.08833333333333333
0 0.5816666666666667 0.49916666666666665 0.02 0.08833333333333333
0 0.8266666666666667 0.49166666666666664 0.03 0.056666666666666664
0 0.8 0.4775 0.03 0.06833333333333333
0 0.8375 0.465 0.028333333333333332 0.056666666666666664
0 0.5416666666666666 0.4658333333333333 0.02 0.065
0 0.8091666666666667 0.445 0.035 0.03666666666666667
0 0.7133333333333334 0.4116666666666667 0.043333333333333335 0.03333333333333333
0 0.27166666666666667 0.3408333333333333 0.02 0.08833333333333333
0 0.3641666666666667 0.32416666666666666 0.03166666666666667 0.028333333333333332
0 0.24833333333333332 0.3175 0.03333333333333333 0.03166666666666667
0 0.225 0.27666666666666667 0.02666666666666667 0.056666666666666664
0 0.24666666666666667 0.2733333333333333 0.02 0.06
0 0.265 0.26666666666666666 0.02666666666666667 0.07
0 0.18416666666666667 0.2375 0.041666666666666664 0.058333333333333334
0 0.25083333333333335 0.22833333333333333 0.025 0.05
0 0.235 0.22916666666666666 0.02 0.06833333333333333
0 0.19666666666666666 0.22583333333333333 0.03666666666666667 0.051666666666666666
0 0.9075 0.2125 0.03833333333333333 0.03166666666666667
0 0.225 0.21083333333333334 0.02666666666666667 0.075
0 0.8616666666666667 0.19 0.04 0.043333333333333335
0 0.21583333333333332 0.18166666666666667 0.018333333333333333 0.06
0 0.19666666666666666 0.16916666666666666 0.023333333333333334 0.08166666666666667
0 0.20416666666666666 0.12166666666666667 0.025 0.07
0 0.4766666666666667 0.9008333333333334 0.03 0.058333333333333334
0 0.4816666666666667 0.8716666666666667 0.02 0.07
0 0.45666666666666667 0.8675 0.016666666666666666 0.06833333333333333
0 0.5008333333333334 0.8466666666666667 0.028333333333333332 0.06333333333333334
0 0.47333333333333333 0.8225 0.016666666666666666 0.075
0 0.49583333333333335 0.8 0.025 0.06
0 0.7941666666666667 0.7591666666666667 0.035 0.07833333333333334
0 0.5008333333333334 0.75 0.03166666666666667 0.05333333333333334
0 0.8091666666666667 0.68 0.03166666666666667 0.08
0 0.5516666666666666 0.6 0.043333333333333335 0.03333333333333333
0 0.5425 0.5816666666666667 0.04833333333333333 0.03666666666666667
