0 0.245 0.5575 0.016666666666666666 0.06166666666666667
0 0.7991666666666667 0.555 0.021666666666666667 0.08333333333333333
0 0.8125 0.5225 0.021666666666666667 0.08166666666666667
0 0.26416666666666666 0.5183333333333333 0.021666666666666667 0.06666666666666667
0 0.25083333333333335 0.49333333333333335 0.028333333333333332 0.07333333333333333
0 0.2775 0.4716666666666667 0.021666666666666667 0.07
0 0.19416666666666665 0.47333333333333333 0.03166666666666667 0.05333333333333334
0 0.21416666666666667 0.47 0.03166666666666667 0.056666666666666664
0 0.23666666666666666 0.46416666666666667 0.016666666666666666 0.07833333333333334
0 0.7858333333333334 0.4525 0.025 0.085
0 0.25 0.43 0.016666666666666666 0.03333333333333333
0 0.28 0.42083333333333334 0.016666666666666666 0.075
0 0.26666666666666666 0.42 0.023333333333333334 0.07666666666666666
0 0.2325 0.3908333333333333 0.041666666666666664 0.058333333333333334
0 0.25916666666666666 0.38416666666666666 0.035 0.06166666666666667
0 0.3075 0.38416666666666666 0.025 0.08833333333333333
0 0.6883333333333334 0.3625 0.04 0.058333333333333334
0 0.3283333333333333 0.35083333333333333 0.02 0.085
0 0.21333333333333335 0.33666666666666667 0.023333333333333334 0.06333333333333334
0 0.26666666666666666 0.3333333333333333 0.03666666666666667 0.06
0 0.29 0.3333333333333333 0.016666666666666666 0.07333333333333333
0 0.3125 0.31 0.018333333333333333 0.07666666666666666
0 0.695 0.30583333333333335 0.03333333333333333 0.055
0 0.27 0.2825 0.02666666666666667 0.058333333333333334
0 0.72 0.2758333333333333 0.02 0.08166666666666667
0 0.325 0.27416666666666667 0.03 0.075
0 0.2916666666666667 0.265 0.016666666666666666 0.06333333333333334
0 0.7066666666666667 0.25833333333333336 0.023333333333333334 0.043333333333333335
0 0.7125 0.21833333333333332 0.021666666666666667 0.06
0 0.2966666666666667 0.20916666666666667 0.02 0.07833333333333334
0 0.73 0.20666666666666667 0.016666666666666666 0.06333333333333334
0 0.2808333333333333 0.18333333333333332 0.015 0.06333333333333334
0 0.37333333333333335 0.175 0.023333333333333334 0.06
0 0.5658333333333333 0.17416666666666666 0.018333333333333333 0.08833333333333333
0 0.7358333333333333 0.16 0.03833333333333333 0.05
0 0.285 0.12583333333333332 0.023333333333333334 0.07166666666666667
0 0.38333333333333336 0.10333333333333333 0.016666666666666666 0.06666666666666667
0 0.5825 0.1 0.018333333333333333 0.06
0 0.5691666666666667 0.08166666666666667 0.021666666666666667 0.09666666666666666
0 0.2733333333333333 0.07583333333333334 0.023333333333333334 0.07833333333333334
0 0.39916666666666667 0.07333333333333333 0.021666666666666667 0.056666666666666664
0 0.44166666666666665 0.060833333333333336 0.016666666666666666 0.085
0 0.3725 0.055 0.018333333333333333 0.07
0 0.5883333333333334 0.035 0.016666666666666666 0.07
0 0.3908333333333333 0.034166666666666665 0.025 0.06833333333333333
0 0.4225 0.025833333333333333 0.018333333333333333 0.051666666666666666
0 0.41083333333333333 0.021666666666666667 0.018333333333333333 0.043333333333333335
0 0.58 0.015 0.016666666666666666 0.03
0 0.375 0.0125 0.02 0.025
0 0.25916666666666666 0.5858333333333333 0.018333333333333333 0.06833333333333333
0 0.8058333333333333 0.5891666666666666 0.021666666666666667 0.04833333333333333
0 0.8591666666666666 0.5708333333333333 0.015 0.035
0 0.8491666666666666 0.5675 0.03166666666666667 0.07833333333333334
