0 0.08 0.4625 0.03333333333333333 0.125
0 0.16833333333333333 0.465 0.03333333333333333 0.13666666666666666
0 0.12833333333333333 0.4866666666666667 0.03333333333333333 0.11
0 0.6691666666666667 0.5275 0.058333333333333334 0.105
0 0.7408333333333333 0.5558333333333333 0.06166666666666667 0.08166666666666667
0 0.61 0.5741666666666667 0.07333333333333333 0.08833333333333333
0 0.09916666666666667 0.62 0.055 0.11
0 0.7591666666666667 0.6391666666666667 0.075 0.058333333333333334
0 0.6391666666666667 0.6558333333333334 0.075 0.07166666666666667
0 0.25083333333333335 0.7083333333333334 0.045 0.11666666666666667
0 0.7075 0.7091666666666666 0.07833333333333334 0.06166666666666667
0 0.6275 0.7133333333333334 0.08166666666666667 0.05333333333333334
0 0.23 0.8833333333333333 0.03666666666666667 0.12333333333333334
0 0.17833333333333334 0.2225 0.07 0.058333333333333334
