0 0.08166666666666667 0.5258333333333334 0.05333333333333334 0.095
0 0.5158333333333334 0.5441666666666667 0.058333333333333334 0.095
0 0.035833333333333335 0.5941666666666666 0.055 0.08166666666666667
0 0.7758333333333334 0.9266666666666666 0.065 0.08333333333333333
0 0.25166666666666665 0.16166666666666665 0.056666666666666664 0.08666666666666667
0 0.4191666666666667 0.18666666666666668 0.051666666666666666 0.10666666666666667
0 0.405 0.019166666666666665 0.03 0.03833333333333333
0 0.6183333333333333 0.019166666666666665 0.03333333333333333 0.03833333333333333
0 0.23833333333333334 0.27416666666666667 0.05333333333333334 0.09166666666666666
0 0.9258333333333333 0.295 0.051666666666666666 0.09333333333333334
0 0.21333333333333335 0.4508333333333333 0.05 0.09166666666666666
