0 0.4625 0.5083333333333333 0.035 0.06333333333333334
0 0.8125 0.5158333333333334 0.055 0.03833333333333333
0 0.4741666666666667 0.5266666666666666 0.025 0.07
0 0.765 0.55 0.05 0.03666666666666667
0 0.44916666666666666 0.5666666666666667 0.028333333333333332 0.07333333333333333
0 0.25666666666666665 0.014166666666666666 0.02 0.028333333333333332
0 0.4608333333333333 0.5883333333333334 0.041666666666666664 0.05
0 0.5008333333333334 0.5941666666666666 0.018333333333333333 0.08833333333333333
0 0.6933333333333334 0.6225 0.04 0.06166666666666667
0 0.595 0.63 0.04666666666666667 0.05
0 0.51 0.64 0.016666666666666666 0.08666666666666667
0 0.6075 0.6475 0.03833333333333333 0.03166666666666667
0 0.6575 0.65 0.045 0.06333333333333334
0 0.4075 0.6541666666666667 0.035 0.065
0 0.5775 0.6766666666666666 0.045 0.03
0 0.49166666666666664 0.6775 0.03333333333333333 0.07166666666666667
0 0.52 0.685 0.016666666666666666 0.06666666666666667
0 0.37416666666666665 0.7041666666666667 0.035 0.06833333333333333
0 0.38333333333333336 0.7258333333333333 0.03333333333333333 0.06166666666666667
0 0.6216666666666667 0.735 0.03666666666666667 0.056666666666666664
0 0.5016666666666667 0.735 0.02666666666666667 0.056666666666666664
0 0.5191666666666667 0.735 0.03166666666666667 0.04666666666666667
0 0.5658333333333333 0.75 0.025 0.06333333333333334
0 0.635 0.7516666666666667 0.03666666666666667 0.03333333333333333
0 0.3958333333333333 0.755 0.041666666666666664 0.03
0 0.585 0.7641666666666667 0.04 0.041666666666666664
0 0.6033333333333334 0.7783333333333333 0.03666666666666667 0.02666666666666667
0 0.48833333333333334 0.7816666666666666 0.043333333333333335 0.03333333333333333
0 0.4075 0.7858333333333334 0.03833333333333333 0.051666666666666666
0 0.37583333333333335 0.7975 0.041666666666666664 0.055
0 0.5675 0.8116666666666666 0.03833333333333333 0.03666666666666667
0 0.6391666666666667 0.8166666666666667 0.045 0.03333333333333333
0 0.54 0.8183333333333334 0.03 0.07333333333333333
0 0.485 0.82 0.04 0.05
0 0.5091666666666667 0.83 0.025 0.07666666666666666
0 0.3875 0.8408333333333333 0.041666666666666664 0.04833333333333333
0 0.3375 0.84 0.021666666666666667 0.05
0 0.6583333333333333 0.8408333333333333 0.03666666666666667 0.041666666666666664
0 0.61 0.8475 0.04 0.065
0 0.37 0.8416666666666667 0.03333333333333333 0.05
0 0.31916666666666665 0.855 0.028333333333333332 0.07
0 0.5166666666666667 0.8633333333333333 0.016666666666666666 0.06666666666666667
0 0.2966666666666667 0.8675 0.03666666666666667 0.04833333333333333
0 0.4766666666666667 0.875 0.03333333333333333 0.07666666666666666
0 0.3333333333333333 0.8783333333333333 0.043333333333333335 0.06
0 0.6766666666666666 0.8925 0.04666666666666667 0.03166666666666667
0 0.24833333333333332 0.8925 0.05333333333333334 0.03833333333333333
0 0.3325 0.9075 0.028333333333333332 0.041666666666666664
0 0.2733333333333333 0.9191666666666667 0.02666666666666667 0.03833333333333333
0 0.30666666666666664 0.92 0.03 0.03
0 0.5558333333333333 0.08333333333333333 0.035 0.03333333333333333
0 0.5241666666666667 0.10666666666666667 0.04833333333333333 0.043333333333333335
0 0.41583333333333333 0.16666666666666666 0.03166666666666667 0.06333333333333334
0 0.4325 0.19083333333333333 0.025 0.07166666666666667
0 0.4325 0.21166666666666667 0.028333333333333332 0.06
0 0.4508333333333333 0.215 0.03833333333333333 0.04
0 0.38333333333333336 0.22666666666666666 0.03333333333333333 0.043333333333333335
0 0.3416666666666667 0.23083333333333333 0.043333333333333335 0.028333333333333332
0 0.40166666666666667 0.23916666666666667 0.03 0.058333333333333334
0 0.30833333333333335 0.23833333333333334 0.04 0.05
0 0.4275 0.25583333333333336 0.03166666666666667 0.035
0 0.35333333333333333 0.255 0.04 0.03333333333333333
0 0.3983333333333333 0.2708333333333333 0.03333333333333333 0.065
0 0.4025 0.28833333333333333 0.041666666666666664 0.03666666666666667
0 0.375 0.295 0.016666666666666666 0.04
0 0.4241666666666667 0.32166666666666666 0.03833333333333333 0.05333333333333334
0 0.37583333333333335 0.3358333333333333 0.035 0.058333333333333334
0 0.4191666666666667 0.3466666666666667 0.028333333333333332 0.03333333333333333
0 0.3825 0.37333333333333335 0.045 0.056666666666666664
