0 0.5625 0.5316666666666666 0.035 0.06666666666666667
0 0.45416666666666666 0.5066666666666667 0.045 0.03666666666666667
0 0.4216666666666667 0.49333333333333335 0.02666666666666667 0.07666666666666666
0 0.5683333333333334 0.49666666666666665 0.02666666666666667 0.056666666666666664
0 0.4025 0.48 0.025 0.06666666666666667
0 0.51 0.45916666666666667 0.04 0.03166666666666667
0 0.5541666666666667 0.4575 0.03166666666666667 0.055
0 0.57 0.4558333333333333 0.023333333333333334 0.065
0 0.5091666666666667 0.4266666666666667 0.041666666666666664 0.03
0 0.5475 0.415 0.018333333333333333 0.07
0 0.5891666666666666 0.41083333333333333 0.021666666666666667 0.08833333333333333
0 0.5658333333333333 0.4033333333333333 0.018333333333333333 0.07
0 0.5316666666666666 0.38083333333333336 0.02666666666666667 0.06833333333333333
0 0.5566666666666666 0.36 0.02 0.08
0 0.5783333333333334 0.36 0.02 0.056666666666666664
0 0.5808333333333333 0.30916666666666665 0.021666666666666667 0.07833333333333334
0 0.5616666666666666 0.3075 0.02666666666666667 0.07833333333333334
0 0.5691666666666667 0.2658333333333333 0.021666666666666667 0.075
0 0.6025 0.2 0.045 0.03333333333333333
0 0.47333333333333333 0.6233333333333333 0.02 0.07666666666666666
0 0.4375 0.5983333333333334 0.035 0.04
0 0.45166666666666666 0.5991666666666666 0.03 0.075
0 0.405 0.5891666666666666 0.03666666666666667 0.035
0 0.48333333333333334 0.5883333333333334 0.04 0.056666666666666664
0 0.5008333333333334 0.5808333333333333 0.03166666666666667 0.07166666666666667
0 0.44583333333333336 0.555 0.035 0.04666666666666667
0 0.4008333333333333 0.5591666666666667 0.035 0.045
0 0.5041666666666667 0.555 0.03166666666666667 0.07666666666666666
0 0.425 0.5516666666666666 0.023333333333333334 0.056666666666666664
0 0.4716666666666667 0.5466666666666666 0.03 0.04666666666666667
0 0.37916666666666665 0.5508333333333333 0.025 0.041666666666666664
0 0.53 0.54 0.03 0.04666666666666667
0 0.4033333333333333 0.5291666666666667 0.023333333333333334 0.06166666666666667
