0 0.5358333333333334 0.5616666666666666 0.021666666666666667 0.07666666666666666
0 0.5033333333333333 0.5425 0.02 0.08166666666666667
0 0.56 0.5233333333333333 0.02 0.07666666666666666
0 0.5275 0.5158333333333334 0.018333333333333333 0.058333333333333334
0 0.7625 0.49416666666666664 0.035 0.03833333333333333
0 0.5058333333333334 0.4925 0.021666666666666667 0.06166666666666667
0 0.7258333333333333 0.49666666666666665 0.041666666666666664 0.04
0 0.7816666666666666 0.49 0.03 0.05333333333333334
0 0.6133333333333333 0.4866666666666667 0.04666666666666667 0.03333333333333333
0 0.7391666666666666 0.46416666666666667 0.03833333333333333 0.035
0 0.345 0.4033333333333333 0.02666666666666667 0.05333333333333334
0 0.24833333333333332 0.3975 0.02 0.07833333333333334
0 0.21833333333333332 0.3958333333333333 0.03666666666666667 0.028333333333333332
0 0.22333333333333333 0.3591666666666667 0.02 0.058333333333333334
0 0.20416666666666666 0.35 0.018333333333333333 0.06666666666666667
0 0.24333333333333335 0.3425 0.03 0.075
0 0.17583333333333334 0.33 0.03833333333333333 0.056666666666666664
0 0.17583333333333334 0.32083333333333336 0.03833333333333333 0.07166666666666667
0 0.215 0.29583333333333334 0.016666666666666666 0.07166666666666667
0 0.23333333333333334 0.2941666666666667 0.023333333333333334 0.07166666666666667
0 0.20416666666666666 0.2758333333333333 0.021666666666666667 0.08166666666666667
0 0.19 0.26666666666666666 0.013333333333333334 0.08
0 0.17333333333333334 0.25916666666666666 0.02 0.085
0 0.8458333333333333 0.2575 0.035 0.045
0 0.795 0.23083333333333333 0.04 0.03166666666666667
0 0.18083333333333335 0.255 0.0016666666666666668 0.006666666666666667
0 0.4608333333333333 0.8458333333333333 0.021666666666666667 0.07833333333333334
0 0.49666666666666665 0.835 0.03666666666666667 0.06333333333333334
0 0.495 0.8258333333333333 0.03333333333333333 0.04833333333333333
0 0.445 0.7941666666666667 0.02 0.06833333333333333
0 0.5333333333333333 0.7916666666666666 0.03 0.06666666666666667
0 0.5 0.7883333333333333 0.04 0.03666666666666667
0 0.44666666666666666 0.7516666666666667 0.02 0.056666666666666664
0 0.54 0.585 0.02666666666666667 0.07
0 0.52 0.5641666666666667 0.016666666666666666 0.07833333333333334
