0 0.46166666666666667 0.5208333333333334 0.043333333333333335 0.058333333333333334
0 0.5958333333333333 0.5083333333333333 0.03833333333333333 0.05333333333333334
0 0.5758333333333333 0.49833333333333335 0.03166666666666667 0.056666666666666664
0 0.4708333333333333 0.49666666666666665 0.04833333333333333 0.06666666666666667
0 0.5275 0.47583333333333333 0.03166666666666667 0.065
0 0.4925 0.4691666666666667 0.045 0.045
0 0.5516666666666666 0.4666666666666667 0.03 0.06333333333333334
0 0.5716666666666667 0.46416666666666667 0.03 0.041666666666666664
0 0.5241666666666667 0.425 0.051666666666666666 0.04
0 0.5525 0.6716666666666666 0.041666666666666664 0.06666666666666667
0 0.5133333333333333 0.655 0.04 0.056666666666666664
0 0.62 0.64 0.05333333333333334 0.03333333333333333
0 0.5316666666666666 0.6341666666666667 0.043333333333333335 0.035
0 0.675 0.62 0.05 0.04666666666666667
0 0.6025 0.6125 0.045 0.04833333333333333
0 0.5766666666666667 0.6125 0.04666666666666667 0.04833333333333333
0 0.48833333333333334 0.61 0.05333333333333334 0.04
0 0.6366666666666667 0.6008333333333333 0.043333333333333335 0.045
0 0.6633333333333333 0.5966666666666667 0.043333333333333335 0.05333333333333334
0 0.5458333333333333 0.5975 0.051666666666666666 0.035
0 0.49666666666666665 0.575 0.05 0.04666666666666667
0 0.6991666666666667 0.5716666666666667 0.028333333333333332 0.05
0 0.5425 0.56 0.03833333333333333 0.06
0 0.5825 0.5625 0.025 0.065
0 0.6466666666666666 0.5641666666666667 0.04666666666666667 0.051666666666666666
0 0.4625 0.5583333333333333 0.041666666666666664 0.06666666666666667
0 0.5633333333333334 0.5575 0.03333333333333333 0.04833333333333333
0 0.6808333333333333 0.5416666666666666 0.03833333333333333 0.06333333333333334
0 0.605 0.5408333333333334 0.02666666666666667 0.065
0 0.6258333333333334 0.5425 0.03166666666666667 0.075
0 0.54 0.5216666666666666 0.03666666666666667 0.06
0 0.5133333333333333 0.5266666666666666 0.04 0.043333333333333335
0 0.655 0.5225 0.03333333333333333 0.051666666666666666
