0 0.2941666666666667 0.5475 0.028333333333333332 0.045
0 0.43166666666666664 0.5375 0.013333333333333334 0.04833333333333333
0 0.4625 0.5416666666666666 0.018333333333333333 0.043333333333333335
0 0.3275 0.5366666666666666 0.011666666666666667 0.043333333333333335
0 0.375 0.52 0.02 0.06333333333333334
0 0.44083333333333335 0.5183333333333333 0.011666666666666667 0.043333333333333335
0 0.31333333333333335 0.5166666666666667 0.016666666666666666 0.07
0 0.4175 0.5125 0.018333333333333333 0.04833333333333333
0 0.34 0.5066666666666667 0.023333333333333334 0.06666666666666667
0 0.44083333333333335 0.5341666666666667 0.0016666666666666668 0.0016666666666666668
0 0.40166666666666667 0.49916666666666665 0.023333333333333334 0.06833333333333333
0 0.3325 0.495 0.025 0.05
0 0.36583333333333334 0.4925 0.021666666666666667 0.065
0 0.43833333333333335 0.47833333333333333 0.023333333333333334 0.07
0 0.42083333333333334 0.4775 0.021666666666666667 0.051666666666666666
0 0.44583333333333336 0.4583333333333333 0.0016666666666666668 0.0033333333333333335
0 0.4191666666666667 0.43583333333333335 0.021666666666666667 0.03833333333333333
0 0.43333333333333335 0.43 0.02666666666666667 0.04
0 0.9316666666666666 0.4 0.03 0.05333333333333334
0 0.7816666666666666 0.37916666666666665 0.016666666666666666 0.051666666666666666
0 0.7691666666666667 0.3516666666666667 0.018333333333333333 0.05
0 0.7858333333333334 0.3408333333333333 0.018333333333333333 0.055
0 0.7641666666666667 0.31833333333333336 0.018333333333333333 0.06333333333333334
0 0.8008333333333333 0.29 0.015 0.04
0 0.7925 0.28833333333333333 0.018333333333333333 0.043333333333333335
0 0.78 0.2825 0.02 0.058333333333333334
0 0.8191666666666667 0.2683333333333333 0.018333333333333333 0.04666666666666667
0 0.8008333333333333 0.245 0.021666666666666667 0.043333333333333335
0 0.8366666666666667 0.24666666666666667 0.016666666666666666 0.04
0 0.8125 0.245 0.021666666666666667 0.043333333333333335
0 0.7891666666666667 0.23583333333333334 0.025 0.03833333333333333
0 0.8358333333333333 0.21833333333333332 0.021666666666666667 0.04666666666666667
0 0.8158333333333333 0.2 0.025 0.04666666666666667
0 0.8325 0.18833333333333332 0.021666666666666667 0.056666666666666664
0 0.7958333333333333 0.19 0.03166666666666667 0.056666666666666664
0 0.8558333333333333 0.17666666666666667 0.018333333333333333 0.07333333333333333
0 0.985 0.16416666666666666 0.03 0.04833333333333333
0 0.825 0.15166666666666667 0.03 0.05
0 0.8666666666666667 0.14833333333333334 0.013333333333333334 0.023333333333333334
0 0.8491666666666666 0.12 0.018333333333333333 0.05
0 0.8683333333333333 0.12333333333333334 0.02 0.04666666666666667
0 0.9833333333333333 0.115 0.03333333333333333 0.06
0 0.8425 0.08666666666666667 0.021666666666666667 0.06333333333333334
0 0.8641666666666666 0.08583333333333333 0.018333333333333333 0.055
0 0.8575 0.04666666666666667 0.018333333333333333 0.05
0 0.8408333333333333 0.0425 0.025 0.045
0 0.8716666666666667 0.019166666666666665 0.016666666666666666 0.03833333333333333
0 0.845 0.0125 0.02 0.025
0 0.86 0.010833333333333334 0.013333333333333334 0.021666666666666667
0 0.25166666666666665 0.775 0.023333333333333334 0.04666666666666667
0 0.25916666666666666 0.7325 0.018333333333333333 0.051666666666666666
0 0.2783333333333333 0.7233333333333334 0.016666666666666666 0.06333333333333334
0 0.25666666666666665 0.7008333333333333 0.02 0.045
0 0.44583333333333336 0.6925 0.011666666666666667 0.058333333333333334
0 0.275 0.685 0.02 0.06
0 0.24416666666666667 0.68 0.015 0.05333333333333334
0 0.4741666666666667 0.68 0.015 0.07
0 0.46166666666666667 0.6566666666666666 0.016666666666666666 0.06666666666666667
0 0.4225 0.655 0.015 0.056666666666666664
0 0.25833333333333336 0.6525 0.016666666666666666 0.07166666666666667
0 0.2833333333333333 0.6441666666666667 0.013333333333333334 0.051666666666666666
0 0.4483333333333333 0.6366666666666667 0.016666666666666666 0.05
0 0.2941666666666667 0.63 0.018333333333333333 0.06333333333333334
0 0.4041666666666667 0.6241666666666666 0.015 0.06166666666666667
0 0.4725 0.6266666666666667 0.021666666666666667 0.056666666666666664
0 0.42333333333333334 0.6133333333333333 0.016666666666666666 0.06
0 0.435 0.6116666666666667 0.013333333333333334 0.05333333333333334
0 0.4008333333333333 0.6075 0.0016666666666666668 0.0016666666666666668
0 0.3441666666666667 0.5983333333333334 0.015 0.05
0 0.3925 0.5975 0.015 0.058333333333333334
0 0.30833333333333335 0.595 0.016666666666666666 0.07
0 0.49583333333333335 0.5908333333333333 0.025 0.025
0 0.44333333333333336 0.5875 0.016666666666666666 0.051666666666666666
0 0.29333333333333333 0.5866666666666667 0.03333333333333333 0.05333333333333334
0 0.42583333333333334 0.5825 0.018333333333333333 0.051666666666666666
0 0.4666666666666667 0.5741666666666667 0.023333333333333334 0.045
0 0.45 0.5716666666666667 0.023333333333333334 0.05
0 0.4 0.565 0.016666666666666666 0.056666666666666664
0 0.38083333333333336 0.5608333333333333 0.015 0.065
0 0.33916666666666667 0.5558333333333333 0.021666666666666667 0.058333333333333334
0 0.41333333333333333 0.555 0.013333333333333334 0.05333333333333334
0 0.355 0.555 0.016666666666666666 0.06333333333333334
0 0.4216666666666667 0.5508333333333333 0.013333333333333334 0.041666666666666664
