0 0.42333333333333334 0.9741666666666666 0.02 0.051666666666666666
0 0.4216666666666667 0.5141666666666667 0.016666666666666666 0.08166666666666667
0 0.8925 0.5008333333333334 0.03166666666666667 0.058333333333333334
0 0.915 0.49916666666666665 0.02 0.055
0 0.3958333333333333 0.9725 0.018333333333333333 0.055
0 0.92 0.455 0.023333333333333334 0.06
0 0.9316666666666666 0.45416666666666666 0.016666666666666666 0.065
0 0.8833333333333333 0.45166666666666666 0.03333333333333333 0.043333333333333335
0 0.8966666666666666 0.4275 0.03333333333333333 0.055
0 0.9058333333333334 0.4 0.035 0.04666666666666667
0 0.8658333333333333 0.3975 0.025 0.07166666666666667
0 0.9075 0.39916666666666667 0.035 0.04833333333333333
0 0.3616666666666667 0.965 0.02 0.06333333333333334
0 0.9266666666666666 0.36666666666666664 0.02666666666666667 0.07
0 0.9125 0.36833333333333335 0.028333333333333332 0.05
0 0.38 0.9666666666666667 0.023333333333333334 0.06
0 0.93 0.3075 0.02 0.06833333333333333
0 0.9016666666666666 0.3025 0.04 0.041666666666666664
0 0.4141666666666667 0.96 0.025 0.043333333333333335
0 0.4533333333333333 0.2966666666666667 0.02666666666666667 0.08333333333333333
0 0.4716666666666667 0.2808333333333333 0.03333333333333333 0.07166666666666667
0 0.905 0.2733333333333333 0.03 0.04666666666666667
0 0.49916666666666665 0.26416666666666666 0.045 0.065
0 0.91 0.24083333333333334 0.03 0.051666666666666666
0 0.5691666666666667 0.24333333333333335 0.035 0.06666666666666667
0 0.49833333333333335 0.23083333333333333 0.02666666666666667 0.041666666666666664
0 0.4841666666666667 0.21916666666666668 0.025 0.065
0 0.8908333333333334 0.19666666666666666 0.041666666666666664 0.03333333333333333
0 0.515 0.1875 0.03 0.045
0 0.885 0.16416666666666666 0.04666666666666667 0.03833333333333333
0 0.8908333333333334 0.145 0.045 0.07333333333333333
0 0.9008333333333334 0.14083333333333334 0.025 0.06833333333333333
0 0.8491666666666666 0.125 0.045 0.06
0 0.8716666666666667 0.08166666666666667 0.03333333333333333 0.056666666666666664
0 0.42 0.02666666666666667 0.023333333333333334 0.05333333333333334
0 0.37833333333333335 0.9283333333333333 0.023333333333333334 0.06333333333333334
0 0.4083333333333333 0.9241666666666667 0.03666666666666667 0.028333333333333332
0 0.4483333333333333 0.8925 0.04 0.041666666666666664
0 0.4216666666666667 0.8791666666666667 0.02 0.065
0 0.6216666666666667 0.8675 0.043333333333333335 0.058333333333333334
0 0.47 0.8666666666666667 0.043333333333333335 0.03
0 0.9491666666666667 0.8625 0.028333333333333332 0.075
0 0.5058333333333334 0.8566666666666667 0.035 0.03
0 0.4033333333333333 0.8316666666666667 0.02 0.04
0 0.5841666666666666 0.8316666666666667 0.03166666666666667 0.08333333333333333
0 0.5325 0.8258333333333333 0.03833333333333333 0.03166666666666667
0 0.6516666666666666 0.8208333333333333 0.04666666666666667 0.041666666666666664
0 0.92 0.8175 0.03333333333333333 0.06833333333333333
0 0.7 0.8075 0.03333333333333333 0.04833333333333333
0 0.415 0.7991666666666667 0.02666666666666667 0.028333333333333332
0 0.5516666666666666 0.8 0.03666666666666667 0.03333333333333333
0 0.7258333333333333 0.7866666666666666 0.028333333333333332 0.07
0 0.44416666666666665 0.7741666666666667 0.028333333333333332 0.055
0 0.745 0.7733333333333333 0.02 0.03666666666666667
0 0.8916666666666667 0.7758333333333334 0.03333333333333333 0.07833333333333334
0 0.36666666666666664 0.9916666666666667 0.016666666666666666 0.016666666666666666
0 0.43083333333333335 0.7625 0.025 0.055
0 0.33 0.7608333333333334 0.03666666666666667 0.035
0 0.7166666666666667 0.76 0.03666666666666667 0.05333333333333334
0 0.3325 0.7366666666666667 0.028333333333333332 0.023333333333333334
0 0.42 0.7358333333333333 0.02 0.055
0 0.7483333333333333 0.7291666666666666 0.02666666666666667 0.045
0 0.8908333333333334 0.7266666666666667 0.025 0.06333333333333334
0 0.4533333333333333 0.72 0.03333333333333333 0.04
0 0.7183333333333334 0.7208333333333333 0.023333333333333334 0.058333333333333334
0 0.845 0.7141666666666666 0.02 0.07833333333333334
0 0.43833333333333335 0.7033333333333334 0.023333333333333334 0.056666666666666664
0 0.7333333333333333 0.6875 0.0033333333333333335 0.005
0 0.7391666666666666 0.7008333333333333 0.025 0.065
0 0.8616666666666667 0.6916666666666667 0.023333333333333334 0.06666666666666667
0 0.7666666666666667 0.6916666666666667 0.016666666666666666 0.08
0 0.49083333333333334 0.685 0.03833333333333333 0.04
0 0.4683333333333333 0.6783333333333333 0.03 0.043333333333333335
0 0.8575 0.7083333333333334 0.0016666666666666668 0.01
0 0.9 0.6591666666666667 0.023333333333333334 0.06166666666666667
0 0.48583333333333334 0.9816666666666667 0.028333333333333332 0.03666666666666667
0 0.5033333333333333 0.6425 0.03333333333333333 0.051666666666666666
0 0.8566666666666667 0.6391666666666667 0.023333333333333334 0.07166666666666667
0 0.8941666666666667 0.6291666666666667 0.025 0.065
0 0.7983333333333333 0.6091666666666666 0.023333333333333334 0.08833333333333333
0 0.9141666666666667 0.6066666666666667 0.021666666666666667 0.04666666666666667
0 0.84 0.6033333333333334 0.02 0.043333333333333335
0 0.8658333333333333 0.5875 0.025 0.058333333333333334
0 0.4925 0.5625 0.041666666666666664 0.051666666666666666
0 0.7091666666666666 0.5433333333333333 0.028333333333333332 0.07333333333333333
0 0.87 0.5458333333333333 0.02666666666666667 0.06166666666666667
0 0.7866666666666666 0.5416666666666666 0.02 0.08666666666666667
0 0.9208333333333333 0.5416666666666666 0.03166666666666667 0.07
0 0.8075 0.5358333333333334 0.021666666666666667 0.075
