0 0.27166666666666667 0.4775 0.03 0.028333333333333332
0 0.23666666666666666 0.48833333333333334 0.023333333333333334 0.04
0 0.21833333333333332 0.535 0.03 0.04
0 0.33916666666666667 0.5483333333333333 0.028333333333333332 0.03
0 0.30583333333333335 0.5533333333333333 0.03166666666666667 0.02666666666666667
0 0.33 0.5558333333333333 0.02 0.03166666666666667
0 0.3591666666666667 0.5725 0.03833333333333333 0.03833333333333333
0 0.3575 0.5991666666666666 0.021666666666666667 0.028333333333333332
0 0.3358333333333333 0.605 0.03166666666666667 0.03
0 0.29 0.6208333333333333 0.03333333333333333 0.03166666666666667
0 0.25666666666666665 0.6266666666666667 0.02 0.04666666666666667
0 0.325 0.63 0.03333333333333333 0.03333333333333333
0 0.6608333333333334 0.6758333333333333 0.035 0.03833333333333333
0 0.30583333333333335 0.6816666666666666 0.021666666666666667 0.07
0 0.6508333333333334 0.6891666666666667 0.03833333333333333 0.04833333333333333
0 0.18833333333333332 0.6908333333333333 0.023333333333333334 0.051666666666666666
0 0.6408333333333334 0.6975 0.021666666666666667 0.028333333333333332
0 0.14416666666666667 0.7008333333333333 0.025 0.025
0 0.2658333333333333 0.705 0.03166666666666667 0.043333333333333335
0 0.2916666666666667 0.7708333333333334 0.02 0.06166666666666667
0 0.6 0.9641666666666666 0.04 0.041666666666666664
0 0.3125 0.009166666666666667 0.021666666666666667 0.018333333333333333
0 0.3775 0.13333333333333333 0.021666666666666667 0.03333333333333333
0 0.35583333333333333 0.13833333333333334 0.018333333333333333 0.016666666666666666
0 0.335 0.14833333333333334 0.02 0.02
0 0.31916666666666665 0.15416666666666667 0.0016666666666666668 0.0016666666666666668
0 0.37333333333333335 0.1575 0.016666666666666666 0.028333333333333332
0 0.30583333333333335 0.15916666666666668 0.028333333333333332 0.03833333333333333
0 0.3225 0.16166666666666665 0.025 0.02666666666666667
0 0.365 0.1675 0.023333333333333334 0.035
0 0.33 0.17 0.02666666666666667 0.02
0 0.3475 0.013333333333333334 0.018333333333333333 0.02666666666666667
0 0.3491666666666667 0.16833333333333333 0.021666666666666667 0.043333333333333335
0 0.3075 0.18583333333333332 0.028333333333333332 0.03166666666666667
0 0.3333333333333333 0.185 0.02666666666666667 0.03333333333333333
0 0.285 0.19166666666666668 0.02 0.03
0 0.31583333333333335 0.2375 0.015 0.055
0 0.32416666666666666 0.23916666666666667 0.018333333333333333 0.045
0 0.6583333333333333 0.24333333333333335 0.03333333333333333 0.04
0 0.3325 0.25 0.011666666666666667 0.043333333333333335
0 0.32416666666666666 0.2758333333333333 0.028333333333333332 0.03166666666666667
0 0.2941666666666667 0.31333333333333335 0.025 0.043333333333333335
0 0.26 0.3283333333333333 0.02 0.04666666666666667
0 0.29083333333333333 0.3275 0.021666666666666667 0.03166666666666667
0 0.27166666666666667 0.3358333333333333 0.02 0.03166666666666667
0 0.27666666666666667 0.35 0.023333333333333334 0.03333333333333333
0 0.23916666666666667 0.3575 0.018333333333333333 0.035
0 0.25666666666666665 0.3641666666666667 0.02666666666666667 0.025
0 0.3325 0.034166666666666665 0.025 0.03166666666666667
0 0.5925 0.3675 0.025 0.041666666666666664
0 0.6066666666666667 0.37583333333333335 0.023333333333333334 0.03833333333333333
0 0.22583333333333333 0.38166666666666665 0.021666666666666667 0.03333333333333333
0 0.6241666666666666 0.3825 0.025 0.041666666666666664
0 0.2475 0.38333333333333336 0.021666666666666667 0.02
0 0.26916666666666667 0.38333333333333336 0.028333333333333332 0.02666666666666667
0 0.22166666666666668 0.3983333333333333 0.02666666666666667 0.04666666666666667
0 0.24416666666666667 0.4025 0.025 0.025
0 0.26666666666666666 0.4083333333333333 0.02666666666666667 0.02666666666666667
0 0.22833333333333333 0.41833333333333333 0.03333333333333333 0.02666666666666667
0 0.25583333333333336 0.4266666666666667 0.028333333333333332 0.02666666666666667
0 0.24083333333333334 0.445 0.018333333333333333 0.023333333333333334
0 0.225 0.4475 0.02 0.041666666666666664
0 0.25916666666666666 0.4533333333333333 0.025 0.043333333333333335
0 0.205 0.45416666666666666 0.02 0.055
0 0.275 0.4533333333333333 0.03 0.03333333333333333
0 0.1775 0.4558333333333333 0.025 0.06166666666666667
