0 0.19 0.44583333333333336 0.06666666666666667 0.095
0 0.43916666666666665 0.43166666666666664 0.03166666666666667 0.10333333333333333
0 0.6983333333333334 0.965 0.03 0.07
0 0.2966666666666667 0.42083333333333334 0.03666666666666667 0.10833333333333334
0 0.3575 0.4066666666666667 0.045 0.1
0 0.3275 0.95 0.03833333333333333 0.1
0 0.385 0.825 0.03666666666666667 0.10666666666666667
0 0.25583333333333336 0.9925 0.035 0.015
0 0.16166666666666665 0.6775 0.03333333333333333 0.11166666666666666
0 0.2975 0.54 0.03833333333333333 0.12666666666666668
