0 0.5808333333333333 0.4766666666666667 0.015 0.07666666666666666
0 0.5433333333333333 0.4866666666666667 0.02 0.04666666666666667
0 0.5925 0.5066666666666667 0.015 0.06
0 0.5083333333333333 0.5083333333333333 0.03666666666666667 0.02666666666666667
0 0.5666666666666667 0.5116666666666667 0.02 0.043333333333333335
0 0.5316666666666666 0.5183333333333333 0.03333333333333333 0.03666666666666667
0 0.5433333333333333 0.53 0.02666666666666667 0.04
0 0.6025 0.53 0.011666666666666667 0.06666666666666667
0 0.5633333333333334 0.5425 0.03333333333333333 0.025
0 0.5866666666666667 0.5516666666666666 0.023333333333333334 0.04
0 0.5316666666666666 0.5666666666666667 0.03 0.02666666666666667
0 0.5591666666666667 0.5691666666666667 0.028333333333333332 0.028333333333333332
0 0.5025 0.5741666666666667 0.025 0.035
0 0.5191666666666667 0.5775 0.03166666666666667 0.03166666666666667
0 0.595 0.5758333333333333 0.03666666666666667 0.03166666666666667
0 0.5941666666666666 0.5908333333333333 0.03166666666666667 0.025
0 0.5625 0.5991666666666666 0.028333333333333332 0.03833333333333333
0 0.5925 0.6108333333333333 0.028333333333333332 0.03833333333333333
0 0.7066666666666667 0.05333333333333334 0.03666666666666667 0.03666666666666667
0 0.5675 0.6225 0.025 0.035
0 0.5708333333333333 0.6583333333333333 0.025 0.05333333333333334
0 0.5475 0.6641666666666667 0.028333333333333332 0.03166666666666667
0 0.5308333333333334 0.7008333333333333 0.03166666666666667 0.045
0 0.5483333333333333 0.7041666666666667 0.02 0.055
0 0.535 0.7375 0.016666666666666666 0.051666666666666666
0 0.515 0.7466666666666667 0.02666666666666667 0.02666666666666667
0 0.5333333333333333 0.7683333333333333 0.03 0.05
0 0.5108333333333334 0.7708333333333334 0.028333333333333332 0.03166666666666667
0 0.5025 0.8025 0.028333333333333332 0.028333333333333332
0 0.4708333333333333 0.8075 0.028333333333333332 0.03166666666666667
0 0.525 0.8058333333333333 0.02666666666666667 0.03166666666666667
0 0.5258333333333334 0.8216666666666667 0.035 0.043333333333333335
0 0.49 0.8291666666666667 0.03 0.03166666666666667
0 0.48583333333333334 0.8525 0.03166666666666667 0.028333333333333332
0 0.69 0.0925 0.03333333333333333 0.04833333333333333
0 0.6733333333333333 0.09833333333333333 0.02666666666666667 0.05333333333333334
0 0.6475 0.12666666666666668 0.028333333333333332 0.05333333333333334
0 0.6241666666666666 0.1325 0.028333333333333332 0.035
0 0.6466666666666666 0.1375 0.03 0.03833333333333333
0 0.6008333333333333 0.14583333333333334 0.03166666666666667 0.058333333333333334
0 0.6175 0.16916666666666666 0.025 0.04833333333333333
0 0.6258333333333334 0.17833333333333334 0.025 0.043333333333333335
0 0.64 0.1825 0.02 0.06166666666666667
0 0.6183333333333333 0.22083333333333333 0.023333333333333334 0.06166666666666667
0 0.5766666666666667 0.2175 0.02 0.065
0 0.5908333333333333 0.23333333333333334 0.025 0.05333333333333334
0 0.595 0.24916666666666668 0.023333333333333334 0.06166666666666667
0 0.5725 0.31083333333333335 0.018333333333333333 0.065
0 0.5591666666666667 0.35333333333333333 0.021666666666666667 0.056666666666666664
0 0.5866666666666667 0.37333333333333335 0.013333333333333334 0.056666666666666664
0 0.5725 0.3933333333333333 0.015 0.07333333333333333
0 0.5608333333333333 0.3933333333333333 0.018333333333333333 0.06333333333333334
0 0.5666666666666667 0.445 0.013333333333333334 0.06
0 0.5575 0.4625 0.015 0.07166666666666667
