0 0.3883333333333333 0.43083333333333335 0.05333333333333334 0.07166666666666667
0 0.30083333333333334 0.3441666666666667 0.041666666666666664 0.11166666666666666
0 0.010833333333333334 0.3125 0.021666666666666667 0.06166666666666667
0 0.35083333333333333 0.2775 0.058333333333333334 0.085
0 0.17333333333333334 0.24416666666666667 0.06333333333333334 0.08833333333333333
0 0.33666666666666667 0.20083333333333334 0.03 0.10833333333333334
0 0.22 0.15416666666666667 0.07333333333333333 0.06166666666666667
0 0.61 0.9366666666666666 0.07666666666666666 0.056666666666666664
0 0.35833333333333334 0.09 0.05 0.08333333333333333
0 0.3566666666666667 0.0175 0.03333333333333333 0.035
0 0.0325 0.885 0.04833333333333333 0.1
0 0.7491666666666666 0.8608333333333333 0.075 0.07166666666666667
0 0.4558333333333333 0.8533333333333334 0.075 0.06
0 0.5608333333333333 0.8166666666666667 0.058333333333333334 0.1
0 0.52 0.7716666666666666 0.07333333333333333 0.05
0 0.7716666666666666 0.7641666666666667 0.07666666666666666 0.051666666666666666
0 0.6141666666666666 0.745 0.07166666666666667 0.06
0 0.7033333333333334 0.6625 0.06333333333333334 0.09833333333333333
0 0.295 0.6008333333333333 0.06 0.08833333333333333
