0 0.26 0.4791666666666667 0.016666666666666666 0.06166666666666667
0 0.24083333333333334 0.4925 0.018333333333333333 0.065
0 0.5983333333333334 0.034166666666666665 0.02666666666666667 0.03166666666666667
0 0.5508333333333333 0.04083333333333333 0.03166666666666667 0.045
0 0.2 0.5666666666666667 0.02 0.06666666666666667
0 0.585 0.6283333333333333 0.03 0.06666666666666667
0 0.6091666666666666 0.0033333333333333335 0.008333333333333333 0.006666666666666667
0 0.5666666666666667 0.7033333333333334 0.023333333333333334 0.07666666666666666
0 0.24333333333333335 0.06333333333333334 0.023333333333333334 0.056666666666666664
0 0.2991666666666667 0.06333333333333334 0.035 0.04
0 0.2708333333333333 0.06666666666666667 0.025 0.05333333333333334
0 0.6566666666666666 0.7966666666666666 0.03333333333333333 0.04
0 0.275 0.0025 0.023333333333333334 0.005
0 0.47333333333333333 0.82 0.023333333333333334 0.07666666666666666
0 0.3283333333333333 0.0725 0.02 0.07166666666666667
0 0.6025 0.84 0.025 0.02666666666666667
0 0.6391666666666667 0.8433333333333334 0.041666666666666664 0.06
0 0.6108333333333333 0.8808333333333334 0.035 0.03166666666666667
0 0.64 0.8825 0.02666666666666667 0.075
0 0.6058333333333333 0.9066666666666666 0.035 0.03
0 0.5683333333333334 0.915 0.04 0.04666666666666667
0 0.5341666666666667 0.08333333333333333 0.03166666666666667 0.04
0 0.5491666666666667 0.9758333333333333 0.028333333333333332 0.04833333333333333
0 0.29083333333333333 0.095 0.018333333333333333 0.043333333333333335
0 0.2575 0.09416666666666666 0.028333333333333332 0.03833333333333333
0 0.5641666666666667 0.1 0.045 0.03333333333333333
0 0.30333333333333334 0.1025 0.023333333333333334 0.055
0 0.5758333333333333 0.0075 0.028333333333333332 0.015
0 0.2633333333333333 0.12833333333333333 0.02666666666666667 0.03333333333333333
0 0.6525 0.13583333333333333 0.025 0.075
0 0.24333333333333335 0.13166666666666665 0.02 0.056666666666666664
0 0.36583333333333334 0.0075 0.015 0.015
0 0.2991666666666667 0.14916666666666667 0.018333333333333333 0.06166666666666667
0 0.265 0.15583333333333332 0.023333333333333334 0.041666666666666664
0 0.6533333333333333 0.16916666666666666 0.013333333333333334 0.03833333333333333
0 0.2875 0.17083333333333334 0.018333333333333333 0.07166666666666667
0 0.45166666666666666 0.015 0.023333333333333334 0.03
0 0.26666666666666666 0.19083333333333333 0.023333333333333334 0.055
0 0.305 0.0125 0.02 0.025
0 0.6375 0.1975 0.021666666666666667 0.055
0 0.25583333333333336 0.20333333333333334 0.028333333333333332 0.06333333333333334
0 0.2525 0.22583333333333333 0.025 0.04833333333333333
0 0.23833333333333334 0.22833333333333333 0.016666666666666666 0.056666666666666664
0 0.5475 0.018333333333333333 0.021666666666666667 0.03666666666666667
0 0.3258333333333333 0.016666666666666666 0.018333333333333333 0.03333333333333333
0 0.2791666666666667 0.25916666666666666 0.018333333333333333 0.07166666666666667
0 0.25916666666666666 0.26416666666666666 0.028333333333333332 0.045
0 0.2225 0.2866666666666667 0.025 0.06666666666666667
0 0.255 0.30333333333333334 0.023333333333333334 0.05333333333333334
0 0.2625 0.020833333333333332 0.028333333333333332 0.041666666666666664
0 0.6008333333333333 0.023333333333333334 0.041666666666666664 0.04666666666666667
0 0.27166666666666667 0.31 0.03 0.05
0 0.2833333333333333 0.023333333333333334 0.02666666666666667 0.04
0 0.5675 0.34833333333333333 0.035 0.03666666666666667
0 0.3925 0.0275 0.028333333333333332 0.055
0 0.25833333333333336 0.3425 0.02 0.04833333333333333
0 0.49083333333333334 0.3525 0.021666666666666667 0.075
0 0.5425 0.3566666666666667 0.03833333333333333 0.043333333333333335
0 0.5841666666666666 0.3566666666666667 0.03166666666666667 0.06
0 0.35333333333333333 0.028333333333333332 0.016666666666666666 0.056666666666666664
0 0.2791666666666667 0.36833333333333335 0.025 0.06
0 0.2425 0.3775 0.021666666666666667 0.051666666666666666
0 0.42583333333333334 0.029166666666666667 0.035 0.041666666666666664
0 0.5408333333333334 0.38666666666666666 0.021666666666666667 0.04666666666666667
0 0.25666666666666665 0.38666666666666666 0.016666666666666666 0.056666666666666664
0 0.2708333333333333 0.39166666666666666 0.021666666666666667 0.05
0 0.5558333333333333 0.39416666666666667 0.025 0.055
0 0.24333333333333335 0.4175 0.02 0.058333333333333334
0 0.5158333333333334 0.4225 0.021666666666666667 0.06166666666666667
0 0.2683333333333333 0.43 0.016666666666666666 0.05333333333333334
0 0.285 0.43333333333333335 0.016666666666666666 0.06
0 0.2325 0.4575 0.018333333333333333 0.058333333333333334
0 0.57 0.034166666666666665 0.023333333333333334 0.04833333333333333
