0 0.8575 0.7083333333333334 0.035 0.04666666666666667
0 0.7625 0.74 0.03833333333333333 0.043333333333333335
0 0.5241666666666667 0.7725 0.021666666666666667 0.07166666666666667
0 0.3075 0.7766666666666666 0.021666666666666667 0.07333333333333333
0 0.405 0.8041666666666667 0.02 0.075
0 0.8675 0.815 0.03166666666666667 0.056666666666666664
0 0.37416666666666665 0.8291666666666667 0.021666666666666667 0.07166666666666667
0 0.7275 0.8466666666666667 0.021666666666666667 0.07333333333333333
0 0.5058333333333334 0.845 0.018333333333333333 0.07333333333333333
0 0.7625 0.8958333333333334 0.025 0.07166666666666667
0 0.1725 0.9041666666666667 0.035 0.04833333333333333
0 0.14916666666666667 0.9375 0.03833333333333333 0.045
