0 0.49833333333333335 0.54 0.05 0.03333333333333333
0 0.4925 0.5125 0.025 0.03833333333333333
0 0.5208333333333334 0.49833333333333335 0.015 0.07333333333333333
0 0.5633333333333334 0.49833333333333335 0.03666666666666667 0.043333333333333335
0 0.6758333333333333 0.4866666666666667 0.018333333333333333 0.056666666666666664
0 0.5116666666666667 0.4825 0.02 0.07166666666666667
0 0.04833333333333333 0.47833333333333333 0.02666666666666667 0.07
0 0.5325 0.4766666666666667 0.018333333333333333 0.07666666666666666
0 0.5925 0.47333333333333333 0.035 0.04
0 0.019166666666666665 0.4691666666666667 0.035 0.07833333333333334
0 0.6333333333333333 0.46416666666666667 0.043333333333333335 0.03166666666666667
0 0.028333333333333332 0.465 0.02 0.05333333333333334
0 0.58 0.4608333333333333 0.03333333333333333 0.041666666666666664
0 0.6133333333333333 0.44583333333333336 0.04 0.03166666666666667
0 0.6525 0.43916666666666665 0.025 0.065
0 0.5625 0.44333333333333336 0.03166666666666667 0.03333333333333333
0 0.6891666666666667 0.44416666666666665 0.03166666666666667 0.051666666666666666
0 0.5158333333333334 0.4241666666666667 0.021666666666666667 0.065
0 0.625 0.425 0.03666666666666667 0.04
0 0.5775 0.42833333333333334 0.03833333333333333 0.03
0 0.5391666666666667 0.4216666666666667 0.021666666666666667 0.07333333333333333
0 0.6691666666666667 0.41833333333333333 0.015 0.07666666666666666
0 0.5875 0.41 0.035 0.03
0 0.029166666666666667 0.4041666666666667 0.015 0.06166666666666667
0 0.6875 0.4041666666666667 0.028333333333333332 0.06166666666666667
0 0.5166666666666667 0.3908333333333333 0.02666666666666667 0.06166666666666667
0 0.615 0.3933333333333333 0.03666666666666667 0.03
0 0.6441666666666667 0.39666666666666667 0.03833333333333333 0.02666666666666667
0 0.050833333333333335 0.3883333333333333 0.03833333333333333 0.06333333333333334
0 0.5483333333333333 0.38166666666666665 0.03333333333333333 0.07
0 0.5558333333333333 0.37583333333333335 0.021666666666666667 0.055
0 0.58 0.3725 0.03333333333333333 0.041666666666666664
0 0.6575 0.37666666666666665 0.041666666666666664 0.03
0 0.6208333333333333 0.3675 0.028333333333333332 0.028333333333333332
0 0.7058333333333333 0.365 0.041666666666666664 0.03666666666666667
0 0.7508333333333334 0.3641666666666667 0.028333333333333332 0.06833333333333333
0 0.6491666666666667 0.35083333333333333 0.03833333333333333 0.028333333333333332
0 0.7141666666666666 0.3433333333333333 0.041666666666666664 0.03
0 0.5441666666666667 0.3275 0.03166666666666667 0.04833333333333333
0 0.6716666666666666 0.33 0.03333333333333333 0.03333333333333333
0 0.7308333333333333 0.3225 0.035 0.03166666666666667
0 0.7008333333333333 0.31833333333333336 0.041666666666666664 0.03
0 0.5225 0.31583333333333335 0.03166666666666667 0.058333333333333334
0 0.655 0.295 0.04 0.03666666666666667
0 0.6208333333333333 0.2866666666666667 0.041666666666666664 0.05333333333333334
0 0.008333333333333333 0.7941666666666667 0.016666666666666666 0.06166666666666667
0 0.005833333333333334 0.7425 0.011666666666666667 0.095
