0 0.5833333333333334 0.4041666666666667 0.03 0.021666666666666667
0 0.5516666666666666 0.39916666666666667 0.03 0.028333333333333332
0 0.6208333333333333 0.3775 0.03166666666666667 0.03833333333333333
0 0.5958333333333333 0.37416666666666665 0.028333333333333332 0.028333333333333332
0 0.5625 0.37416666666666665 0.035 0.025
0 0.5333333333333333 0.37416666666666665 0.03 0.035
0 0.2991666666666667 0.375 0.025 0.06333333333333334
0 0.5075 0.37166666666666665 0.03833333333333333 0.04
0 0.5766666666666667 0.35833333333333334 0.03 0.02666666666666667
0 0.5475 0.34833333333333333 0.035 0.023333333333333334
0 0.5933333333333334 0.3441666666666667 0.03333333333333333 0.03166666666666667
0 0.4075 0.33166666666666667 0.025 0.06
0 0.6183333333333333 0.33 0.02666666666666667 0.03
0 0.6375 0.3275 0.028333333333333332 0.051666666666666666
0 0.31333333333333335 0.31666666666666665 0.013333333333333334 0.06666666666666667
0 0.5775 0.31666666666666665 0.028333333333333332 0.03
0 0.6033333333333334 0.31 0.02666666666666667 0.02666666666666667
0 0.6341666666666667 0.3025 0.035 0.028333333333333332
0 0.3308333333333333 0.2833333333333333 0.025 0.07666666666666666
0 0.62 0.2808333333333333 0.03333333333333333 0.03166666666666667
0 0.6383333333333333 0.2783333333333333 0.03 0.043333333333333335
0 0.205 0.9433333333333334 0.016666666666666666 0.03666666666666667
0 0.18916666666666668 0.8858333333333334 0.021666666666666667 0.06833333333333333
0 0.19416666666666665 0.805 0.025 0.07333333333333333
0 0.21916666666666668 0.7358333333333333 0.021666666666666667 0.058333333333333334
0 0.2125 0.98 0.021666666666666667 0.04
0 0.25916666666666666 0.5691666666666667 0.018333333333333333 0.07833333333333334
