0 0.09916666666666667 0.4558333333333333 0.045 0.051666666666666666
0 0.6608333333333334 0.45666666666666667 0.03833333333333333 0.06666666666666667
0 0.17916666666666667 0.4666666666666667 0.015 0.056666666666666664
0 0.10166666666666667 0.48833333333333334 0.03 0.03
0 0.20333333333333334 0.49083333333333334 0.03333333333333333 0.045
0 0.4625 0.49166666666666664 0.041666666666666664 0.03
0 0.6958333333333333 0.49833333333333335 0.028333333333333332 0.04
0 0.67 0.5016666666666667 0.03666666666666667 0.043333333333333335
0 0.19833333333333333 0.5183333333333333 0.02666666666666667 0.05333333333333334
0 0.6091666666666666 0.5241666666666667 0.025 0.08166666666666667
0 0.23916666666666667 0.5291666666666667 0.041666666666666664 0.04833333333333333
0 0.6641666666666667 0.535 0.03166666666666667 0.04
0 0.6983333333333334 0.5391666666666667 0.016666666666666666 0.051666666666666666
0 0.22416666666666665 0.5375 0.028333333333333332 0.04833333333333333
0 0.6716666666666666 0.5491666666666667 0.02 0.055
0 0.6833333333333333 0.5658333333333333 0.02 0.06166666666666667
0 0.7108333333333333 0.57 0.018333333333333333 0.08333333333333333
0 0.6508333333333334 0.5741666666666667 0.021666666666666667 0.035
0 0.25916666666666666 0.5766666666666667 0.03833333333333333 0.05
0 0.6883333333333334 0.5933333333333334 0.013333333333333334 0.06333333333333334
0 0.6716666666666666 0.6041666666666666 0.016666666666666666 0.055
0 0.5633333333333334 0.6016666666666667 0.02 0.08666666666666667
0 0.6991666666666667 0.6058333333333333 0.015 0.075
0 0.6541666666666667 0.6108333333333333 0.018333333333333333 0.06166666666666667
0 0.6783333333333333 0.6358333333333334 0.016666666666666666 0.065
0 0.5525 0.6475 0.018333333333333333 0.06833333333333333
0 0.6908333333333333 0.6558333333333334 0.018333333333333333 0.058333333333333334
0 0.7075 0.66 0.018333333333333333 0.07
0 0.25083333333333335 0.6691666666666667 0.03833333333333333 0.058333333333333334
0 0.7158333333333333 0.6716666666666666 0.025 0.08
0 0.5625 0.6933333333333334 0.018333333333333333 0.07666666666666666
0 0.6766666666666666 0.7025 0.02 0.07833333333333334
0 0.47333333333333333 0.7058333333333333 0.03 0.075
0 0.19 0.7225 0.023333333333333334 0.08833333333333333
0 0.6966666666666667 0.7316666666666667 0.03333333333333333 0.06333333333333334
0 0.705 0.7483333333333333 0.02 0.07666666666666666
0 0.7025 0.8166666666666667 0.028333333333333332 0.06333333333333334
0 0.7025 0.8308333333333333 0.028333333333333332 0.08833333333333333
0 0.7083333333333334 0.885 0.02 0.06
0 0.6958333333333333 0.9216666666666666 0.018333333333333333 0.07
0 0.71 0.9125 0.02 0.08833333333333333
0 0.20833333333333334 0.915 0.023333333333333334 0.09
0 0.1175 0.059166666666666666 0.035 0.075
0 0.7225 0.9316666666666666 0.021666666666666667 0.08333333333333333
0 0.23083333333333333 0.9466666666666667 0.03166666666666667 0.07333333333333333
0 0.26 0.9641666666666666 0.04 0.06166666666666667
0 0.6991666666666667 0.9741666666666666 0.021666666666666667 0.051666666666666666
0 0.31333333333333335 0.9766666666666667 0.03666666666666667 0.04666666666666667
0 0.25083333333333335 0.985 0.028333333333333332 0.03
0 0.23166666666666666 0.9808333333333333 0.023333333333333334 0.03833333333333333
0 0.13 0.11 0.04 0.06
0 0.14333333333333334 0.17333333333333334 0.02 0.07
0 0.1875 0.24083333333333334 0.028333333333333332 0.051666666666666666
0 0.24666666666666667 0.24916666666666668 0.03666666666666667 0.051666666666666666
0 0.17 0.255 0.016666666666666666 0.06666666666666667
0 0.15583333333333332 0.265 0.025 0.056666666666666664
0 0.37666666666666665 0.2708333333333333 0.03333333333333333 0.021666666666666667
0 0.29 0.26916666666666667 0.04666666666666667 0.04833333333333333
0 0.18583333333333332 0.2733333333333333 0.021666666666666667 0.05
0 0.355 0.2866666666666667 0.03666666666666667 0.04
0 0.735 0.29083333333333333 0.02 0.09166666666666666
0 0.7525 0.2975 0.021666666666666667 0.06166666666666667
0 0.38 0.295 0.04 0.07
0 0.2075 0.30416666666666664 0.021666666666666667 0.07166666666666667
0 0.18666666666666668 0.31416666666666665 0.02666666666666667 0.058333333333333334
0 0.14916666666666667 0.31916666666666665 0.018333333333333333 0.04833333333333333
0 0.35083333333333333 0.3333333333333333 0.045 0.04666666666666667
0 0.7475 0.33666666666666667 0.021666666666666667 0.06333333333333334
0 0.23083333333333333 0.33916666666666667 0.028333333333333332 0.04833333333333333
0 0.21666666666666667 0.35833333333333334 0.03 0.04
0 0.2575 0.36083333333333334 0.03833333333333333 0.065
0 0.19 0.35833333333333334 0.023333333333333334 0.05333333333333334
0 0.7358333333333333 0.36666666666666664 0.021666666666666667 0.06333333333333334
0 0.6516666666666666 0.37833333333333335 0.03333333333333333 0.03
0 0.3883333333333333 0.3883333333333333 0.03333333333333333 0.06666666666666667
0 0.24166666666666667 0.39666666666666667 0.04 0.03333333333333333
0 0.7083333333333334 0.40166666666666667 0.03333333333333333 0.05333333333333334
0 0.2925 0.4166666666666667 0.041666666666666664 0.03333333333333333
0 0.4241666666666667 0.42333333333333334 0.041666666666666664 0.02666666666666667
0 0.1775 0.4216666666666667 0.028333333333333332 0.03
0 0.4633333333333333 0.4483333333333333 0.04 0.04
0 0.32 0.445 0.03666666666666667 0.03333333333333333
0 0.7058333333333333 0.4508333333333333 0.028333333333333332 0.058333333333333334
0 0.6825 0.45666666666666667 0.035 0.043333333333333335
0 0.44 0.45416666666666666 0.04 0.03833333333333333
0 0.19583333333333333 0.4575 0.035 0.041666666666666664
