0 0.385 0.5075 0.04 0.125
0 0.7133333333333334 0.5291666666666667 0.07666666666666666 0.075
0 0.8616666666666667 0.5458333333333333 0.06333333333333334 0.07833333333333334
0 0.32666666666666666 0.5575 0.04666666666666667 0.12833333333333333
0 0.5233333333333333 0.6033333333333334 0.05333333333333334 0.1
0 0.12416666666666666 0.050833333333333335 0.07166666666666667 0.075
0 0.3491666666666667 0.6541666666666667 0.028333333333333332 0.115
0 0.7016666666666667 0.66 0.056666666666666664 0.11
0 0.4708333333333333 0.7 0.06833333333333333 0.06333333333333334
0 0.32666666666666666 0.7683333333333333 0.05 0.09
0 0.9175 0.7833333333333333 0.058333333333333334 0.11
0 0.04833333333333333 0.07083333333333333 0.08 0.06833333333333333
0 0.33166666666666667 0.8825 0.04666666666666667 0.085
0 0.8941666666666667 0.008333333333333333 0.035 0.016666666666666666
0 0.3883333333333333 0.21666666666666667 0.04666666666666667 0.10333333333333333
0 0.9741666666666666 0.27 0.051666666666666666 0.09
0 0.09333333333333334 0.0225 0.04 0.045
0 0.29333333333333333 0.41333333333333333 0.056666666666666664 0.07333333333333333
