0 0.5708333333333333 0.5483333333333333 0.03833333333333333 0.07
0 0.5425 0.5158333333333334 0.041666666666666664 0.03166666666666667
0 0.4075 0.5066666666666667 0.03166666666666667 0.07666666666666666
0 0.5775 0.51 0.028333333333333332 0.06
0 0.515 0.47833333333333333 0.04 0.03
0 0.56 0.48 0.03 0.05333333333333334
0 0.5808333333333333 0.46416666666666667 0.021666666666666667 0.06833333333333333
0 0.5216666666666666 0.44416666666666665 0.03666666666666667 0.03833333333333333
0 0.5508333333333333 0.4375 0.018333333333333333 0.07166666666666667
0 0.6 0.42916666666666664 0.023333333333333334 0.08166666666666667
0 0.5758333333333333 0.41083333333333333 0.021666666666666667 0.08166666666666667
0 0.5416666666666666 0.3825 0.03 0.075
0 0.5666666666666667 0.37083333333333335 0.02666666666666667 0.08166666666666667
0 0.6091666666666666 0.285 0.03833333333333333 0.05333333333333334
0 0.6525 0.24916666666666668 0.03833333333333333 0.041666666666666664
0 0.64 0.24833333333333332 0.06333333333333334 0.043333333333333335
0 0.6825 0.2375 0.041666666666666664 0.045
0 0.7 0.2125 0.043333333333333335 0.03833333333333333
0 0.4791666666666667 0.6508333333333334 0.018333333333333333 0.08166666666666667
0 0.4583333333333333 0.6266666666666667 0.02666666666666667 0.07666666666666666
0 0.43916666666666665 0.6216666666666667 0.035 0.04
0 0.4083333333333333 0.6141666666666666 0.03666666666666667 0.035
0 0.4875 0.6158333333333333 0.035 0.06166666666666667
0 0.5075 0.6066666666666667 0.03166666666666667 0.07666666666666666
0 0.40166666666666667 0.5783333333333334 0.03333333333333333 0.05
0 0.4525 0.5775 0.03166666666666667 0.04833333333333333
0 0.42916666666666664 0.5775 0.025 0.058333333333333334
0 0.38333333333333336 0.5741666666666667 0.02666666666666667 0.045
0 0.5125 0.5741666666666667 0.03833333333333333 0.07166666666666667
0 0.47833333333333333 0.5683333333333334 0.02666666666666667 0.05
0 0.5333333333333333 0.5683333333333334 0.02666666666666667 0.056666666666666664
0 0.4066666666666667 0.5541666666666667 0.023333333333333334 0.065
0 0.4525 0.5525 0.03166666666666667 0.058333333333333334
