0 0.4683333333333333 0.49666666666666665 0.03333333333333333 0.023333333333333334
0 0.5416666666666666 0.49666666666666665 0.023333333333333334 0.023333333333333334
0 0.5225 0.5041666666666667 0.03166666666666667 0.028333333333333332
0 0.44333333333333336 0.5108333333333334 0.03 0.028333333333333332
0 0.425 0.5125 0.016666666666666666 0.065
0 0.5058333333333334 0.5116666666666667 0.03166666666666667 0.03333333333333333
0 0.4725 0.5225 0.028333333333333332 0.03166666666666667
0 0.44333333333333336 0.5291666666666667 0.02666666666666667 0.028333333333333332
0 0.4375 0.545 0.035 0.02666666666666667
0 0.43 0.56 0.03666666666666667 0.03666666666666667
0 0.4625 0.5775 0.028333333333333332 0.041666666666666664
0 0.4375 0.5833333333333334 0.028333333333333332 0.04
0 0.43 0.5966666666666667 0.03333333333333333 0.03666666666666667
0 0.4633333333333333 0.6033333333333334 0.023333333333333334 0.03333333333333333
0 0.47333333333333333 0.6291666666666667 0.03333333333333333 0.028333333333333332
0 0.44416666666666665 0.6366666666666667 0.021666666666666667 0.04666666666666667
0 0.4766666666666667 0.6558333333333334 0.03333333333333333 0.03833333333333333
0 0.4658333333333333 0.665 0.025 0.043333333333333335
0 0.4725 0.6983333333333334 0.028333333333333332 0.03666666666666667
0 0.49416666666666664 0.6991666666666667 0.028333333333333332 0.028333333333333332
0 0.5091666666666667 0.7283333333333334 0.03166666666666667 0.03
0 0.4841666666666667 0.7358333333333333 0.035 0.035
0 0.5458333333333333 0.7508333333333334 0.03166666666666667 0.025
0 0.5125 0.755 0.028333333333333332 0.02666666666666667
0 0.49 0.7616666666666667 0.02666666666666667 0.03
0 0.495 0.7741666666666667 0.03666666666666667 0.055
0 0.5583333333333333 0.7741666666666667 0.023333333333333334 0.025
0 0.53 0.78 0.03666666666666667 0.03
0 0.43666666666666665 0.30833333333333335 0.02666666666666667 0.06666666666666667
0 0.5025 0.3416666666666667 0.03833333333333333 0.04
0 0.49416666666666664 0.36833333333333335 0.0016666666666666668 0.0033333333333333335
0 0.48583333333333334 0.3641666666666667 0.03833333333333333 0.03166666666666667
0 0.46 0.3641666666666667 0.016666666666666666 0.07833333333333334
0 0.42583333333333334 0.37833333333333335 0.011666666666666667 0.05
0 0.5125 0.3875 0.028333333333333332 0.025
0 0.48333333333333334 0.39666666666666667 0.03 0.023333333333333334
0 0.5383333333333333 0.39666666666666667 0.03333333333333333 0.03
0 0.43333333333333335 0.4 0.016666666666666666 0.07333333333333333
0 0.5125 0.4066666666666667 0.025 0.023333333333333334
0 0.4475 0.4091666666666667 0.018333333333333333 0.065
0 0.48 0.4216666666666667 0.02666666666666667 0.03
0 0.4633333333333333 0.4275 0.016666666666666666 0.045
0 0.515 0.43 0.03666666666666667 0.043333333333333335
0 0.49333333333333335 0.43333333333333335 0.03333333333333333 0.03666666666666667
0 0.5333333333333333 0.43583333333333335 0.023333333333333334 0.03166666666666667
0 0.5083333333333333 0.4525 0.02666666666666667 0.03166666666666667
0 0.45666666666666667 0.45916666666666667 0.02666666666666667 0.025
0 0.5283333333333333 0.4575 0.03333333333333333 0.025
0 0.5508333333333333 0.4625 0.021666666666666667 0.021666666666666667
0 0.48083333333333333 0.465 0.028333333333333332 0.02
0 0.43666666666666665 0.465 0.02 0.06666666666666667
0 0.45666666666666667 0.4708333333333333 0.02666666666666667 0.04833333333333333
0 0.5275 0.4775 0.028333333333333332 0.025
0 0.49583333333333335 0.4825 0.03833333333333333 0.025
