0 0.6925 0.5391666666666667 0.025 0.055
0 0.955 0.54 0.023333333333333334 0.07
0 0.6683333333333333 0.5141666666666667 0.02666666666666667 0.041666666666666664
0 0.7166666666666667 0.5108333333333334 0.023333333333333334 0.065
0 0.6908333333333333 0.5041666666666667 0.025 0.051666666666666666
0 0.9583333333333334 0.4816666666666667 0.03 0.07333333333333333
0 0.7125 0.4725 0.015 0.055
0 0.6875 0.4691666666666667 0.021666666666666667 0.055
0 0.3441666666666667 0.4633333333333333 0.028333333333333332 0.05333333333333334
0 0.31916666666666665 0.45166666666666666 0.018333333333333333 0.03666666666666667
0 0.7041666666666667 0.4475 0.015 0.055
0 0.7483333333333333 0.43916666666666665 0.023333333333333334 0.06166666666666667
0 0.33416666666666667 0.43583333333333335 0.018333333333333333 0.051666666666666666
0 0.715 0.42833333333333334 0.016666666666666666 0.03666666666666667
0 0.34833333333333333 0.4225 0.023333333333333334 0.051666666666666666
0 0.2966666666666667 0.42083333333333334 0.02 0.051666666666666666
0 0.30916666666666665 0.4141666666666667 0.015 0.055
0 0.9508333333333333 0.9608333333333333 0.051666666666666666 0.035
0 0.6975 0.4058333333333333 0.018333333333333333 0.06833333333333333
0 0.36666666666666664 0.4066666666666667 0.016666666666666666 0.056666666666666664
0 0.37916666666666665 0.4008333333333333 0.015 0.058333333333333334
0 0.27416666666666667 0.39916666666666667 0.03166666666666667 0.065
0 0.33166666666666667 0.39416666666666667 0.02 0.045
0 0.7375 0.3908333333333333 0.03833333333333333 0.041666666666666664
0 0.7666666666666667 0.3875 0.023333333333333334 0.041666666666666664
0 0.32083333333333336 0.38 0.025 0.05333333333333334
0 0.3466666666666667 0.3775 0.016666666666666666 0.055
0 0.7091666666666666 0.37 0.015 0.07333333333333333
0 0.2991666666666667 0.37416666666666665 0.021666666666666667 0.051666666666666666
0 0.13083333333333333 0.36833333333333335 0.03166666666666667 0.056666666666666664
0 0.10833333333333334 0.365 0.023333333333333334 0.05333333333333334
0 0.835 0.36 0.03 0.03333333333333333
0 0.36083333333333334 0.35833333333333334 0.018333333333333333 0.05333333333333334
0 0.7758333333333334 0.35833333333333334 0.035 0.07666666666666666
0 0.31583333333333335 0.3425 0.018333333333333333 0.04833333333333333
0 0.3441666666666667 0.3408333333333333 0.018333333333333333 0.051666666666666666
0 0.12833333333333333 0.33916666666666667 0.023333333333333334 0.045
0 0.17666666666666667 0.3325 0.03 0.04833333333333333
0 0.37833333333333335 0.3333333333333333 0.016666666666666666 0.056666666666666664
0 0.16083333333333333 0.325 0.028333333333333332 0.04
0 0.18333333333333332 0.32166666666666666 0.04 0.07
0 0.35833333333333334 0.31 0.013333333333333334 0.043333333333333335
0 0.85 0.31 0.03 0.06
0 0.13666666666666666 0.3016666666666667 0.043333333333333335 0.043333333333333335
0 0.32916666666666666 0.30333333333333334 0.018333333333333333 0.056666666666666664
0 0.31833333333333336 0.29833333333333334 0.02 0.04666666666666667
0 0.37333333333333335 0.3 0.02 0.07
0 0.3441666666666667 0.2975 0.018333333333333333 0.045
0 0.255 0.2916666666666667 0.03333333333333333 0.05333333333333334
0 0.18333333333333332 0.28583333333333333 0.03 0.03833333333333333
0 0.24083333333333334 0.28583333333333333 0.035 0.03166666666666667
0 0.17416666666666666 0.2791666666666667 0.03166666666666667 0.03833333333333333
0 0.3516666666666667 0.2841666666666667 0.013333333333333334 0.058333333333333334
0 0.855 0.2725 0.02 0.06166666666666667
0 0.29 0.2708333333333333 0.03 0.028333333333333332
0 0.20916666666666667 0.26916666666666667 0.018333333333333333 0.051666666666666666
0 0.3875 0.265 0.011666666666666667 0.06
0 0.14833333333333334 0.26666666666666666 0.04 0.03666666666666667
0 0.36583333333333334 0.26416666666666666 0.018333333333333333 0.058333333333333334
0 0.8758333333333334 0.25416666666666665 0.025 0.04833333333333333
0 0.3475 0.255 0.025 0.03666666666666667
0 0.3275 0.24666666666666667 0.03166666666666667 0.05333333333333334
0 0.25166666666666665 0.24833333333333332 0.03 0.04666666666666667
0 0.285 0.24416666666666667 0.04 0.035
0 0.20083333333333334 0.24583333333333332 0.025 0.051666666666666666
0 0.37 0.225 0.02666666666666667 0.03333333333333333
0 0.23 0.22666666666666666 0.023333333333333334 0.04666666666666667
0 0.3516666666666667 0.22583333333333333 0.02666666666666667 0.035
0 0.88 0.215 0.02666666666666667 0.06666666666666667
0 0.24666666666666667 0.21416666666666667 0.02 0.03833333333333333
0 0.26916666666666667 0.2075 0.03833333333333333 0.03166666666666667
0 0.295 0.20833333333333334 0.03333333333333333 0.04666666666666667
0 0.375 0.2025 0.03 0.03166666666666667
0 0.2175 0.20166666666666666 0.018333333333333333 0.06333333333333334
0 0.9791666666666666 0.935 0.041666666666666664 0.03333333333333333
0 0.9783333333333334 0.9216666666666666 0.043333333333333335 0.06
0 0.9375 0.8366666666666667 0.04833333333333333 0.03333333333333333
0 0.7008333333333333 0.7941666666666667 0.03833333333333333 0.03166666666666667
0 0.685 0.7575 0.016666666666666666 0.065
0 0.7083333333333334 0.7408333333333333 0.023333333333333334 0.065
0 0.6508333333333334 0.7241666666666666 0.018333333333333333 0.06166666666666667
0 0.6791666666666667 0.7233333333333334 0.021666666666666667 0.056666666666666664
0 0.6658333333333334 0.6858333333333333 0.015 0.07166666666666667
0 0.7058333333333333 0.6866666666666666 0.018333333333333333 0.06
0 0.9583333333333334 0.9841666666666666 0.05 0.03166666666666667
0 0.69 0.6808333333333333 0.016666666666666666 0.051666666666666666
0 0.6966666666666667 0.6608333333333334 0.016666666666666666 0.051666666666666666
0 0.8316666666666667 0.65 0.02 0.06666666666666667
0 0.9833333333333333 0.65 0.03333333333333333 0.056666666666666664
0 0.7108333333333333 0.6516666666666666 0.021666666666666667 0.043333333333333335
0 0.6566666666666666 0.6425 0.016666666666666666 0.075
0 0.68 0.6416666666666667 0.016666666666666666 0.07
0 0.7158333333333333 0.6225 0.021666666666666667 0.04833333333333333
0 0.98 0.605 0.03666666666666667 0.056666666666666664
0 0.9941666666666666 0.63 0.0016666666666666668 0.0033333333333333335
0 0.6966666666666667 0.6041666666666666 0.016666666666666666 0.058333333333333334
0 0.6708333333333333 0.5966666666666667 0.018333333333333333 0.07
0 0.69 0.5691666666666667 0.02 0.03833333333333333
0 0.7108333333333333 0.5633333333333334 0.021666666666666667 0.056666666666666664
0 0.9766666666666667 0.5633333333333334 0.023333333333333334 0.056666666666666664
0 0.6683333333333333 0.5608333333333333 0.023333333333333334 0.051666666666666666
