0 0.7858333333333334 0.45916666666666667 0.03833333333333333 0.051666666666666666
0 0.7291666666666666 0.4666666666666667 0.018333333333333333 0.06666666666666667
0 0.7141666666666666 0.4708333333333333 0.021666666666666667 0.055
0 0.7541666666666667 0.48333333333333334 0.018333333333333333 0.07
0 0.7416666666666667 0.48833333333333334 0.013333333333333334 0.06666666666666667
0 0.705 0.5083333333333333 0.023333333333333334 0.06
0 0.7266666666666667 0.5333333333333333 0.02 0.06666666666666667
0 0.6858333333333333 0.5358333333333334 0.015 0.04833333333333333
0 0.7216666666666667 0.545 0.013333333333333334 0.03666666666666667
0 0.6991666666666667 0.55 0.015 0.06333333333333334
0 0.715 0.5758333333333333 0.02 0.065
0 0.69 0.58 0.03 0.04666666666666667
0 0.545 0.6066666666666667 0.03 0.04
0 0.5658333333333333 0.6108333333333333 0.028333333333333332 0.03166666666666667
0 0.5741666666666667 0.6383333333333333 0.03166666666666667 0.03
0 0.5566666666666666 0.685 0.03333333333333333 0.03333333333333333
0 0.6116666666666667 0.6966666666666667 0.03333333333333333 0.03
0 0.455 0.060833333333333336 0.02 0.03833333333333333
0 0.6458333333333334 0.7008333333333333 0.03166666666666667 0.03166666666666667
0 0.595 0.7066666666666667 0.03333333333333333 0.03
0 0.6258333333333334 0.7141666666666666 0.028333333333333332 0.028333333333333332
0 0.5625 0.7108333333333333 0.035 0.028333333333333332
0 0.525 0.715 0.03 0.043333333333333335
0 0.44583333333333336 0.06166666666666667 0.028333333333333332 0.07333333333333333
0 0.6566666666666666 0.7233333333333334 0.03 0.05
0 0.635 0.7283333333333334 0.02666666666666667 0.02666666666666667
0 0.5975 0.7333333333333333 0.035 0.03
0 0.655 0.7558333333333334 0.03333333333333333 0.028333333333333332
0 0.615 0.755 0.03666666666666667 0.02666666666666667
0 0.6766666666666666 0.7708333333333334 0.03 0.03833333333333333
0 0.38416666666666666 0.008333333333333333 0.011666666666666667 0.016666666666666666
0 0.2633333333333333 0.01 0.013333333333333334 0.02
0 0.8483333333333334 0.16583333333333333 0.016666666666666666 0.058333333333333334
0 0.5741666666666667 0.19 0.021666666666666667 0.07666666666666666
0 0.8366666666666667 0.21416666666666667 0.02 0.051666666666666666
0 0.82 0.235 0.016666666666666666 0.043333333333333335
0 0.4558333333333333 0.013333333333333334 0.011666666666666667 0.02666666666666667
0 0.8333333333333334 0.27166666666666667 0.02 0.08
0 0.8133333333333334 0.28 0.023333333333333334 0.06333333333333334
0 0.7758333333333334 0.2816666666666667 0.028333333333333332 0.03333333333333333
0 0.7491666666666666 0.3 0.03833333333333333 0.02666666666666667
0 0.7575 0.3541666666666667 0.015 0.06833333333333333
0 0.8233333333333334 0.03333333333333333 0.023333333333333334 0.06666666666666667
0 0.7291666666666666 0.42 0.015 0.03
0 0.7158333333333333 0.42833333333333334 0.018333333333333333 0.05333333333333334
0 0.745 0.43333333333333335 0.016666666666666666 0.05333333333333334
