0 0.43833333333333335 0.1525 0.03333333333333333 0.055
0 0.6283333333333333 0.1875 0.05333333333333334 0.058333333333333334
0 0.44166666666666665 0.205 0.02666666666666667 0.06
0 0.6575 0.23583333333333334 0.035 0.045
0 0.4891666666666667 0.235 0.035 0.03
0 0.6583333333333333 0.2525 0.0033333333333333335 0.0016666666666666668
0 0.42916666666666664 0.24833333333333332 0.018333333333333333 0.08333333333333333
0 0.4525 0.25666666666666665 0.028333333333333332 0.04
0 0.7291666666666666 0.26166666666666666 0.04833333333333333 0.04666666666666667
0 0.465 0.26 0.05333333333333334 0.043333333333333335
0 0.3975 0.2891666666666667 0.03833333333333333 0.04833333333333333
0 0.6866666666666666 0.2916666666666667 0.03666666666666667 0.04666666666666667
0 0.55 0.29333333333333333 0.03 0.06
0 0.6325 0.34 0.018333333333333333 0.07
0 0.6108333333333333 0.355 0.015 0.04666666666666667
0 0.6016666666666667 0.3641666666666667 0.02 0.07166666666666667
0 0.985 0.42583333333333334 0.03 0.07166666666666667
