0 0.44916666666666666 0.46 0.041666666666666664 0.03
0 0.6066666666666667 0.5 0.03 0.07
0 0.22916666666666666 0.5025 0.07166666666666667 0.065
0 0.20416666666666666 0.5525 0.018333333333333333 0.06166666666666667
0 0.2633333333333333 0.5541666666666667 0.043333333333333335 0.051666666666666666
0 0.6808333333333333 0.5583333333333333 0.08166666666666667 0.17666666666666667
0 0.5625 0.6175 0.03166666666666667 0.16833333333333333
0 0.25083333333333335 0.6391666666666667 0.041666666666666664 0.055
0 0.47833333333333333 0.6833333333333333 0.03 0.07333333333333333
0 0.6825 0.6316666666666667 0.005 0.013333333333333334
0 0.21416666666666667 0.8866666666666667 0.021666666666666667 0.09333333333333334
0 0.23333333333333334 0.9241666666666667 0.023333333333333334 0.12833333333333333
0 0.30416666666666664 0.9458333333333333 0.041666666666666664 0.04833333333333333
0 0.26 0.9441666666666667 0.05 0.11166666666666666
0 0.14416666666666667 0.11 0.021666666666666667 0.07666666666666666
0 0.1975 0.14666666666666667 0.021666666666666667 0.05333333333333334
0 0.23583333333333334 0.19583333333333333 0.021666666666666667 0.06833333333333333
0 0.26666666666666666 0.22583333333333333 0.04 0.051666666666666666
0 0.1775 0.24 0.058333333333333334 0.16
0 0.74 0.24416666666666667 0.02 0.07166666666666667
0 0.37083333333333335 0.2658333333333333 0.065 0.065
0 0.2125 0.26916666666666667 0.021666666666666667 0.06833333333333333
0 0.39916666666666667 0.3258333333333333 0.028333333333333332 0.06166666666666667
0 0.38166666666666665 0.3383333333333333 0.02666666666666667 0.07
0 0.25166666666666665 0.3925 0.01 0.0016666666666666668
0 0.6933333333333334 0.38083333333333336 0.013333333333333334 0.018333333333333333
0 0.6875 0.38083333333333336 0.03166666666666667 0.028333333333333332
0 0.3975 0.39 0.035 0.03666666666666667
0 0.2875 0.39666666666666667 0.041666666666666664 0.05333333333333334
0 0.1925 0.41333333333333333 0.055 0.13333333333333333
0 0.43333333333333335 0.425 0.04 0.04
