0 0.9891666666666666 0.5541666666666667 0.021666666666666667 0.08833333333333333
0 0.49166666666666664 0.9575 0.023333333333333334 0.07166666666666667
0 0.5208333333333334 0.9283333333333333 0.018333333333333333 0.08333333333333333
0 0.5041666666666667 0.8808333333333334 0.028333333333333332 0.07166666666666667
0 0.465 0.7941666666666667 0.043333333333333335 0.035
0 0.41583333333333333 0.7908333333333334 0.035 0.045
0 0.6975 0.7725 0.03833333333333333 0.03833333333333333
0 0.6466666666666666 0.7733333333333333 0.04 0.05333333333333334
0 0.67 0.7725 0.03666666666666667 0.058333333333333334
0 0.44166666666666665 0.7741666666666667 0.03333333333333333 0.028333333333333332
0 0.3725 0.7616666666666667 0.041666666666666664 0.04
0 0.4608333333333333 0.7566666666666667 0.04833333333333333 0.03666666666666667
0 0.39916666666666667 0.7466666666666667 0.041666666666666664 0.05
0 0.4125 0.7408333333333333 0.03833333333333333 0.041666666666666664
0 0.7091666666666666 0.7308333333333333 0.03833333333333333 0.045
0 0.7533333333333333 0.7141666666666666 0.03 0.085
0 0.6791666666666667 0.7108333333333333 0.021666666666666667 0.06166666666666667
0 0.5608333333333333 0.6866666666666666 0.03166666666666667 0.07
0 0.6691666666666667 0.6241666666666666 0.025 0.028333333333333332
0 0.7083333333333334 0.605 0.04666666666666667 0.03333333333333333
0 0.645 0.5958333333333333 0.05 0.041666666666666664
