0 0.4791666666666667 0.48583333333333334 0.035 0.021666666666666667
0 0.5591666666666667 0.4875 0.021666666666666667 0.065
0 0.5808333333333333 0.5141666666666667 0.021666666666666667 0.06833333333333333
0 0.5016666666666667 0.5141666666666667 0.04666666666666667 0.03166666666666667
0 0.43083333333333335 0.5441666666666667 0.0016666666666666668 0.0016666666666666668
0 0.6008333333333333 0.5225 0.028333333333333332 0.065
0 0.44666666666666666 0.5233333333333333 0.04 0.05
0 0.41333333333333333 0.5366666666666666 0.023333333333333334 0.09333333333333334
0 0.49333333333333335 0.5416666666666666 0.03666666666666667 0.03
0 0.47833333333333333 0.5641666666666667 0.04 0.045
0 0.435 0.5641666666666667 0.023333333333333334 0.051666666666666666
0 0.5108333333333334 0.58 0.028333333333333332 0.04666666666666667
0 0.4691666666666667 0.5966666666666667 0.035 0.05
0 0.4425 0.61 0.018333333333333333 0.09333333333333334
0 0.4241666666666667 0.6266666666666667 0.018333333333333333 0.08666666666666667
0 0.4116666666666667 0.6575 0.02666666666666667 0.085
0 0.42833333333333334 0.7233333333333334 0.02 0.07
0 0.435 0.7641666666666667 0.023333333333333334 0.08833333333333333
0 0.5216666666666666 0.37666666666666665 0.03 0.06666666666666667
0 0.5475 0.3975 0.03833333333333333 0.07166666666666667
0 0.5966666666666667 0.4075 0.04 0.035
0 0.57 0.415 0.04 0.04666666666666667
0 0.5233333333333333 0.4166666666666667 0.04 0.056666666666666664
0 0.49916666666666665 0.4191666666666667 0.035 0.07166666666666667
0 0.45416666666666666 0.43583333333333335 0.045 0.051666666666666666
0 0.555 0.44333333333333336 0.02666666666666667 0.04
0 0.53 0.44916666666666666 0.03 0.051666666666666666
0 0.625 0.4475 0.02666666666666667 0.045
0 0.6066666666666667 0.44583333333333336 0.03 0.051666666666666666
0 0.49666666666666665 0.4525 0.03333333333333333 0.07833333333333334
0 0.5783333333333334 0.4608333333333333 0.023333333333333334 0.06166666666666667
0 0.5966666666666667 0.4675 0.03 0.058333333333333334
0 0.44416666666666665 0.4666666666666667 0.035 0.043333333333333335
