0 0.38333333333333336 0.4875 0.043333333333333335 0.035
0 0.6591666666666667 0.3933333333333333 0.035 0.023333333333333334
0 0.605 0.38666666666666666 0.03666666666666667 0.02666666666666667
0 0.6408333333333334 0.37 0.035 0.03333333333333333
0 0.325 0.2608333333333333 0.016666666666666666 0.06833333333333333
0 0.3458333333333333 0.24666666666666667 0.035 0.043333333333333335
0 0.4 0.2425 0.02 0.075
0 0.3175 0.23083333333333333 0.028333333333333332 0.06833333333333333
0 0.5875 0.22166666666666668 0.03833333333333333 0.04
0 0.6108333333333333 0.22583333333333333 0.028333333333333332 0.041666666666666664
0 0.4691666666666667 0.2175 0.025 0.021666666666666667
0 0.6366666666666667 0.21666666666666667 0.03 0.043333333333333335
0 0.4275 0.22083333333333333 0.025 0.065
0 0.49666666666666665 0.2025 0.03 0.035
0 0.4558333333333333 0.1975 0.03833333333333333 0.035
0 0.5775 0.1925 0.03166666666666667 0.03166666666666667
0 0.29333333333333333 0.18583333333333332 0.02 0.07166666666666667
0 0.6158333333333333 0.185 0.035 0.03
0 0.30916666666666665 0.18416666666666667 0.018333333333333333 0.06833333333333333
0 0.6441666666666667 0.18333333333333332 0.028333333333333332 0.03
0 0.5366666666666666 0.17666666666666667 0.023333333333333334 0.03666666666666667
0 0.5633333333333334 0.1775 0.03 0.025
0 0.5041666666666667 0.1725 0.03166666666666667 0.03166666666666667
0 0.6666666666666666 0.165 0.02 0.05333333333333334
0 0.4891666666666667 0.1625 0.028333333333333332 0.03833333333333333
0 0.4658333333333333 0.16666666666666666 0.035 0.03666666666666667
0 0.5333333333333333 0.15666666666666668 0.02666666666666667 0.03666666666666667
0 0.5983333333333334 0.155 0.03666666666666667 0.03333333333333333
0 0.56 0.15166666666666667 0.03 0.03
0 0.6483333333333333 0.1575 0.03333333333333333 0.028333333333333332
0 0.26666666666666666 0.15 0.02666666666666667 0.06333333333333334
0 0.46416666666666667 0.14666666666666667 0.03833333333333333 0.03
0 0.5183333333333333 0.14416666666666667 0.03 0.028333333333333332
0 0.6883333333333334 0.135 0.023333333333333334 0.06333333333333334
0 0.49416666666666664 0.1325 0.021666666666666667 0.028333333333333332
0 0.3491666666666667 0.12916666666666668 0.041666666666666664 0.028333333333333332
0 0.5541666666666667 0.1275 0.03166666666666667 0.025
0 0.32083333333333336 0.12333333333333334 0.025 0.02
0 0.41 0.12083333333333333 0.043333333333333335 0.035
0 0.5325 0.1175 0.035 0.03166666666666667
0 0.6741666666666667 0.11583333333333333 0.028333333333333332 0.035
0 0.4608333333333333 0.9033333333333333 0.025 0.07333333333333333
0 0.6308333333333334 0.845 0.025 0.043333333333333335
0 0.6083333333333333 0.8216666666666667 0.016666666666666666 0.023333333333333334
0 0.6233333333333333 0.8083333333333333 0.02 0.03666666666666667
0 0.5958333333333333 0.7666666666666667 0.0016666666666666668 0.0033333333333333335
0 0.6075 0.775 0.041666666666666664 0.04
0 0.4266666666666667 0.6641666666666667 0.03333333333333333 0.058333333333333334
