0 0.7675 0.5608333333333333 0.03166666666666667 0.06833333333333333
0 0.7991666666666667 0.5575 0.025 0.051666666666666666
0 0.7958333333333333 0.5291666666666667 0.028333333333333332 0.04833333333333333
0 0.83 0.5191666666666667 0.02666666666666667 0.06166666666666667
0 0.8141666666666667 0.5091666666666667 0.018333333333333333 0.051666666666666666
0 0.7858333333333334 0.49916666666666665 0.021666666666666667 0.065
0 0.8041666666666667 0.47583333333333333 0.018333333333333333 0.04833333333333333
0 0.7883333333333333 0.445 0.016666666666666666 0.05
0 0.8025 0.44083333333333335 0.021666666666666667 0.065
0 0.19083333333333333 0.060833333333333336 0.028333333333333332 0.09166666666666666
0 0.2475 0.058333333333333334 0.03166666666666667 0.09666666666666666
0 0.21916666666666668 0.03166666666666667 0.03833333333333333 0.06333333333333334
0 0.23916666666666667 0.0175 0.03166666666666667 0.035
0 0.1725 0.02 0.011666666666666667 0.04
0 0.19 0.011666666666666667 0.02 0.023333333333333334
0 0.034166666666666665 0.004166666666666667 0.018333333333333333 0.008333333333333333
0 0.7091666666666666 0.95 0.03166666666666667 0.07333333333333333
0 0.7358333333333333 0.9516666666666667 0.025 0.06
0 0.7358333333333333 0.9233333333333333 0.021666666666666667 0.05
0 0.7225 0.885 0.03166666666666667 0.056666666666666664
0 0.7416666666666667 0.8408333333333333 0.023333333333333334 0.065
0 0.7616666666666667 0.8358333333333333 0.02666666666666667 0.075
0 0.7241666666666666 0.8316666666666667 0.021666666666666667 0.08
0 0.7841666666666667 0.8083333333333333 0.028333333333333332 0.06333333333333334
0 0.7391666666666666 0.7908333333333334 0.018333333333333333 0.06166666666666667
0 0.7283333333333334 0.7691666666666667 0.016666666666666666 0.045
0 0.775 0.76 0.016666666666666666 0.043333333333333335
0 0.7533333333333333 0.7475 0.03 0.04833333333333333
0 0.7908333333333334 0.735 0.018333333333333333 0.05333333333333334
0 0.7291666666666666 0.7258333333333333 0.03166666666666667 0.07166666666666667
0 0.7466666666666667 0.7275 0.03 0.058333333333333334
0 0.7183333333333334 0.695 0.04666666666666667 0.04666666666666667
0 0.7666666666666667 0.6875 0.023333333333333334 0.06166666666666667
0 0.7841666666666667 0.6858333333333333 0.028333333333333332 0.07166666666666667
0 0.8008333333333333 0.6683333333333333 0.021666666666666667 0.06
0 0.7408333333333333 0.66 0.021666666666666667 0.056666666666666664
0 0.7208333333333333 0.6541666666666667 0.041666666666666664 0.06166666666666667
0 0.7558333333333334 0.6358333333333334 0.018333333333333333 0.06833333333333333
0 0.8 0.6225 0.03 0.04833333333333333
0 0.775 0.6216666666666667 0.023333333333333334 0.056666666666666664
0 0.7958333333333333 0.5991666666666666 0.021666666666666667 0.045
0 0.82 0.5966666666666667 0.02666666666666667 0.07333333333333333
0 0.775 0.5841666666666666 0.02666666666666667 0.051666666666666666
0 0.7466666666666667 0.5833333333333334 0.02666666666666667 0.06
0 0.815 0.5675 0.016666666666666666 0.035
