0 0.565 0.5216666666666666 0.016666666666666666 0.056666666666666664
0 0.575 0.49666666666666665 0.016666666666666666 0.07
0 0.585 0.49 0.013333333333333334 0.06
0 0.5475 0.019166666666666665 0.03833333333333333 0.03166666666666667
0 0.5625 0.005 0.011666666666666667 0.01
0 0.8375 0.7558333333333334 0.041666666666666664 0.035
0 0.6241666666666666 0.7241666666666666 0.021666666666666667 0.028333333333333332
0 0.6466666666666666 0.715 0.03 0.03333333333333333
0 0.67 0.7083333333333334 0.02666666666666667 0.02666666666666667
0 0.6183333333333333 0.6991666666666667 0.02666666666666667 0.028333333333333332
0 0.6458333333333334 0.6908333333333333 0.021666666666666667 0.028333333333333332
0 0.5975 0.685 0.021666666666666667 0.056666666666666664
0 0.6758333333333333 0.6858333333333333 0.041666666666666664 0.025
0 0.6975 0.6858333333333333 0.028333333333333332 0.058333333333333334
0 0.6191666666666666 0.6808333333333333 0.03166666666666667 0.028333333333333332
0 0.5833333333333334 0.66 0.013333333333333334 0.05
0 0.6516666666666666 0.665 0.03333333333333333 0.03
0 0.5708333333333333 0.6483333333333333 0.015 0.06
0 0.6033333333333334 0.6416666666666667 0.03 0.03
0 0.5933333333333334 0.6183333333333333 0.03333333333333333 0.02666666666666667
0 0.63 0.6025 0.02666666666666667 0.058333333333333334
0 0.605 0.5858333333333333 0.02666666666666667 0.06166666666666667
0 0.5725 0.5691666666666667 0.035 0.03166666666666667
