0 0.48333333333333334 0.46 0.023333333333333334 0.07
0 0.4091666666666667 0.46 0.035 0.03666666666666667
0 0.5025 0.46416666666666667 0.021666666666666667 0.06833333333333333
0 0.3433333333333333 0.4708333333333333 0.016666666666666666 0.058333333333333334
0 0.37083333333333335 0.4725 0.03833333333333333 0.03166666666666667
0 0.4575 0.475 0.035 0.03
0 0.4008333333333333 0.4791666666666667 0.041666666666666664 0.03166666666666667
0 0.3325 0.4841666666666667 0.011666666666666667 0.04833333333333333
0 0.36583333333333334 0.49416666666666664 0.03166666666666667 0.028333333333333332
0 0.44666666666666666 0.49583333333333335 0.043333333333333335 0.028333333333333332
0 0.4075 0.4975 0.03833333333333333 0.025
0 0.9583333333333334 0.5008333333333334 0.016666666666666666 0.051666666666666666
0 0.4875 0.5091666666666667 0.025 0.04833333333333333
0 0.38916666666666666 0.5125 0.03166666666666667 0.021666666666666667
0 0.935 0.5141666666666667 0.04 0.055
0 0.36083333333333334 0.5133333333333333 0.028333333333333332 0.02666666666666667
0 0.5066666666666667 0.5275 0.016666666666666666 0.06833333333333333
0 0.41833333333333333 0.52 0.03333333333333333 0.02666666666666667
0 0.3358333333333333 0.5241666666666667 0.03166666666666667 0.055
0 0.4625 0.53 0.025 0.043333333333333335
0 0.2675 0.535 0.021666666666666667 0.07666666666666666
0 0.3908333333333333 0.535 0.03833333333333333 0.02666666666666667
0 0.4475 0.535 0.035 0.056666666666666664
0 0.4841666666666667 0.5425 0.021666666666666667 0.065
0 0.3441666666666667 0.5391666666666667 0.03833333333333333 0.03166666666666667
0 0.355 0.5541666666666667 0.03333333333333333 0.028333333333333332
0 0.3308333333333333 0.5766666666666667 0.03166666666666667 0.03333333333333333
0 0.505 0.5758333333333333 0.02 0.07833333333333334
0 0.47833333333333333 0.5808333333333333 0.03 0.04833333333333333
0 0.35333333333333333 0.5816666666666667 0.04 0.043333333333333335
0 0.4025 0.5933333333333334 0.045 0.03333333333333333
0 0.3625 0.5983333333333334 0.035 0.04666666666666667
0 0.5083333333333333 0.6383333333333333 0.03 0.08
0 0.9716666666666667 0.8316666666666667 0.02666666666666667 0.08
0 0.9891666666666666 0.13916666666666666 0.021666666666666667 0.055
0 0.99 0.15333333333333332 0.02 0.08
0 0.9908333333333333 0.23083333333333333 0.018333333333333333 0.06833333333333333
0 0.9866666666666667 0.27416666666666667 0.02666666666666667 0.04833333333333333
0 0.5108333333333334 0.36583333333333334 0.041666666666666664 0.03833333333333333
0 0.5075 0.4 0.021666666666666667 0.043333333333333335
0 0.45166666666666666 0.4091666666666667 0.03666666666666667 0.03833333333333333
0 0.4891666666666667 0.42333333333333334 0.018333333333333333 0.056666666666666664
0 0.4191666666666667 0.4241666666666667 0.035 0.041666666666666664
0 0.3908333333333333 0.43333333333333335 0.028333333333333332 0.043333333333333335
0 0.9683333333333334 0.435 0.03333333333333333 0.07
0 0.4325 0.44 0.03166666666666667 0.04
0 0.935 0.445 0.02666666666666667 0.06666666666666667
0 0.36666666666666664 0.44083333333333335 0.03 0.045
0 0.9575 0.44583333333333336 0.018333333333333333 0.055
0 0.45 0.4533333333333333 0.03333333333333333 0.03
