0 0.425 0.5233333333333333 0.01 0.013333333333333334
0 0.5133333333333333 0.5208333333333334 0.016666666666666666 0.03166666666666667
0 0.5325 0.495 0.015 0.02666666666666667
0 0.5866666666666667 0.47 0.023333333333333334 0.02
0 0.565 0.46166666666666667 0.016666666666666666 0.023333333333333334
0 0.58 0.455 0.016666666666666666 0.02
0 0.73 0.44416666666666665 0.01 0.018333333333333333
0 0.7358333333333333 0.4325 0.021666666666666667 0.041666666666666664
0 0.21916666666666668 0.42333333333333334 0.028333333333333332 0.02666666666666667
0 0.37083333333333335 0.3725 0.015 0.03833333333333333
0 0.37083333333333335 0.3566666666666667 0.018333333333333333 0.06666666666666667
0 0.3725 0.3408333333333333 0.015 0.03833333333333333
0 0.3275 0.33666666666666667 0.011666666666666667 0.03
0 0.49 0.31083333333333335 0.016666666666666666 0.025
0 0.5016666666666667 0.31 0.02666666666666667 0.043333333333333335
0 0.5258333333333334 0.2966666666666667 0.021666666666666667 0.03
0 0.5483333333333333 0.2816666666666667 0.023333333333333334 0.03666666666666667
0 0.565 0.27416666666666667 0.02 0.041666666666666664
0 0.5416666666666666 0.27 0.02666666666666667 0.03333333333333333
0 0.3425 0.26916666666666667 0.021666666666666667 0.041666666666666664
0 0.495 0.26666666666666666 0.02666666666666667 0.03666666666666667
0 0.5958333333333333 0.24583333333333332 0.021666666666666667 0.045
0 0.5333333333333333 0.24083333333333334 0.03 0.041666666666666664
0 0.18833333333333332 0.21083333333333334 0.03333333333333333 0.041666666666666664
0 0.5016666666666667 0.12166666666666667 0.03333333333333333 0.03333333333333333
0 0.39166666666666666 0.09916666666666667 0.03 0.04833333333333333
0 0.71 0.06166666666666667 0.03333333333333333 0.05333333333333334
0 0.7033333333333334 0.005 0.02 0.01
0 0.6691666666666667 0.835 0.011666666666666667 0.013333333333333334
0 0.5783333333333334 0.8283333333333334 0.01 0.01
0 0.7083333333333334 0.8275 0.006666666666666667 0.011666666666666667
0 0.7008333333333333 0.8258333333333333 0.011666666666666667 0.011666666666666667
0 0.5675 0.8166666666666667 0.008333333333333333 0.01
0 0.7375 0.8166666666666667 0.018333333333333333 0.013333333333333334
0 0.5783333333333334 0.8158333333333333 0.006666666666666667 0.008333333333333333
0 0.7391666666666666 0.8166666666666667 0.015 0.013333333333333334
0 0.67 0.7975 0.006666666666666667 0.011666666666666667
0 0.6175 0.7991666666666667 0.008333333333333333 0.015
0 0.7375 0.795 0.011666666666666667 0.02
0 0.7016666666666667 0.7733333333333333 0.01 0.006666666666666667
0 0.6683333333333333 0.7675 0.01 0.008333333333333333
0 0.6816666666666666 0.755 0.013333333333333334 0.02
0 0.7175 0.7208333333333333 0.008333333333333333 0.015
0 0.725 0.715 0.016666666666666666 0.016666666666666666
0 0.7133333333333334 0.7158333333333333 0.013333333333333334 0.021666666666666667
0 0.7266666666666667 0.7108333333333333 0.02 0.021666666666666667
0 0.6083333333333333 0.6116666666666667 0.01 0.02
0 0.6166666666666667 0.6091666666666666 0.023333333333333334 0.025
0 0.6225 0.605 0.021666666666666667 0.023333333333333334
0 0.6341666666666667 0.6 0.021666666666666667 0.016666666666666666
0 0.5416666666666666 0.5858333333333333 0.016666666666666666 0.015
0 0.5216666666666666 0.5883333333333334 0.02 0.02
0 0.5616666666666666 0.5833333333333334 0.023333333333333334 0.016666666666666666
0 0.5516666666666666 0.5808333333333333 0.006666666666666667 0.018333333333333333
0 0.5683333333333334 0.5808333333333333 0.013333333333333334 0.015
0 0.4175 0.5725 0.008333333333333333 0.028333333333333332
0 0.575 0.5683333333333334 0.016666666666666666 0.016666666666666666
0 0.5416666666666666 0.5908333333333333 0.0033333333333333335 0.0016666666666666668
0 0.5683333333333334 0.575 0.0033333333333333335 0.0033333333333333335
0 0.575 0.565 0.016666666666666666 0.02
0 0.5433333333333333 0.5558333333333333 0.006666666666666667 0.021666666666666667
0 0.54 0.5558333333333333 0.013333333333333334 0.025
