0 0.38416666666666666 0.46 0.051666666666666666 0.043333333333333335
0 0.38166666666666665 0.5233333333333333 0.05 0.04666666666666667
0 0.43166666666666664 0.5725 0.04666666666666667 0.058333333333333334
0 0.44916666666666666 0.6141666666666666 0.04833333333333333 0.045
0 0.4583333333333333 0.6941666666666667 0.04666666666666667 0.06166666666666667
0 0.45416666666666666 0.7641666666666667 0.03833333333333333 0.06833333333333333
0 0.4033333333333333 0.8666666666666667 0.05 0.06
0 0.4325 0.051666666666666666 0.051666666666666666 0.06
0 0.7475 0.09083333333333334 0.055 0.058333333333333334
0 0.42833333333333334 0.15666666666666668 0.043333333333333335 0.06333333333333334
0 0.39166666666666666 0.31 0.05 0.043333333333333335
0 0.44916666666666666 0.018333333333333333 0.025 0.03666666666666667
0 0.4125 0.3675 0.04833333333333333 0.041666666666666664
