0 0.3566666666666667 0.5516666666666666 0.023333333333333334 0.05
0 0.1375 0.5583333333333333 0.035 0.06333333333333334
0 0.40166666666666667 0.5491666666666667 0.016666666666666666 0.055
0 0.36333333333333334 0.5441666666666667 0.013333333333333334 0.04833333333333333
0 0.37833333333333335 0.5391666666666667 0.013333333333333334 0.06166666666666667
0 0.5333333333333333 0.5416666666666666 0.023333333333333334 0.05333333333333334
0 0.425 0.5308333333333334 0.02666666666666667 0.03833333333333333
0 0.39416666666666667 0.5283333333333333 0.018333333333333333 0.056666666666666664
0 0.49583333333333335 0.5225 0.015 0.07166666666666667
0 0.5325 0.5608333333333333 0.0016666666666666668 0.0016666666666666668
0 0.5108333333333334 0.5158333333333334 0.011666666666666667 0.045
0 0.1825 0.9891666666666666 0.025 0.021666666666666667
0 0.5883333333333334 0.9925 0.02666666666666667 0.015
0 0.55 0.51 0.016666666666666666 0.07666666666666666
0 0.485 0.5058333333333334 0.013333333333333334 0.07166666666666667
0 0.41583333333333333 0.5016666666666667 0.015 0.056666666666666664
0 0.36916666666666664 0.4975 0.018333333333333333 0.051666666666666666
0 0.5616666666666666 0.5008333333333334 0.02 0.058333333333333334
0 0.4275 0.49916666666666665 0.021666666666666667 0.04833333333333333
0 0.39 0.485 0.016666666666666666 0.05333333333333334
0 0.5225 0.4791666666666667 0.018333333333333333 0.06833333333333333
0 0.41083333333333333 0.4691666666666667 0.011666666666666667 0.03166666666666667
0 0.49666666666666665 0.4675 0.016666666666666666 0.058333333333333334
0 0.37083333333333335 0.48 0.021666666666666667 0.08333333333333333
0 0.5666666666666667 0.5008333333333334 0.006666666666666667 0.005
0 0.4008333333333333 0.45666666666666667 0.015 0.06333333333333334
0 0.4275 0.455 0.015 0.05333333333333334
0 0.535 0.4508333333333333 0.013333333333333334 0.065
0 0.5625 0.4558333333333333 0.018333333333333333 0.04833333333333333
0 0.5458333333333333 0.4508333333333333 0.011666666666666667 0.055
0 0.5075 0.4475 0.015 0.065
0 0.49 0.43166666666666664 0.023333333333333334 0.06666666666666667
0 0.555 0.43166666666666664 0.016666666666666666 0.06333333333333334
0 0.4125 0.4266666666666667 0.011666666666666667 0.04666666666666667
0 0.5025 0.42 0.015 0.04
0 0.44666666666666666 0.4241666666666667 0.023333333333333334 0.07166666666666667
0 0.1825 0.41833333333333333 0.03833333333333333 0.03333333333333333
0 0.4241666666666667 0.4125 0.018333333333333333 0.058333333333333334
0 0.5716666666666667 0.41333333333333333 0.013333333333333334 0.04666666666666667
0 0.5683333333333334 0.99 0.02666666666666667 0.02
0 0.03 0.3908333333333333 0.02666666666666667 0.041666666666666664
0 0.5558333333333333 0.3875 0.021666666666666667 0.051666666666666666
0 0.5833333333333334 0.3875 0.016666666666666666 0.07833333333333334
0 0.495 0.37333333333333335 0.02 0.06
0 0.6008333333333333 0.36083333333333334 0.018333333333333333 0.07166666666666667
0 0.5691666666666667 0.35 0.015 0.07666666666666666
0 0.025833333333333333 0.3516666666666667 0.021666666666666667 0.04666666666666667
0 0.5533333333333333 0.33416666666666667 0.016666666666666666 0.058333333333333334
0 0.5791666666666667 0.3175 0.015 0.06166666666666667
0 0.4725 0.3283333333333333 0.018333333333333333 0.07333333333333333
0 0.5925 0.31166666666666665 0.015 0.06666666666666667
0 0.6075 0.2966666666666667 0.015 0.056666666666666664
0 0.5608333333333333 0.2941666666666667 0.015 0.045
0 0.5783333333333334 0.2683333333333333 0.02 0.04666666666666667
0 0.5933333333333334 0.2525 0.023333333333333334 0.04833333333333333
0 0.6033333333333334 0.2425 0.023333333333333334 0.075
0 0.61 0.24 0.0033333333333333335 0.006666666666666667
0 0.17 0.9733333333333334 0.04666666666666667 0.05333333333333334
0 0.6108333333333333 0.9675 0.021666666666666667 0.065
0 0.6475 0.9625 0.018333333333333333 0.075
0 0.5991666666666666 0.9641666666666666 0.018333333333333333 0.041666666666666664
0 0.5691666666666667 0.9666666666666667 0.03166666666666667 0.03666666666666667
0 0.5475 0.9625 0.03166666666666667 0.03166666666666667
0 0.5941666666666666 0.9591666666666666 0.035 0.04833333333333333
0 0.575 0.05416666666666667 0.023333333333333334 0.075
0 0.6375 0.9441666666666667 0.021666666666666667 0.058333333333333334
0 0.5258333333333334 0.9408333333333333 0.028333333333333332 0.03833333333333333
0 0.5075 0.9366666666666666 0.028333333333333332 0.04666666666666667
0 0.5675 0.9391666666666667 0.03166666666666667 0.025
0 0.535 0.9141666666666667 0.02666666666666667 0.055
0 0.5591666666666667 0.9083333333333333 0.03166666666666667 0.05333333333333334
0 0.51 0.8933333333333333 0.023333333333333334 0.04666666666666667
0 0.4925 0.8941666666666667 0.03166666666666667 0.045
0 0.6583333333333333 0.8908333333333334 0.016666666666666666 0.035
0 0.645 0.8891666666666667 0.023333333333333334 0.04833333333333333
0 0.6741666666666667 0.8541666666666666 0.035 0.035
0 0.36333333333333334 0.8516666666666667 0.03666666666666667 0.05
0 0.4841666666666667 0.8458333333333333 0.035 0.04833333333333333
0 0.375 0.8433333333333334 0.03333333333333333 0.04666666666666667
0 0.6658333333333334 0.8391666666666666 0.028333333333333332 0.025
0 0.6875 0.8258333333333333 0.03833333333333333 0.028333333333333332
0 0.4583333333333333 0.8175 0.02666666666666667 0.045
0 0.37166666666666665 0.8125 0.023333333333333334 0.055
0 0.3458333333333333 0.8058333333333333 0.025 0.041666666666666664
0 0.08416666666666667 0.8033333333333333 0.025 0.03666666666666667
0 0.3225 0.805 0.028333333333333332 0.043333333333333335
0 0.4191666666666667 0.7833333333333333 0.021666666666666667 0.05333333333333334
0 0.3466666666666667 0.7825 0.02666666666666667 0.045
0 0.43833333333333335 0.78 0.023333333333333334 0.04666666666666667
0 0.405 0.7458333333333333 0.023333333333333334 0.035
0 0.45666666666666667 0.725 0.023333333333333334 0.06
0 0.3875 0.7241666666666666 0.008333333333333333 0.035
0 0.39916666666666667 0.7108333333333333 0.03166666666666667 0.06166666666666667
0 0.41333333333333333 0.6916666666666667 0.02 0.08333333333333333
0 0.44666666666666666 0.6758333333333333 0.016666666666666666 0.041666666666666664
0 0.37583333333333335 0.6608333333333334 0.015 0.045
0 0.39 0.6591666666666667 0.02 0.051666666666666666
0 0.39416666666666667 0.6408333333333334 0.018333333333333333 0.07833333333333334
0 0.4275 0.6225 0.021666666666666667 0.075
0 0.36916666666666664 0.6025 0.015 0.06166666666666667
0 0.3958333333333333 0.6058333333333333 0.021666666666666667 0.07166666666666667
0 0.38333333333333336 0.5933333333333334 0.013333333333333334 0.06666666666666667
0 0.41833333333333333 0.5925 0.016666666666666666 0.065
0 0.41 0.5708333333333333 0.016666666666666666 0.058333333333333334
0 0.11916666666666667 0.5633333333333334 0.035 0.05
