0 0.4325 0.045 0.021666666666666667 0.03666666666666667
0 0.44083333333333335 0.4791666666666667 0.03166666666666667 0.051666666666666666
0 0.4175 0.04583333333333333 0.021666666666666667 0.051666666666666666
0 0.3516666666666667 0.050833333333333335 0.016666666666666666 0.041666666666666664
0 0.4575 0.5766666666666667 0.015 0.07666666666666666
0 0.4625 0.6541666666666667 0.021666666666666667 0.07166666666666667
0 0.48 0.675 0.02666666666666667 0.07
0 0.4575 0.6833333333333333 0.018333333333333333 0.07333333333333333
0 0.37166666666666665 0.0675 0.016666666666666666 0.04833333333333333
0 0.475 0.7516666666666667 0.02666666666666667 0.04666666666666667
0 0.44416666666666665 0.07583333333333334 0.03166666666666667 0.028333333333333332
0 0.48833333333333334 0.8116666666666666 0.023333333333333334 0.07666666666666666
0 0.4683333333333333 0.8225 0.03 0.058333333333333334
0 0.5058333333333334 0.8291666666666667 0.015 0.058333333333333334
0 0.47583333333333333 0.8575 0.03166666666666667 0.03166666666666667
0 0.5191666666666667 0.8716666666666667 0.028333333333333332 0.03
0 0.4716666666666667 0.8758333333333334 0.03333333333333333 0.041666666666666664
0 0.40166666666666667 0.0075 0.02 0.015
0 0.495 0.885 0.023333333333333334 0.02666666666666667
0 0.3616666666666667 0.0875 0.016666666666666666 0.058333333333333334
0 0.5075 0.9216666666666666 0.03166666666666667 0.05
0 0.5333333333333333 0.9308333333333333 0.02666666666666667 0.03833333333333333
0 0.5283333333333333 0.9608333333333333 0.02 0.051666666666666666
0 0.55 0.9633333333333334 0.03 0.04
0 0.5433333333333333 0.9841666666666666 0.016666666666666666 0.03166666666666667
0 0.5591666666666667 0.9925 0.021666666666666667 0.015
0 0.35083333333333333 0.09916666666666667 0.015 0.058333333333333334
0 0.4525 0.125 0.015 0.006666666666666667
0 0.44416666666666665 0.11 0.035 0.04
0 0.335 0.12333333333333334 0.016666666666666666 0.06333333333333334
0 0.345 0.14333333333333334 0.013333333333333334 0.05
0 0.3641666666666667 0.14666666666666667 0.015 0.056666666666666664
0 0.37666666666666665 0.15166666666666667 0.02 0.056666666666666664
0 0.3616666666666667 0.14833333333333334 0.016666666666666666 0.05333333333333334
0 0.33666666666666667 0.18916666666666668 0.013333333333333334 0.065
0 0.34833333333333333 0.2 0.013333333333333334 0.05333333333333334
0 0.36 0.20333333333333334 0.02 0.06
0 0.38 0.21 0.016666666666666666 0.06333333333333334
0 0.3516666666666667 0.23916666666666667 0.02666666666666667 0.03166666666666667
0 0.37833333333333335 0.020833333333333332 0.03 0.03833333333333333
0 0.35833333333333334 0.0225 0.016666666666666666 0.045
0 0.37416666666666665 0.26416666666666666 0.018333333333333333 0.058333333333333334
0 0.3383333333333333 0.2675 0.023333333333333334 0.055
0 0.3383333333333333 0.025 0.023333333333333334 0.05
0 0.3591666666666667 0.275 0.021666666666666667 0.04666666666666667
0 0.3591666666666667 0.31583333333333335 0.03166666666666667 0.041666666666666664
0 0.4041666666666667 0.3475 0.03166666666666667 0.051666666666666666
0 0.39166666666666666 0.3566666666666667 0.03333333333333333 0.04666666666666667
0 0.4083333333333333 0.3975 0.03333333333333333 0.045
0 0.42333333333333334 0.3983333333333333 0.03 0.04666666666666667
0 0.385 0.41083333333333333 0.023333333333333334 0.03833333333333333
0 0.4058333333333333 0.041666666666666664 0.028333333333333332 0.05333333333333334
0 0.4325 0.4425 0.025 0.051666666666666666
