0 0.9775 0.47333333333333333 0.03833333333333333 0.06666666666666667
0 0.7566666666666667 0.4725 0.04 0.051666666666666666
0 0.5108333333333334 0.1 0.021666666666666667 0.06333333333333334
0 0.5358333333333334 0.14083333333333334 0.018333333333333333 0.065
0 0.5241666666666667 0.1725 0.025 0.06833333333333333
0 0.49166666666666664 0.24833333333333332 0.043333333333333335 0.03666666666666667
0 0.44166666666666665 0.25083333333333335 0.03333333333333333 0.03833333333333333
0 0.6566666666666666 0.2708333333333333 0.03666666666666667 0.04833333333333333
0 0.4683333333333333 0.2733333333333333 0.03 0.023333333333333334
0 0.6741666666666667 0.2758333333333333 0.035 0.051666666666666666
0 0.7033333333333334 0.28 0.03666666666666667 0.043333333333333335
0 0.40166666666666667 0.2841666666666667 0.04 0.03833333333333333
0 0.48583333333333334 0.28583333333333333 0.041666666666666664 0.035
0 0.42583333333333334 0.29083333333333333 0.035 0.04833333333333333
0 0.44333333333333336 0.2941666666666667 0.04 0.035
0 0.7208333333333333 0.325 0.045 0.06
0 0.6858333333333333 0.33 0.018333333333333333 0.056666666666666664
0 0.7525 0.3308333333333333 0.028333333333333332 0.07166666666666667
0 0.5766666666666667 0.3566666666666667 0.03 0.06
0 0.71 0.41583333333333333 0.043333333333333335 0.04833333333333333
0 0.7291666666666666 0.4241666666666667 0.025 0.051666666666666666
