0 0.26166666666666666 0.01 0.04 0.02
0 0.6508333333333334 0.4766666666666667 0.025 0.06
0 0.62 0.4866666666666667 0.03666666666666667 0.03
0 0.6283333333333333 0.505 0.02666666666666667 0.05333333333333334
0 0.6491666666666667 0.5058333333333334 0.028333333333333332 0.041666666666666664
0 0.2941666666666667 0.013333333333333334 0.04833333333333333 0.02666666666666667
0 0.34 0.5075 0.016666666666666666 0.065
0 0.3616666666666667 0.5241666666666667 0.03 0.051666666666666666
0 0.605 0.5291666666666667 0.023333333333333334 0.055
0 0.5575 0.5391666666666667 0.03833333333333333 0.028333333333333332
0 0.5816666666666667 0.5525 0.02666666666666667 0.045
0 0.35583333333333333 0.56 0.021666666666666667 0.05
0 0.5641666666666667 0.575 0.041666666666666664 0.02666666666666667
0 0.37333333333333335 0.5825 0.016666666666666666 0.065
0 0.465 0.5841666666666666 0.02666666666666667 0.055
0 0.3325 0.585 0.035 0.03666666666666667
0 0.44 0.6125 0.0033333333333333335 0.005
0 0.6633333333333333 0.5916666666666667 0.03333333333333333 0.03333333333333333
0 0.4841666666666667 0.595 0.028333333333333332 0.06666666666666667
0 0.4425 0.5941666666666666 0.018333333333333333 0.051666666666666666
0 0.495 0.5933333333333334 0.02 0.05333333333333334
0 0.6358333333333334 0.6066666666666667 0.03166666666666667 0.02666666666666667
0 0.5925 0.6158333333333333 0.041666666666666664 0.03166666666666667
0 0.36666666666666664 0.6191666666666666 0.02 0.051666666666666666
0 0.3016666666666667 0.014166666666666666 0.04666666666666667 0.028333333333333332
0 0.5125 0.6158333333333333 0.018333333333333333 0.06166666666666667
0 0.38916666666666666 0.6166666666666667 0.021666666666666667 0.06
0 0.46166666666666667 0.6258333333333334 0.02 0.058333333333333334
0 0.6658333333333334 0.6291666666666667 0.035 0.025
0 0.5583333333333333 0.6283333333333333 0.03 0.04
0 0.6025 0.6375 0.028333333333333332 0.035
0 0.6208333333333333 0.6391666666666667 0.03833333333333333 0.041666666666666664
0 0.3458333333333333 0.6458333333333334 0.035 0.03166666666666667
0 0.5366666666666666 0.6441666666666667 0.02 0.055
0 0.3858333333333333 0.6466666666666666 0.021666666666666667 0.056666666666666664
0 0.29083333333333333 0.6441666666666667 0.025 0.04833333333333333
0 0.33666666666666667 0.65 0.04666666666666667 0.04
0 0.6233333333333333 0.6541666666666667 0.03333333333333333 0.041666666666666664
0 0.48833333333333334 0.6525 0.016666666666666666 0.04833333333333333
0 0.4041666666666667 0.6558333333333334 0.015 0.06166666666666667
0 0.4575 0.6566666666666666 0.021666666666666667 0.06
0 0.5558333333333333 0.6616666666666666 0.025 0.05333333333333334
0 0.4483333333333333 0.6616666666666666 0.03333333333333333 0.05
0 0.5833333333333334 0.6641666666666667 0.043333333333333335 0.028333333333333332
0 0.42083333333333334 0.6683333333333333 0.021666666666666667 0.043333333333333335
0 0.31916666666666665 0.6691666666666667 0.035 0.041666666666666664
0 0.5133333333333333 0.6666666666666666 0.023333333333333334 0.043333333333333335
0 0.5308333333333334 0.6758333333333333 0.03166666666666667 0.06833333333333333
0 0.38083333333333336 0.6725 0.028333333333333332 0.04833333333333333
0 0.4683333333333333 0.6725 0.016666666666666666 0.04833333333333333
0 0.2633333333333333 0.015833333333333335 0.02 0.03166666666666667
0 0.36333333333333334 0.6766666666666666 0.02666666666666667 0.04666666666666667
0 0.48333333333333334 0.6841666666666667 0.016666666666666666 0.06166666666666667
0 0.5933333333333334 0.6908333333333333 0.043333333333333335 0.03166666666666667
0 0.2725 0.695 0.035 0.03
0 0.565 0.6975 0.04 0.055
0 0.5358333333333334 0.6958333333333333 0.018333333333333333 0.03166666666666667
0 0.49833333333333335 0.7016666666666667 0.016666666666666666 0.06666666666666667
0 0.35083333333333333 0.7033333333333334 0.041666666666666664 0.03666666666666667
0 0.4041666666666667 0.7075 0.021666666666666667 0.055
0 0.43333333333333335 0.7133333333333334 0.03333333333333333 0.05333333333333334
0 0.4166666666666667 0.7133333333333334 0.02 0.05
0 0.3933333333333333 0.715 0.03 0.04
0 0.5241666666666667 0.7133333333333334 0.028333333333333332 0.06666666666666667
0 0.4716666666666667 0.7175 0.02 0.051666666666666666
0 0.45416666666666666 0.7208333333333333 0.018333333333333333 0.051666666666666666
0 0.5641666666666667 0.7241666666666666 0.041666666666666664 0.035
0 0.5416666666666666 0.7333333333333333 0.023333333333333334 0.043333333333333335
0 0.5016666666666667 0.7483333333333333 0.04 0.043333333333333335
0 0.5816666666666667 0.7508333333333334 0.03666666666666667 0.028333333333333332
0 0.43916666666666665 0.7525 0.025 0.04833333333333333
0 0.4175 0.7533333333333333 0.03166666666666667 0.03333333333333333
0 0.46416666666666667 0.7725 0.03166666666666667 0.051666666666666666
0 0.4866666666666667 0.7733333333333333 0.03333333333333333 0.05
0 0.5266666666666666 0.795 0.03666666666666667 0.04666666666666667
0 0.37666666666666665 0.050833333333333335 0.04 0.035
0 0.4 0.05416666666666667 0.04 0.051666666666666666
0 0.5341666666666667 0.225 0.041666666666666664 0.03
0 0.5841666666666666 0.23833333333333334 0.03833333333333333 0.05333333333333334
0 0.5008333333333334 0.23333333333333334 0.035 0.03333333333333333
0 0.5358333333333334 0.24666666666666667 0.03833333333333333 0.03666666666666667
0 0.47833333333333333 0.25333333333333335 0.03 0.023333333333333334
0 0.5833333333333334 0.2525 0.023333333333333334 0.028333333333333332
0 0.5466666666666666 0.265 0.03666666666666667 0.04
0 0.4583333333333333 0.26666666666666666 0.03333333333333333 0.03
0 0.49333333333333335 0.2733333333333333 0.043333333333333335 0.03333333333333333
0 0.7741666666666667 0.31916666666666665 0.035 0.045
0 0.5041666666666667 0.32666666666666666 0.035 0.056666666666666664
0 0.74 0.35833333333333334 0.03333333333333333 0.05333333333333334
0 0.7183333333333334 0.375 0.02666666666666667 0.043333333333333335
0 0.6816666666666666 0.4075 0.02666666666666667 0.03833333333333333
0 0.7025 0.4166666666666667 0.021666666666666667 0.03666666666666667
0 0.6783333333333333 0.44083333333333335 0.03 0.051666666666666666
0 0.6466666666666666 0.46166666666666667 0.03333333333333333 0.03333333333333333
