0 0.6866666666666666 0.4891666666666667 0.016666666666666666 0.07166666666666667
0 0.6741666666666667 0.4866666666666667 0.018333333333333333 0.06666666666666667
0 0.6325 0.49 0.025 0.06333333333333334
0 0.6466666666666666 0.48583333333333334 0.013333333333333334 0.021666666666666667
0 0.6216666666666667 0.49083333333333334 0.013333333333333334 0.025
0 0.6991666666666667 0.5133333333333333 0.015 0.05333333333333334
0 0.6666666666666666 0.52 0.023333333333333334 0.06
0 0.6333333333333333 0.5258333333333334 0.02666666666666667 0.055
0 0.6633333333333333 0.5533333333333333 0.016666666666666666 0.05333333333333334
0 0.7 0.5583333333333333 0.03333333333333333 0.04666666666666667
0 0.6416666666666667 0.5691666666666667 0.02666666666666667 0.051666666666666666
0 0.6966666666666667 0.59 0.03333333333333333 0.04666666666666667
0 0.7208333333333333 0.5941666666666666 0.018333333333333333 0.058333333333333334
0 0.6816666666666666 0.5933333333333334 0.023333333333333334 0.06
0 0.73 0.6041666666666666 0.03 0.07166666666666667
0 0.6766666666666666 0.6308333333333334 0.023333333333333334 0.08166666666666667
0 0.7166666666666667 0.63 0.02 0.05
0 0.7016666666666667 0.6383333333333333 0.02666666666666667 0.056666666666666664
0 0.6983333333333334 0.6641666666666667 0.023333333333333334 0.051666666666666666
0 0.7325 0.6708333333333333 0.025 0.051666666666666666
0 0.7216666666666667 0.6933333333333334 0.016666666666666666 0.056666666666666664
0 0.6908333333333333 0.7 0.018333333333333333 0.06
0 0.7308333333333333 0.72 0.011666666666666667 0.03
0 0.7075 0.7275 0.018333333333333333 0.055
0 0.69 0.7483333333333333 0.013333333333333334 0.06
0 0.7033333333333334 0.76 0.016666666666666666 0.06666666666666667
0 0.09666666666666666 0.9491666666666667 0.03 0.095
0 0.15833333333333333 0.985 0.016666666666666666 0.03
0 0.635 0.22666666666666666 0.02666666666666667 0.07666666666666666
0 0.6633333333333333 0.25666666666666665 0.023333333333333334 0.07333333333333333
0 0.6625 0.2575 0.025 0.075
0 0.6425 0.29 0.018333333333333333 0.05333333333333334
0 0.6608333333333334 0.3416666666666667 0.018333333333333333 0.06333333333333334
0 0.6491666666666667 0.35333333333333333 0.018333333333333333 0.07333333333333333
0 0.6858333333333333 0.37 0.018333333333333333 0.06666666666666667
0 0.705 0.39166666666666666 0.02 0.06
0 0.66 0.3933333333333333 0.016666666666666666 0.06
0 0.6733333333333333 0.4216666666666667 0.02 0.06666666666666667
0 0.65 0.44166666666666665 0.0033333333333333335 0.006666666666666667
0 0.69 0.43 0.013333333333333334 0.043333333333333335
0 0.7 0.43916666666666665 0.013333333333333334 0.055
0 0.6433333333333333 0.44416666666666665 0.023333333333333334 0.07166666666666667
0 0.6608333333333334 0.4558333333333333 0.018333333333333333 0.06166666666666667
