0 0.6325 0.48 0.021666666666666667 0.05
0 0.6116666666666667 0.495 0.023333333333333334 0.043333333333333335
0 0.5716666666666667 0.5291666666666667 0.04 0.025
0 0.5991666666666666 0.54 0.035 0.04666666666666667
0 0.6758333333333333 0.5416666666666666 0.03166666666666667 0.03
0 0.6933333333333334 0.5625 0.03333333333333333 0.03833333333333333
0 0.6591666666666667 0.5641666666666667 0.035 0.025
0 0.5125 0.5691666666666667 0.041666666666666664 0.028333333333333332
0 0.6083333333333333 0.5866666666666667 0.04 0.03333333333333333
0 0.6283333333333333 0.5916666666666667 0.02666666666666667 0.04
0 0.64 0.5991666666666666 0.03666666666666667 0.045
0 0.515 0.6008333333333333 0.023333333333333334 0.03833333333333333
0 0.6425 0.6166666666666667 0.03166666666666667 0.04
0 0.5966666666666667 0.6191666666666666 0.03666666666666667 0.021666666666666667
0 0.4525 0.6225 0.035 0.051666666666666666
0 0.49583333333333335 0.6216666666666667 0.028333333333333332 0.043333333333333335
0 0.0075 0.030833333333333334 0.015 0.041666666666666664
0 0.3725 0.6233333333333333 0.028333333333333332 0.043333333333333335
0 0.5141666666666667 0.6258333333333334 0.028333333333333332 0.03833333333333333
0 0.4666666666666667 0.6233333333333333 0.023333333333333334 0.04666666666666667
0 0.5366666666666666 0.63 0.02 0.05333333333333334
0 0.6066666666666667 0.6375 0.03333333333333333 0.028333333333333332
0 0.5608333333333333 0.6733333333333333 0.0016666666666666668 0.0033333333333333335
0 0.58 0.6441666666666667 0.02666666666666667 0.041666666666666664
0 0.49666666666666665 0.6491666666666667 0.02666666666666667 0.045
0 0.6216666666666667 0.6575 0.04 0.03833333333333333
0 0.5608333333333333 0.6608333333333334 0.028333333333333332 0.03833333333333333
0 0.3725 0.6641666666666667 0.03166666666666667 0.045
0 0.5433333333333333 0.67 0.03 0.04
0 0.395 0.6691666666666667 0.016666666666666666 0.051666666666666666
0 0.5216666666666666 0.6675 0.023333333333333334 0.045
0 0.42083333333333334 0.6675 0.021666666666666667 0.051666666666666666
0 0.5958333333333333 0.6783333333333333 0.041666666666666664 0.03333333333333333
0 0.4866666666666667 0.68 0.023333333333333334 0.056666666666666664
0 0.4091666666666667 0.6833333333333333 0.015 0.05
0 0.47583333333333333 0.6891666666666667 0.028333333333333332 0.04833333333333333
0 0.6341666666666667 0.6983333333333334 0.03166666666666667 0.043333333333333335
0 0.39 0.7025 0.03 0.028333333333333332
0 0.5966666666666667 0.7041666666666667 0.03666666666666667 0.028333333333333332
0 0.5208333333333334 0.7008333333333333 0.025 0.051666666666666666
0 0.4575 0.7091666666666666 0.025 0.035
0 0.4425 0.7116666666666667 0.018333333333333333 0.06
0 0.4275 0.7108333333333333 0.021666666666666667 0.04833333333333333
0 0.5408333333333334 0.7108333333333333 0.021666666666666667 0.07166666666666667
0 0.56 0.7133333333333334 0.03 0.056666666666666664
0 0.5908333333333333 0.7183333333333334 0.028333333333333332 0.023333333333333334
0 0.5166666666666667 0.7183333333333334 0.03 0.04666666666666667
0 0.36666666666666664 0.7208333333333333 0.03666666666666667 0.028333333333333332
0 0.41833333333333333 0.7225 0.02666666666666667 0.035
0 0.3333333333333333 0.725 0.02666666666666667 0.04666666666666667
0 0.44416666666666665 0.7275 0.021666666666666667 0.08833333333333333
0 0.4025 0.7258333333333333 0.025 0.03166666666666667
0 0.35583333333333333 0.7383333333333333 0.03166666666666667 0.03333333333333333
0 0.4708333333333333 0.7408333333333333 0.028333333333333332 0.03166666666666667
0 0.49333333333333335 0.7458333333333333 0.023333333333333334 0.041666666666666664
0 0.5175 0.7458333333333333 0.025 0.03833333333333333
0 0.44666666666666666 0.7558333333333334 0.023333333333333334 0.041666666666666664
0 0.5733333333333334 0.7558333333333334 0.03 0.051666666666666666
0 0.39166666666666666 0.7608333333333334 0.03666666666666667 0.03166666666666667
0 0.4325 0.7616666666666667 0.035 0.05
0 0.5475 0.7633333333333333 0.035 0.03666666666666667
0 0.46416666666666667 0.7641666666666667 0.021666666666666667 0.041666666666666664
0 0.315 0.78 0.03333333333333333 0.02666666666666667
0 0.5966666666666667 0.7833333333333333 0.016666666666666666 0.056666666666666664
0 0.48333333333333334 0.7783333333333333 0.03 0.04666666666666667
0 0.5266666666666666 0.7791666666666667 0.03333333333333333 0.041666666666666664
0 0.435 0.7808333333333334 0.03333333333333333 0.03833333333333333
0 0.5133333333333333 0.7916666666666666 0.03333333333333333 0.04
0 0.4683333333333333 0.7941666666666667 0.03333333333333333 0.028333333333333332
0 0.5858333333333333 0.7966666666666666 0.035 0.05
0 0.295 0.06 0.03666666666666667 0.06333333333333334
0 0.25833333333333336 0.135 0.006666666666666667 0.0033333333333333335
0 0.2708333333333333 0.115 0.03833333333333333 0.05
0 0.23416666666666666 0.11916666666666667 0.03166666666666667 0.03833333333333333
0 0.37833333333333335 0.12166666666666667 0.04 0.03666666666666667
0 0.35083333333333333 0.13 0.035 0.03
0 0.23833333333333334 0.13833333333333334 0.016666666666666666 0.03
0 0.57 0.225 0.03666666666666667 0.05333333333333334
0 0.7616666666666667 0.22583333333333333 0.03 0.055
0 0.5733333333333334 0.235 0.016666666666666666 0.03666666666666667
0 0.515 0.23833333333333334 0.03666666666666667 0.03666666666666667
0 0.5216666666666666 0.26 0.03666666666666667 0.043333333333333335
0 0.4875 0.25833333333333336 0.03166666666666667 0.03
0 0.5383333333333333 0.2633333333333333 0.03 0.04666666666666667
0 0.735 0.2808333333333333 0.023333333333333334 0.06166666666666667
0 0.47 0.28583333333333333 0.03 0.021666666666666667
0 0.7158333333333333 0.3025 0.021666666666666667 0.03833333333333333
0 0.49833333333333335 0.2991666666666667 0.043333333333333335 0.03166666666666667
0 0.4508333333333333 0.30583333333333335 0.035 0.025
0 0.6883333333333334 0.33 0.03 0.05333333333333334
0 0.7116666666666667 0.3333333333333333 0.02 0.03
0 0.49666666666666665 0.3525 0.03333333333333333 0.058333333333333334
0 0.6883333333333334 0.36583333333333334 0.02 0.058333333333333334
0 0.655 0.3825 0.02666666666666667 0.06166666666666667
0 0.6691666666666667 0.39 0.021666666666666667 0.06
0 0.6516666666666666 0.4325 0.016666666666666666 0.058333333333333334
0 0.6333333333333333 0.44666666666666666 0.02666666666666667 0.043333333333333335
0 0.6616666666666666 0.44166666666666665 0.02 0.05
0 0.32666666666666666 0.0225 0.02 0.045
