0 0.4683333333333333 0.5316666666666666 0.04 0.02666666666666667
0 0.43 0.5266666666666666 0.03333333333333333 0.03
0 0.43666666666666665 0.51 0.03666666666666667 0.03
0 0.7491666666666666 0.5075 0.018333333333333333 0.058333333333333334
0 0.7825 0.48 0.018333333333333333 0.06333333333333334
0 0.7625 0.4708333333333333 0.018333333333333333 0.08166666666666667
0 0.73 0.47 0.03333333333333333 0.03333333333333333
0 0.6841666666666667 0.4533333333333333 0.018333333333333333 0.07
0 0.7758333333333334 0.43 0.018333333333333333 0.07333333333333333
0 0.6608333333333334 0.4266666666666667 0.018333333333333333 0.05333333333333334
0 0.6416666666666667 0.4175 0.02666666666666667 0.051666666666666666
0 0.7958333333333333 0.41 0.015 0.03666666666666667
0 0.7875 0.4075 0.021666666666666667 0.045
0 0.62 0.3983333333333333 0.02 0.023333333333333334
0 0.8183333333333334 0.39166666666666666 0.03 0.056666666666666664
0 0.64 0.3875 0.03 0.03833333333333333
0 0.6575 0.3875 0.028333333333333332 0.03833333333333333
0 0.5991666666666666 0.3858333333333333 0.025 0.045
0 0.4841666666666667 0.38166666666666665 0.028333333333333332 0.03333333333333333
0 0.5025 0.37416666666666665 0.03166666666666667 0.03833333333333333
0 0.6183333333333333 0.37083333333333335 0.02 0.03833333333333333
0 0.7625 0.365 0.035 0.05
0 0.6016666666666667 0.36333333333333334 0.02666666666666667 0.04666666666666667
0 0.46 0.3591666666666667 0.023333333333333334 0.058333333333333334
0 0.6391666666666667 0.35583333333333333 0.015 0.03166666666666667
0 0.6241666666666666 0.3516666666666667 0.03166666666666667 0.03666666666666667
0 0.5666666666666667 0.3491666666666667 0.02666666666666667 0.03833333333333333
0 0.525 0.35 0.03333333333333333 0.03666666666666667
0 0.4891666666666667 0.34 0.035 0.02666666666666667
0 0.5375 0.33416666666666667 0.03833333333333333 0.03166666666666667
0 0.45666666666666667 0.3283333333333333 0.03 0.04666666666666667
0 0.5766666666666667 0.3275 0.023333333333333334 0.051666666666666666
0 0.43833333333333335 0.3258333333333333 0.016666666666666666 0.04833333333333333
0 0.5941666666666666 0.32666666666666666 0.028333333333333332 0.03666666666666667
0 0.5583333333333333 0.3225 0.03 0.03166666666666667
0 0.6083333333333333 0.3175 0.03333333333333333 0.028333333333333332
0 0.5083333333333333 0.31 0.04 0.03333333333333333
0 0.41833333333333333 0.2941666666666667 0.023333333333333334 0.065
0 0.5441666666666667 0.2941666666666667 0.041666666666666664 0.028333333333333332
0 0.43166666666666664 0.2833333333333333 0.03333333333333333 0.04
0 0.675 0.9208333333333333 0.04 0.035
0 0.39166666666666666 0.9933333333333333 0.013333333333333334 0.013333333333333334
0 0.39 0.9858333333333333 0.02 0.028333333333333332
0 0.6783333333333333 0.6858333333333333 0.043333333333333335 0.035
