0 0.6708333333333333 0.37416666666666665 0.075 0.051666666666666666
0 0.2275 0.3233333333333333 0.07166666666666667 0.06
0 0.17166666666666666 0.21333333333333335 0.06666666666666667 0.08666666666666667
0 0.41333333333333333 0.2 0.07 0.05333333333333334
0 0.35083333333333333 0.1675 0.055 0.10166666666666667
0 0.245 0.15666666666666668 0.07333333333333333 0.05333333333333334
0 0.145 0.10166666666666667 0.07666666666666666 0.056666666666666664
0 0.26416666666666666 0.09166666666666666 0.06833333333333333 0.05
0 0.215 0.058333333333333334 0.03333333333333333 0.11666666666666667
0 0.5608333333333333 0.0375 0.03833333333333333 0.075
0 0.6025 0.035 0.03166666666666667 0.07
0 0.42083333333333334 0.895 0.055 0.1
0 0.33416666666666667 0.8891666666666667 0.07833333333333334 0.058333333333333334
0 0.3433333333333333 0.9916666666666667 0.04666666666666667 0.016666666666666666
0 0.495 0.7408333333333333 0.05333333333333334 0.105
0 0.5425 0.7108333333333333 0.051666666666666666 0.09166666666666666
0 0.485 0.6333333333333333 0.07 0.05333333333333334
0 0.6758333333333333 0.6216666666666667 0.058333333333333334 0.11
0 0.29333333333333333 0.9625 0.07666666666666666 0.058333333333333334
0 0.8091666666666667 0.9675 0.035 0.065
0 0.9633333333333334 0.5641666666666667 0.05333333333333334 0.058333333333333334
