0 0.3441666666666667 0.5216666666666666 0.015 0.06
0 0.335 0.49916666666666665 0.02 0.06833333333333333
0 0.3258333333333333 0.49333333333333335 0.015 0.06
0 0.31416666666666665 0.4116666666666667 0.018333333333333333 0.08
0 0.36666666666666664 0.014166666666666666 0.04 0.028333333333333332
0 0.06916666666666667 0.7675 0.045 0.035
0 0.2866666666666667 0.735 0.03 0.03333333333333333
0 0.25666666666666665 0.7266666666666667 0.03 0.03333333333333333
0 0.23833333333333334 0.7175 0.03 0.025
0 0.29083333333333333 0.7066666666666667 0.028333333333333332 0.03
0 0.23166666666666666 0.6941666666666667 0.03666666666666667 0.025
0 0.31333333333333335 0.6916666666666667 0.02 0.06
0 0.2683333333333333 0.6916666666666667 0.03 0.04
0 0.2925 0.6875 0.035 0.03166666666666667
0 0.25416666666666665 0.6716666666666666 0.03166666666666667 0.03
0 0.32666666666666666 0.6666666666666666 0.016666666666666666 0.06333333333333334
0 0.2916666666666667 0.6616666666666666 0.03666666666666667 0.02666666666666667
0 0.305 0.6466666666666666 0.03 0.02666666666666667
0 0.33416666666666667 0.6258333333333334 0.018333333333333333 0.055
0 0.31333333333333335 0.6225 0.03 0.025
0 0.3383333333333333 0.5791666666666667 0.03666666666666667 0.028333333333333332
0 0.31916666666666665 0.5633333333333334 0.041666666666666664 0.02666666666666667
0 0.31416666666666665 0.545 0.041666666666666664 0.023333333333333334
