0 0.6191666666666666 0.4725 0.021666666666666667 0.051666666666666666
0 0.46 0.4791666666666667 0.03 0.041666666666666664
0 0.4891666666666667 0.48583333333333334 0.03833333333333333 0.051666666666666666
0 0.43416666666666665 0.4975 0.035 0.055
0 0.3375 0.5033333333333333 0.03833333333333333 0.04666666666666667
0 0.4608333333333333 0.5075 0.035 0.051666666666666666
0 0.31333333333333335 0.5091666666666667 0.04 0.04833333333333333
0 0.2916666666666667 0.5125 0.04 0.035
0 0.7308333333333333 0.5191666666666667 0.025 0.085
0 0.495 0.525 0.03666666666666667 0.04
0 0.7591666666666667 0.5408333333333334 0.035 0.065
0 0.3525 0.5466666666666666 0.03166666666666667 0.04666666666666667
0 0.7841666666666667 0.5708333333333333 0.035 0.058333333333333334
0 0.7391666666666666 0.5816666666666667 0.021666666666666667 0.06666666666666667
0 0.755 0.5925 0.023333333333333334 0.058333333333333334
0 0.7816666666666666 0.5875 0.03666666666666667 0.065
0 0.7933333333333333 0.6308333333333334 0.016666666666666666 0.07833333333333334
0 0.7575 0.6375 0.021666666666666667 0.04833333333333333
0 0.8091666666666667 0.6375 0.025 0.08833333333333333
0 0.7766666666666666 0.6575 0.02 0.075
0 0.7925 0.6916666666666667 0.025 0.06
0 0.7908333333333334 0.6925 0.028333333333333332 0.06166666666666667
0 0.8141666666666667 0.7058333333333333 0.018333333333333333 0.055
0 0.14666666666666667 0.7283333333333334 0.04 0.04666666666666667
0 0.8058333333333333 0.7275 0.021666666666666667 0.06166666666666667
0 0.1875 0.755 0.035 0.06333333333333334
0 0.5175 0.20416666666666666 0.021666666666666667 0.07833333333333334
0 0.5341666666666667 0.25416666666666665 0.021666666666666667 0.07166666666666667
0 0.555 0.27 0.02 0.08333333333333333
0 0.33416666666666667 0.3308333333333333 0.018333333333333333 0.08166666666666667
0 0.3516666666666667 0.3675 0.02 0.08166666666666667
0 0.37083333333333335 0.42916666666666664 0.018333333333333333 0.085
0 0.4475 0.445 0.035 0.03333333333333333
0 0.4075 0.44416666666666665 0.018333333333333333 0.08166666666666667
0 0.43083333333333335 0.445 0.03166666666666667 0.07
0 0.39 0.45416666666666666 0.02666666666666667 0.07833333333333334
