0 0.6791666666666667 0.4575 0.021666666666666667 0.051666666666666666
0 0.96 0.47333333333333333 0.023333333333333334 0.06666666666666667
0 0.7008333333333333 0.49083333333333334 0.021666666666666667 0.055
0 0.6783333333333333 0.5075 0.02666666666666667 0.03833333333333333
0 0.7233333333333334 0.5108333333333334 0.02 0.041666666666666664
0 0.7008333333333333 0.5225 0.018333333333333333 0.051666666666666666
0 0.96 0.5325 0.02666666666666667 0.07166666666666667
0 0.7166666666666667 0.5483333333333333 0.013333333333333334 0.06666666666666667
0 0.355 0.5516666666666666 0.03 0.06
0 0.32666666666666666 0.5575 0.016666666666666666 0.035
0 0.6975 0.565 0.021666666666666667 0.07
0 0.3475 0.58 0.025 0.056666666666666664
0 0.35833333333333334 0.59 0.023333333333333334 0.05
0 0.7583333333333333 0.6016666666666667 0.023333333333333334 0.07
0 0.7166666666666667 0.6058333333333333 0.023333333333333334 0.055
0 0.37583333333333335 0.6091666666666666 0.015 0.065
0 0.3225 0.6208333333333333 0.015 0.051666666666666666
0 0.735 0.6183333333333333 0.02 0.03333333333333333
0 0.38166666666666665 0.6108333333333333 0.02666666666666667 0.06833333333333333
0 0.285 0.6208333333333333 0.02666666666666667 0.06833333333333333
0 0.3416666666666667 0.6191666666666666 0.02 0.045
0 0.3875 0.6191666666666666 0.015 0.055
0 0.7791666666666667 0.625 0.021666666666666667 0.05
0 0.31083333333333335 0.6275 0.018333333333333333 0.055
0 0.3575 0.6383333333333333 0.015 0.056666666666666664
0 0.8408333333333333 0.6475 0.028333333333333332 0.03166666666666667
0 0.7258333333333333 0.6508333333333334 0.03833333333333333 0.045
0 0.3333333333333333 0.6583333333333333 0.023333333333333334 0.056666666666666664
0 0.37 0.6566666666666666 0.016666666666666666 0.05333333333333334
0 0.12 0.6566666666666666 0.02666666666666667 0.05333333333333334
0 0.7575 0.6616666666666666 0.03833333333333333 0.03333333333333333
0 0.30833333333333335 0.6625 0.023333333333333334 0.058333333333333334
0 0.355 0.6741666666666667 0.02 0.04833333333333333
0 0.14583333333333334 0.68 0.03833333333333333 0.06333333333333334
0 0.3275 0.675 0.018333333333333333 0.05333333333333334
0 0.7975 0.6833333333333333 0.028333333333333332 0.05333333333333334
0 0.3875 0.6825 0.015 0.051666666666666666
0 0.1925 0.6891666666666667 0.041666666666666664 0.065
0 0.9541666666666667 0.055 0.051666666666666666 0.043333333333333335
0 0.17416666666666666 0.6908333333333333 0.035 0.045
0 0.8558333333333333 0.6991666666666667 0.028333333333333332 0.06166666666666667
0 0.3675 0.6966666666666667 0.011666666666666667 0.04
0 0.8183333333333334 0.7025 0.016666666666666666 0.025
0 0.13916666666666666 0.7091666666666666 0.025 0.03833333333333333
0 0.3258333333333333 0.7125 0.018333333333333333 0.045
0 0.3491666666666667 0.72 0.03166666666666667 0.05
0 0.38 0.7208333333333333 0.016666666666666666 0.06833333333333333
0 0.35 0.7366666666666667 0.0033333333333333335 0.0033333333333333335
0 0.825 0.7325 0.04 0.041666666666666664
0 0.2525 0.7283333333333334 0.028333333333333332 0.03333333333333333
0 0.27166666666666667 0.7341666666666666 0.023333333333333334 0.051666666666666666
0 0.3408333333333333 0.73 0.015 0.05
0 0.29833333333333334 0.7391666666666666 0.02666666666666667 0.028333333333333332
0 0.8608333333333333 0.735 0.018333333333333333 0.06333333333333334
0 0.22083333333333333 0.7491666666666666 0.018333333333333333 0.055
0 0.18666666666666668 0.7433333333333333 0.02666666666666667 0.03666666666666667
0 0.15833333333333333 0.7458333333333333 0.04 0.03833333333333333
0 0.8825 0.7541666666666667 0.021666666666666667 0.04833333333333333
0 0.2125 0.7508333333333334 0.03166666666666667 0.051666666666666666
0 0.3925 0.7533333333333333 0.015 0.056666666666666664
0 0.355 0.7591666666666667 0.02666666666666667 0.035
0 0.26 0.7625 0.03 0.045
0 0.37583333333333335 0.7666666666666667 0.015 0.043333333333333335
0 0.3408333333333333 0.7708333333333334 0.03166666666666667 0.04833333333333333
0 0.29583333333333334 0.77 0.041666666666666664 0.02666666666666667
0 0.37666666666666665 0.785 0.016666666666666666 0.03
0 0.36583333333333334 0.7825 0.035 0.035
0 0.24083333333333334 0.7875 0.021666666666666667 0.041666666666666664
0 0.2275 0.7841666666666667 0.0016666666666666668 0.0016666666666666668
0 0.255 0.7991666666666667 0.03 0.035
0 0.8858333333333334 0.7941666666666667 0.025 0.065
0 0.2833333333333333 0.8025 0.04 0.03166666666666667
0 0.305 0.8041666666666667 0.03333333333333333 0.04833333333333333
0 0.385 0.805 0.03 0.03666666666666667
0 0.23 0.81 0.023333333333333334 0.06
0 0.9808333333333333 0.07666666666666666 0.03833333333333333 0.03333333333333333
0 0.975 0.0875 0.05 0.058333333333333334
0 0.9416666666666667 0.17333333333333334 0.04666666666666667 0.03
0 0.69 0.29833333333333334 0.0033333333333333335 0.0033333333333333335
0 0.6716666666666666 0.26166666666666666 0.02 0.06666666666666667
0 0.705 0.2875 0.02 0.065
0 0.6575 0.31 0.015 0.05333333333333334
0 0.6775 0.33166666666666667 0.021666666666666667 0.06666666666666667
0 0.71 0.3433333333333333 0.013333333333333334 0.06666666666666667
0 0.6891666666666667 0.3433333333333333 0.015 0.04666666666666667
0 0.9858333333333333 0.35833333333333334 0.028333333333333332 0.05
0 0.8358333333333333 0.3575 0.021666666666666667 0.06833333333333333
0 0.9625 0.023333333333333334 0.04833333333333333 0.03666666666666667
0 0.7158333333333333 0.36083333333333334 0.021666666666666667 0.041666666666666664
0 0.7 0.3525 0.013333333333333334 0.04833333333333333
0 0.6616666666666666 0.3858333333333333 0.016666666666666666 0.07166666666666667
0 0.6858333333333333 0.38333333333333336 0.018333333333333333 0.056666666666666664
0 0.72 0.3875 0.02 0.04833333333333333
0 0.9825 0.4066666666666667 0.035 0.056666666666666664
0 0.7025 0.4083333333333333 0.015 0.056666666666666664
0 0.9866666666666667 0.4008333333333333 0.02666666666666667 0.045
0 0.685 0.4241666666666667 0.023333333333333334 0.055
0 0.9766666666666667 0.44916666666666666 0.02 0.04833333333333333
0 0.7158333333333333 0.4533333333333333 0.021666666666666667 0.07
