0 0.205 0.5366666666666666 0.03 0.05
0 0.6175 0.5275 0.025 0.075
0 0.7091666666666666 0.5158333333333334 0.015 0.065
0 0.6625 0.5058333333333334 0.03166666666666667 0.03833333333333333
0 0.2375 0.5016666666666667 0.03166666666666667 0.06
0 0.25833333333333336 0.5025 0.043333333333333335 0.045
0 0.6808333333333333 0.49416666666666664 0.03166666666666667 0.04833333333333333
0 0.6916666666666667 0.48583333333333334 0.02 0.065
0 0.1275 0.9733333333333334 0.03166666666666667 0.05333333333333334
0 0.7216666666666667 0.47833333333333333 0.016666666666666666 0.08333333333333333
0 0.6583333333333333 0.47833333333333333 0.023333333333333334 0.03333333333333333
0 0.6975 0.4975 0.0016666666666666668 0.0016666666666666668
0 0.275 0.46 0.03333333333333333 0.043333333333333335
0 0.5708333333333333 0.4533333333333333 0.021666666666666667 0.08666666666666667
0 0.6783333333333333 0.44666666666666666 0.016666666666666666 0.04666666666666667
0 0.6633333333333333 0.44083333333333335 0.016666666666666666 0.055
0 0.7083333333333334 0.4325 0.02 0.065
0 0.6875 0.4125 0.018333333333333333 0.065
0 0.56 0.41 0.02 0.07
0 0.7 0.4 0.016666666666666666 0.056666666666666664
0 0.2525 0.38 0.041666666666666664 0.04666666666666667
0 0.7116666666666667 0.37583333333333335 0.02 0.065
0 0.5708333333333333 0.36333333333333334 0.018333333333333333 0.07333333333333333
0 0.48 0.35083333333333333 0.03 0.075
0 0.6825 0.35083333333333333 0.021666666666666667 0.07833333333333334
0 0.1925 0.32666666666666666 0.025 0.08
0 0.7191666666666666 0.30833333333333335 0.018333333333333333 0.08333333333333333
0 0.6983333333333334 0.2966666666666667 0.023333333333333334 0.08
0 0.7008333333333333 0.24583333333333332 0.018333333333333333 0.055
0 0.715 0.2125 0.02 0.06833333333333333
0 0.7133333333333334 0.15416666666666667 0.023333333333333334 0.058333333333333334
0 0.21 0.135 0.023333333333333334 0.08333333333333333
0 0.13333333333333333 0.9466666666666667 0.03666666666666667 0.06666666666666667
0 0.7133333333333334 0.10166666666666667 0.023333333333333334 0.06333333333333334
0 0.23166666666666666 0.10333333333333333 0.02666666666666667 0.07
0 0.25916666666666666 0.08583333333333333 0.03833333333333333 0.075
0 0.32416666666666666 0.06583333333333333 0.041666666666666664 0.04833333333333333
0 0.2525 0.060833333333333336 0.028333333333333332 0.035
0 0.23416666666666666 0.049166666666666664 0.025 0.06833333333333333
0 0.7058333333333333 0.043333333333333335 0.025 0.06
0 0.6808333333333333 0.030833333333333334 0.03166666666666667 0.06166666666666667
0 0.27166666666666667 0.021666666666666667 0.03 0.043333333333333335
0 0.7033333333333334 0.013333333333333334 0.02 0.02666666666666667
0 0.14083333333333334 0.8866666666666667 0.018333333333333333 0.056666666666666664
0 0.25 0.8091666666666667 0.03333333333333333 0.045
0 0.17083333333333334 0.8066666666666666 0.018333333333333333 0.06
0 0.19083333333333333 0.8066666666666666 0.025 0.05
0 0.37833333333333335 0.7916666666666666 0.03666666666666667 0.02
0 0.15666666666666668 0.7916666666666666 0.023333333333333334 0.05333333333333334
0 0.185 0.785 0.023333333333333334 0.05333333333333334
0 0.12583333333333332 0.9908333333333333 0.03166666666666667 0.018333333333333333
0 0.3616666666666667 0.7741666666666667 0.04 0.041666666666666664
0 0.75 0.7641666666666667 0.04666666666666667 0.058333333333333334
0 0.39166666666666666 0.7558333333333334 0.03333333333333333 0.058333333333333334
0 0.7425 0.7475 0.03166666666666667 0.075
0 0.20833333333333334 0.745 0.023333333333333334 0.056666666666666664
0 0.14916666666666667 0.74 0.018333333333333333 0.043333333333333335
0 0.1875 0.7358333333333333 0.025 0.058333333333333334
0 0.33666666666666667 0.7308333333333333 0.04666666666666667 0.041666666666666664
0 0.23333333333333334 0.7175 0.03 0.041666666666666664
0 0.38 0.7066666666666667 0.043333333333333335 0.04666666666666667
0 0.21666666666666667 0.7008333333333333 0.03 0.041666666666666664
0 0.7583333333333333 0.6858333333333333 0.02 0.07166666666666667
0 0.2733333333333333 0.69 0.04 0.05
0 0.6583333333333333 0.6858333333333333 0.03333333333333333 0.028333333333333332
0 0.19583333333333333 0.68 0.021666666666666667 0.056666666666666664
0 0.7383333333333333 0.6758333333333333 0.02666666666666667 0.058333333333333334
0 0.3025 0.6691666666666667 0.041666666666666664 0.03166666666666667
0 0.3983333333333333 0.6566666666666666 0.03333333333333333 0.05
0 0.7016666666666667 0.645 0.04 0.056666666666666664
0 0.30333333333333334 0.6391666666666667 0.04 0.028333333333333332
0 0.43083333333333335 0.6358333333333334 0.035 0.028333333333333332
0 0.18416666666666667 0.63 0.028333333333333332 0.03333333333333333
0 0.715 0.6083333333333333 0.03666666666666667 0.04666666666666667
0 0.3233333333333333 0.6125 0.03666666666666667 0.03166666666666667
0 0.4725 0.6025 0.03833333333333333 0.045
0 0.45416666666666666 0.5983333333333334 0.03833333333333333 0.04666666666666667
0 0.09916666666666667 0.5891666666666666 0.041666666666666664 0.06166666666666667
0 0.20166666666666666 0.5941666666666666 0.04 0.03833333333333333
0 0.6866666666666666 0.5916666666666667 0.03 0.043333333333333335
0 0.66 0.5925 0.03666666666666667 0.06833333333333333
0 0.18 0.5891666666666666 0.016666666666666666 0.055
0 0.205 0.5633333333333334 0.03333333333333333 0.043333333333333335
0 0.48 0.5608333333333333 0.04666666666666667 0.03166666666666667
0 0.7016666666666667 0.5533333333333333 0.02666666666666667 0.04666666666666667
0 0.7008333333333333 0.5525 0.028333333333333332 0.04833333333333333
0 0.6766666666666666 0.5475 0.03666666666666667 0.04833333333333333
