0 0.12666666666666668 0.525 0.023333333333333334 0.08333333333333333
0 0.725 0.5241666666666667 0.02 0.051666666666666666
0 0.6466666666666666 0.5216666666666666 0.04 0.043333333333333335
0 0.11583333333333333 0.4675 0.021666666666666667 0.065
0 0.745 0.4583333333333333 0.02666666666666667 0.08
0 0.145 0.44416666666666665 0.03333333333333333 0.041666666666666664
0 0.08916666666666667 0.44 0.035 0.05333333333333334
0 0.065 0.43666666666666665 0.03 0.03333333333333333
0 0.8075 0.4166666666666667 0.03833333333333333 0.03666666666666667
0 0.034166666666666665 0.4116666666666667 0.045 0.03333333333333333
0 0.8325 0.4025 0.03833333333333333 0.04833333333333333
0 0.08916666666666667 0.39666666666666667 0.03166666666666667 0.05
0 0.0175 0.39 0.035 0.05
0 0.07416666666666667 0.38916666666666666 0.035 0.06166666666666667
0 0.035 0.36916666666666664 0.03666666666666667 0.04833333333333333
0 0.06333333333333334 0.36833333333333335 0.023333333333333334 0.043333333333333335
0 0.024166666666666666 0.3283333333333333 0.035 0.05333333333333334
0 0.05583333333333333 0.32416666666666666 0.028333333333333332 0.06833333333333333
0 0.4008333333333333 0.76 0.025 0.07333333333333333
0 0.355 0.7441666666666666 0.043333333333333335 0.03833333333333333
0 0.31833333333333336 0.7241666666666666 0.03666666666666667 0.035
0 0.4033333333333333 0.7125 0.02666666666666667 0.06833333333333333
0 0.3525 0.7125 0.025 0.058333333333333334
0 0.375 0.6966666666666667 0.02666666666666667 0.05333333333333334
0 0.39666666666666667 0.6783333333333333 0.023333333333333334 0.056666666666666664
0 0.37416666666666665 0.6625 0.021666666666666667 0.058333333333333334
0 0.6875 0.6325 0.03166666666666667 0.06166666666666667
0 0.6675 0.6058333333333333 0.025 0.07833333333333334
0 0.6841666666666667 0.5866666666666667 0.018333333333333333 0.06
0 0.6558333333333334 0.5858333333333333 0.025 0.07166666666666667
0 0.7116666666666667 0.5708333333333333 0.03666666666666667 0.058333333333333334
