0 0.17083333333333334 0.4691666666666667 0.035 0.06833333333333333
0 0.25666666666666665 0.4766666666666667 0.05333333333333334 0.043333333333333335
0 0.20333333333333334 0.495 0.02 0.056666666666666664
0 0.9675 0.0175 0.051666666666666666 0.035
0 0.18 0.5883333333333334 0.02666666666666667 0.08
0 0.30333333333333334 0.9025 0.05 0.07833333333333334
0 0.9016666666666666 0.07333333333333333 0.03333333333333333 0.06333333333333334
0 0.8708333333333333 0.12833333333333333 0.028333333333333332 0.056666666666666664
0 0.8425 0.19333333333333333 0.035 0.056666666666666664
0 0.6925 0.22333333333333333 0.058333333333333334 0.043333333333333335
0 0.2675 0.2708333333333333 0.055 0.03833333333333333
0 0.5958333333333333 0.2708333333333333 0.045 0.04833333333333333
0 0.3225 0.2708333333333333 0.051666666666666666 0.045
0 0.5675 0.28 0.03833333333333333 0.056666666666666664
0 0.375 0.2816666666666667 0.05 0.04
0 0.2841666666666667 0.2925 0.03833333333333333 0.055
0 0.42333333333333334 0.31 0.05 0.04666666666666667
0 0.5058333333333334 0.31416666666666665 0.04833333333333333 0.041666666666666664
0 0.5366666666666666 0.3308333333333333 0.043333333333333335 0.041666666666666664
0 0.4 0.33666666666666667 0.05 0.043333333333333335
0 0.4575 0.3466666666666667 0.04833333333333333 0.04
0 0.4866666666666667 0.3591666666666667 0.05333333333333334 0.045
0 0.4175 0.37833333333333335 0.045 0.03666666666666667
