0 0.9025 0.5216666666666666 0.035 0.056666666666666664
0 0.805 0.5383333333333333 0.03 0.06666666666666667
0 0.285 0.6041666666666666 0.03 0.045
0 0.21416666666666667 0.6275 0.025 0.041666666666666664
0 0.0775 0.64 0.028333333333333332 0.08
0 0.6525 0.6441666666666667 0.03833333333333333 0.03166666666666667
0 0.18583333333333332 0.6433333333333333 0.045 0.056666666666666664
0 0.19583333333333333 0.6441666666666667 0.06166666666666667 0.055
0 0.6233333333333333 0.6608333333333334 0.03 0.045
0 0.6508333333333334 0.6733333333333333 0.035 0.04
0 0.17833333333333334 0.68 0.03 0.043333333333333335
0 0.6791666666666667 0.6833333333333333 0.035 0.043333333333333335
0 0.20916666666666667 0.6916666666666667 0.035 0.03666666666666667
0 0.23416666666666666 0.6966666666666667 0.021666666666666667 0.06666666666666667
0 0.6391666666666667 0.7 0.03833333333333333 0.04
0 0.009166666666666667 0.705 0.018333333333333333 0.05
0 0.2 0.7075 0.03666666666666667 0.025
0 0.695 0.7241666666666666 0.04 0.03833333333333333
0 0.21 0.7275 0.03666666666666667 0.028333333333333332
0 0.19083333333333333 0.7375 0.03833333333333333 0.035
0 0.235 0.75 0.05333333333333334 0.03666666666666667
0 0.06833333333333333 0.7491666666666666 0.03 0.06166666666666667
0 0.009166666666666667 0.76 0.018333333333333333 0.07
0 0.2 0.7633333333333333 0.03666666666666667 0.02
0 0.21166666666666667 0.7833333333333333 0.03 0.023333333333333334
0 0.04666666666666667 0.8175 0.023333333333333334 0.051666666666666666
0 0.009166666666666667 0.8116666666666666 0.018333333333333333 0.04666666666666667
0 0.8708333333333333 0.8316666666666667 0.035 0.04666666666666667
0 0.8325 0.8308333333333333 0.03833333333333333 0.045
0 0.8983333333333333 0.059166666666666666 0.023333333333333334 0.04833333333333333
0 0.8483333333333334 0.8716666666666667 0.03 0.03666666666666667
0 0.9233333333333333 0.055 0.03666666666666667 0.04
0 0.8483333333333334 0.8983333333333333 0.02666666666666667 0.03
0 0.9591666666666666 0.06333333333333334 0.035 0.08333333333333333
0 0.8575 0.975 0.021666666666666667 0.05
0 0.6925 0.08416666666666667 0.021666666666666667 0.085
0 0.9275 0.0925 0.025 0.058333333333333334
0 0.9066666666666666 0.12416666666666666 0.023333333333333334 0.065
0 0.20666666666666667 0.13083333333333333 0.04666666666666667 0.04833333333333333
0 0.9191666666666667 0.14583333333333334 0.018333333333333333 0.055
0 0.22166666666666668 0.16833333333333333 0.04 0.04
0 0.9666666666666667 0.011666666666666667 0.04 0.023333333333333334
0 0.9116666666666666 0.18166666666666667 0.023333333333333334 0.05333333333333334
0 0.8875 0.1975 0.018333333333333333 0.075
0 0.9316666666666666 0.21416666666666667 0.02666666666666667 0.055
0 0.8991666666666667 0.2325 0.021666666666666667 0.06833333333333333
0 0.15666666666666668 0.23916666666666667 0.03666666666666667 0.065
0 0.9291666666666667 0.23583333333333334 0.03166666666666667 0.09833333333333333
0 0.9175 0.245 0.018333333333333333 0.05333333333333334
0 0.8941666666666667 0.2725 0.03166666666666667 0.04833333333333333
0 0.6141666666666666 0.2791666666666667 0.03833333333333333 0.03166666666666667
0 0.8716666666666667 0.2791666666666667 0.03333333333333333 0.045
0 0.9191666666666667 0.29 0.028333333333333332 0.05
0 0.61 0.30583333333333335 0.016666666666666666 0.03166666666666667
0 0.6216666666666667 0.31166666666666665 0.03666666666666667 0.056666666666666664
0 0.9041666666666667 0.31 0.035 0.03
0 0.9316666666666666 0.32 0.016666666666666666 0.04
0 0.8833333333333333 0.3175 0.03666666666666667 0.035
0 0.8658333333333333 0.33916666666666667 0.03166666666666667 0.03833333333333333
0 0.9225 0.34 0.035 0.04
0 0.8883333333333333 0.3441666666666667 0.016666666666666666 0.018333333333333333
0 0.595 0.3566666666666667 0.023333333333333334 0.05333333333333334
0 0.9141666666666667 0.35833333333333334 0.035 0.043333333333333335
0 0.9666666666666667 0.014166666666666666 0.04 0.028333333333333332
0 0.8941666666666667 0.365 0.035 0.03
0 0.6108333333333333 0.37083333333333335 0.025 0.06833333333333333
0 0.885 0.3925 0.03333333333333333 0.025
0 0.91 0.3983333333333333 0.02666666666666667 0.043333333333333335
0 0.9341666666666667 0.4066666666666667 0.025 0.08
0 0.9166666666666666 0.42 0.023333333333333334 0.056666666666666664
0 0.6525 0.43166666666666664 0.035 0.03333333333333333
0 0.9308333333333333 0.455 0.025 0.06666666666666667
0 0.9075 0.4766666666666667 0.028333333333333332 0.056666666666666664
