0 0.275 0.5433333333333333 0.04 0.04
0 0.24583333333333332 0.5458333333333333 0.021666666666666667 0.055
0 0.7358333333333333 0.5433333333333333 0.03833333333333333 0.04666666666666667
0 0.32416666666666666 0.54 0.021666666666666667 0.08333333333333333
0 0.7508333333333334 0.5291666666666667 0.025 0.06166666666666667
0 0.2866666666666667 0.5066666666666667 0.03333333333333333 0.04
0 0.27416666666666667 0.5058333333333334 0.0016666666666666668 0.0016666666666666668
0 0.6975 0.5041666666666667 0.045 0.041666666666666664
0 0.72 0.4975 0.03 0.045
0 0.2791666666666667 0.48583333333333334 0.03166666666666667 0.055
0 0.26166666666666666 0.5216666666666666 0.006666666666666667 0.01
0 0.6825 0.4633333333333333 0.035 0.04666666666666667
0 0.8341666666666666 0.9816666666666667 0.028333333333333332 0.03666666666666667
0 0.24416666666666667 0.5008333333333334 0.0016666666666666668 0.0016666666666666668
0 0.37666666666666665 0.445 0.02 0.09333333333333334
0 0.2758333333333333 0.43833333333333335 0.018333333333333333 0.06
0 0.2608333333333333 0.42833333333333334 0.018333333333333333 0.06666666666666667
0 0.3883333333333333 0.38166666666666665 0.02 0.07333333333333333
0 0.7058333333333333 0.37916666666666665 0.041666666666666664 0.051666666666666666
0 0.25833333333333336 0.36083333333333334 0.013333333333333334 0.065
0 0.27416666666666667 0.36 0.018333333333333333 0.07666666666666666
0 0.4691666666666667 0.35083333333333333 0.03166666666666667 0.07833333333333334
0 0.37166666666666665 0.3425 0.02 0.08833333333333333
0 0.7683333333333333 0.3233333333333333 0.023333333333333334 0.08333333333333333
0 0.24583333333333332 0.31083333333333335 0.018333333333333333 0.085
0 0.275 0.2975 0.02666666666666667 0.06166666666666667
0 0.26 0.2816666666666667 0.02 0.07
0 0.23833333333333334 0.23083333333333333 0.02 0.07166666666666667
0 0.225 0.16916666666666666 0.016666666666666666 0.08833333333333333
0 0.24583333333333332 0.155 0.03166666666666667 0.07333333333333333
0 0.745 0.10583333333333333 0.02666666666666667 0.08833333333333333
0 0.23083333333333333 0.09833333333333333 0.028333333333333332 0.06333333333333334
0 0.26 0.09083333333333334 0.03 0.06166666666666667
0 0.7225 0.08833333333333333 0.028333333333333332 0.08333333333333333
0 0.6975 0.075 0.041666666666666664 0.07333333333333333
0 0.6275 0.04833333333333333 0.03833333333333333 0.04666666666666667
0 0.2525 0.0375 0.03833333333333333 0.051666666666666666
0 0.6933333333333334 0.03 0.03 0.05
0 0.7091666666666666 0.024166666666666666 0.025 0.04833333333333333
0 0.2575 0.009166666666666667 0.028333333333333332 0.018333333333333333
0 0.6825 0.006666666666666667 0.025 0.013333333333333334
0 0.825 0.9391666666666667 0.03333333333333333 0.06833333333333333
0 0.8216666666666667 0.8658333333333333 0.02 0.06833333333333333
0 0.7041666666666667 0.8225 0.035 0.04833333333333333
0 0.7941666666666667 0.8216666666666667 0.018333333333333333 0.056666666666666664
0 0.7683333333333333 0.8175 0.02666666666666667 0.051666666666666666
0 0.7758333333333334 0.7983333333333333 0.025 0.05333333333333334
0 0.7875 0.8208333333333333 0.0016666666666666668 0.015
0 0.185 0.7825 0.04 0.06166666666666667
0 0.20083333333333334 0.7666666666666667 0.03166666666666667 0.07333333333333333
0 0.5691666666666667 0.7616666666666667 0.03833333333333333 0.06
0 0.7475 0.7541666666666667 0.025 0.065
0 0.545 0.7383333333333333 0.02 0.04666666666666667
0 0.6058333333333333 0.7408333333333333 0.045 0.04833333333333333
0 0.7725 0.7425 0.021666666666666667 0.065
0 0.72 0.725 0.03333333333333333 0.04666666666666667
0 0.2075 0.7041666666666667 0.035 0.04833333333333333
0 0.5391666666666667 0.7016666666666667 0.03833333333333333 0.04666666666666667
0 0.7241666666666666 0.6975 0.03833333333333333 0.035
0 0.3016666666666667 0.6925 0.03333333333333333 0.03833333333333333
0 0.7875 0.675 0.025 0.04
0 0.21666666666666667 0.6625 0.03333333333333333 0.045
0 0.7633333333333333 0.67 0.02 0.07666666666666666
0 0.5566666666666666 0.6641666666666667 0.043333333333333335 0.055
0 0.5266666666666666 0.6658333333333334 0.04 0.03166666666666667
0 0.6033333333333334 0.6508333333333334 0.04 0.06833333333333333
0 0.6516666666666666 0.6491666666666667 0.03666666666666667 0.03166666666666667
0 0.5016666666666667 0.6433333333333333 0.03 0.02666666666666667
0 0.2525 0.6358333333333334 0.035 0.085
0 0.7766666666666666 0.6341666666666667 0.023333333333333334 0.035
0 0.5208333333333334 0.6325 0.028333333333333332 0.04833333333333333
0 0.23 0.6166666666666667 0.03666666666666667 0.05333333333333334
0 0.6325 0.6208333333333333 0.03833333333333333 0.03166666666666667
0 0.4741666666666667 0.61 0.03166666666666667 0.043333333333333335
0 0.2941666666666667 0.6116666666666667 0.018333333333333333 0.09
0 0.48583333333333334 0.6033333333333334 0.03833333333333333 0.05
0 0.8641666666666666 0.5983333333333334 0.045 0.04666666666666667
0 0.7541666666666667 0.595 0.03833333333333333 0.03333333333333333
0 0.7741666666666667 0.585 0.021666666666666667 0.05333333333333334
0 0.2675 0.5741666666666667 0.03166666666666667 0.03833333333333333
0 0.8641666666666666 0.5725 0.028333333333333332 0.025
0 0.455 0.5616666666666666 0.04666666666666667 0.03666666666666667
