0 0.8575 0.0125 0.041666666666666664 0.025
0 0.5208333333333334 0.5333333333333333 0.03833333333333333 0.14
0 0.7775 0.015 0.06166666666666667 0.03
0 0.5883333333333334 0.64 0.06333333333333334 0.10333333333333333
0 0.5158333333333334 0.6633333333333333 0.06833333333333333 0.08
0 0.5575 0.7491666666666666 0.07166666666666667 0.07166666666666667
0 0.6841666666666667 0.0175 0.075 0.035
0 0.5008333333333334 0.7958333333333333 0.045 0.125
0 0.6266666666666667 0.105 0.07666666666666666 0.07666666666666666
0 0.5483333333333333 0.13916666666666666 0.08 0.058333333333333334
0 0.8441666666666666 0.15583333333333332 0.04833333333333333 0.09833333333333333
0 0.8925 0.1825 0.041666666666666664 0.09833333333333333
0 0.735 0.20166666666666666 0.043333333333333335 0.09
0 0.7708333333333334 0.2025 0.058333333333333334 0.08833333333333333
0 0.455 0.22833333333333333 0.03 0.14
0 0.9891666666666666 0.23833333333333334 0.021666666666666667 0.08
0 0.5083333333333333 0.29833333333333334 0.05 0.11
0 0.4041666666666667 0.43416666666666665 0.03833333333333333 0.12833333333333333
