0 0.6566666666666666 0.4683333333333333 0.013333333333333334 0.05333333333333334
0 0.5258333333333334 0.4816666666666667 0.021666666666666667 0.04
0 0.6425 0.49166666666666664 0.015 0.03333333333333333
0 0.52 0.4925 0.016666666666666666 0.041666666666666664
0 0.555 0.5 0.02666666666666667 0.02
0 0.5475 0.5125 0.021666666666666667 0.025
0 0.535 0.5158333333333334 0.013333333333333334 0.03833333333333333
0 0.5666666666666667 0.5225 0.016666666666666666 0.03166666666666667
0 0.6266666666666667 0.5275 0.016666666666666666 0.041666666666666664
0 0.5333333333333333 0.5425 0.02 0.045
0 0.5658333333333333 0.5491666666666667 0.018333333333333333 0.03833333333333333
0 0.555 0.5466666666666666 0.02 0.03666666666666667
0 0.6125 0.5516666666666666 0.015 0.043333333333333335
0 0.5875 0.5525 0.021666666666666667 0.025
0 0.5858333333333333 0.5716666666666667 0.021666666666666667 0.03333333333333333
0 0.5716666666666667 0.5716666666666667 0.01 0.016666666666666666
0 0.6025 0.58 0.011666666666666667 0.04
0 0.25833333333333336 0.5858333333333333 0.03333333333333333 0.041666666666666664
0 0.57 0.6033333333333334 0.013333333333333334 0.043333333333333335
0 0.6441666666666667 0.8225 0.015 0.065
0 0.5966666666666667 0.08083333333333333 0.02666666666666667 0.03833333333333333
0 0.615 0.12166666666666667 0.023333333333333334 0.043333333333333335
0 0.5325 0.41 0.028333333333333332 0.02666666666666667
0 0.5141666666666667 0.445 0.021666666666666667 0.056666666666666664
