0 0.4091666666666667 0.015 0.03833333333333333 0.03
0 0.37083333333333335 0.02 0.021666666666666667 0.04
0 0.2175 0.4816666666666667 0.018333333333333333 0.06333333333333334
0 0.24666666666666667 0.49916666666666665 0.016666666666666666 0.065
0 0.22666666666666666 0.515 0.02 0.06666666666666667
0 0.5425 0.018333333333333333 0.045 0.03666666666666667
0 0.2375 0.018333333333333333 0.028333333333333332 0.03666666666666667
0 0.3308333333333333 0.0275 0.018333333333333333 0.055
0 0.25916666666666666 0.018333333333333333 0.028333333333333332 0.03666666666666667
0 0.185 0.5966666666666667 0.02 0.07
0 0.5941666666666666 0.6325 0.035 0.065
0 0.575 0.705 0.023333333333333334 0.08
0 0.6675 0.8008333333333333 0.041666666666666664 0.051666666666666666
0 0.6166666666666667 0.8466666666666667 0.02666666666666667 0.03333333333333333
0 0.6533333333333333 0.8525 0.03666666666666667 0.051666666666666666
0 0.4866666666666667 0.8616666666666667 0.03333333333333333 0.08333333333333333
0 0.6241666666666666 0.8875 0.035 0.035
0 0.6541666666666667 0.8875 0.025 0.08166666666666667
0 0.6216666666666667 0.9141666666666667 0.03666666666666667 0.035
0 0.5775 0.93 0.03166666666666667 0.05
0 0.5225 0.0575 0.03166666666666667 0.041666666666666664
0 0.30666666666666664 0.06166666666666667 0.016666666666666666 0.07666666666666666
0 0.27416666666666667 0.056666666666666664 0.041666666666666664 0.04
0 0.21833333333333332 0.06416666666666666 0.023333333333333334 0.06166666666666667
0 0.24666666666666667 0.06333333333333334 0.02666666666666667 0.05333333333333334
0 0.5566666666666666 0.07166666666666667 0.04666666666666667 0.04
0 0.26916666666666667 0.09083333333333334 0.018333333333333333 0.041666666666666664
0 0.23416666666666666 0.09583333333333334 0.03166666666666667 0.03833333333333333
0 0.2791666666666667 0.09916666666666667 0.03166666666666667 0.058333333333333334
0 0.6508333333333334 0.10916666666666666 0.025 0.08833333333333333
0 0.24333333333333335 0.13083333333333333 0.03 0.03833333333333333
0 0.22 0.13666666666666666 0.023333333333333334 0.06
0 0.65 0.13416666666666666 0.016666666666666666 0.041666666666666664
0 0.2791666666666667 0.1475 0.021666666666666667 0.065
0 0.24333333333333335 0.15916666666666668 0.02666666666666667 0.045
0 0.26666666666666666 0.17 0.02 0.07666666666666666
0 0.6366666666666667 0.17666666666666667 0.02 0.06333333333333334
0 0.24916666666666668 0.2 0.028333333333333332 0.05333333333333334
0 0.23666666666666666 0.21166666666666667 0.03 0.06
0 0.22166666666666668 0.2425 0.016666666666666666 0.04833333333333333
0 0.23833333333333334 0.24666666666666667 0.02666666666666667 0.04666666666666667
0 0.345 0.008333333333333333 0.013333333333333334 0.016666666666666666
0 0.2608333333333333 0.2675 0.018333333333333333 0.075
0 0.2425 0.28 0.028333333333333332 0.05
0 0.5891666666666666 0.009166666666666667 0.028333333333333332 0.018333333333333333
0 0.20083333333333334 0.2991666666666667 0.025 0.07166666666666667
0 0.23833333333333334 0.3225 0.023333333333333334 0.06166666666666667
0 0.3025 0.0125 0.018333333333333333 0.025
0 0.255 0.3225 0.03333333333333333 0.045
0 0.22 0.335 0.023333333333333334 0.08333333333333333
0 0.5658333333333333 0.33416666666666667 0.035 0.041666666666666664
0 0.5833333333333334 0.33916666666666667 0.03 0.06833333333333333
0 0.4866666666666667 0.3441666666666667 0.02 0.075
0 0.5375 0.35 0.03833333333333333 0.05333333333333334
0 0.24 0.3591666666666667 0.023333333333333334 0.04833333333333333
0 0.2825 0.015833333333333335 0.018333333333333333 0.03166666666666667
0 0.2633333333333333 0.38083333333333336 0.02666666666666667 0.06166666666666667
0 0.555 0.38083333333333336 0.02666666666666667 0.06166666666666667
0 0.5333333333333333 0.39 0.016666666666666666 0.05
0 0.225 0.3933333333333333 0.02 0.05333333333333334
0 0.5575 0.0125 0.021666666666666667 0.025
0 0.25416666666666665 0.4058333333333333 0.025 0.04833333333333333
0 0.24083333333333334 0.4041666666666667 0.018333333333333333 0.055
0 0.5133333333333333 0.4225 0.023333333333333334 0.06166666666666667
0 0.22583333333333333 0.43416666666666665 0.021666666666666667 0.06833333333333333
0 0.255 0.44666666666666666 0.016666666666666666 0.05333333333333334
0 0.2708333333333333 0.4483333333333333 0.018333333333333333 0.06333333333333334
