0 0.075 0.5658333333333333 0.03333333333333333 0.07166666666666667
0 0.09333333333333334 0.5516666666666666 0.023333333333333334 0.06
0 0.05 0.5475 0.03 0.075
0 0.7933333333333333 0.4891666666666667 0.03666666666666667 0.03166666666666667
0 0.0725 0.4891666666666667 0.028333333333333332 0.07166666666666667
0 0.11333333333333333 0.4825 0.02666666666666667 0.045
0 0.10166666666666667 0.47833333333333333 0.043333333333333335 0.06
0 0.8108333333333333 0.4625 0.035 0.035
0 0.7883333333333333 0.4475 0.03666666666666667 0.028333333333333332
0 0.10833333333333334 0.44 0.04666666666666667 0.06333333333333334
0 0.755 0.43083333333333335 0.04 0.028333333333333332
0 0.785 0.4191666666666667 0.03333333333333333 0.03166666666666667
0 0.8008333333333333 0.3933333333333333 0.035 0.04
0 0.7791666666666667 0.3875 0.035 0.035
0 0.805 0.3491666666666667 0.02 0.07166666666666667
0 0.8333333333333334 0.35583333333333333 0.016666666666666666 0.041666666666666664
0 0.8275 0.3441666666666667 0.028333333333333332 0.06833333333333333
0 0.8041666666666667 0.32916666666666666 0.018333333333333333 0.051666666666666666
0 0.7775 0.2991666666666667 0.025 0.04833333333333333
0 0.8 0.29083333333333333 0.03 0.051666666666666666
0 0.6783333333333333 0.28 0.023333333333333334 0.06
0 0.8216666666666667 0.275 0.02 0.06333333333333334
0 0.7775 0.275 0.025 0.043333333333333335
0 0.8041666666666667 0.25083333333333335 0.028333333333333332 0.055
0 0.7458333333333333 0.24333333333333335 0.028333333333333332 0.07
0 0.6625 0.24166666666666667 0.03166666666666667 0.03666666666666667
0 0.6833333333333333 0.23583333333333334 0.03 0.035
0 0.6933333333333334 0.22833333333333333 0.03333333333333333 0.043333333333333335
0 0.7991666666666667 0.22833333333333333 0.028333333333333332 0.05333333333333334
0 0.6975 0.20583333333333334 0.028333333333333332 0.03833333333333333
0 0.8216666666666667 0.20416666666666666 0.023333333333333334 0.06166666666666667
0 0.6633333333333333 0.19666666666666666 0.03 0.04666666666666667
0 0.7925 0.1875 0.021666666666666667 0.04833333333333333
0 0.7975 0.17416666666666666 0.03166666666666667 0.075
0 0.16833333333333333 0.9808333333333333 0.023333333333333334 0.03833333333333333
0 0.6441666666666667 0.11416666666666667 0.018333333333333333 0.07166666666666667
0 0.7708333333333334 0.11 0.041666666666666664 0.06
0 0.7866666666666666 0.08166666666666667 0.03 0.04666666666666667
0 0.7633333333333333 0.060833333333333336 0.02 0.04833333333333333
0 0.7483333333333333 0.04 0.023333333333333334 0.08
0 0.14833333333333334 0.96 0.023333333333333334 0.08
0 0.16333333333333333 0.95 0.02666666666666667 0.05333333333333334
0 0.1825 0.9383333333333334 0.025 0.023333333333333334
0 0.16 0.91 0.03333333333333333 0.056666666666666664
0 0.7391666666666666 0.8925 0.015 0.051666666666666666
0 0.10583333333333333 0.88 0.03166666666666667 0.05333333333333334
0 0.165 0.8783333333333333 0.023333333333333334 0.03
0 0.13416666666666666 0.8716666666666667 0.021666666666666667 0.08333333333333333
0 0.7641666666666667 0.8483333333333334 0.03833333333333333 0.04666666666666667
0 0.2075 0.8408333333333333 0.025 0.07166666666666667
0 0.7533333333333333 0.8216666666666667 0.03333333333333333 0.03
0 0.08 0.8041666666666667 0.03333333333333333 0.075
0 0.7425 0.8033333333333333 0.028333333333333332 0.023333333333333334
0 0.12416666666666666 0.7991666666666667 0.025 0.085
0 0.6325 0.7825 0.03833333333333333 0.045
0 0.7716666666666666 0.78 0.023333333333333334 0.04666666666666667
0 0.7516666666666667 0.7783333333333333 0.03 0.03333333333333333
0 0.09166666666666666 0.7708333333333334 0.016666666666666666 0.06166666666666667
0 0.05416666666666667 0.7725 0.025 0.07166666666666667
0 0.08083333333333333 0.7575 0.018333333333333333 0.065
0 0.1075 0.7558333333333334 0.021666666666666667 0.085
0 0.7766666666666666 0.7383333333333333 0.03 0.056666666666666664
0 0.755 0.7283333333333334 0.03666666666666667 0.05
0 0.08083333333333333 0.7216666666666667 0.018333333333333333 0.08666666666666667
0 0.056666666666666664 0.7175 0.03333333333333333 0.055
0 0.09083333333333334 0.7116666666666667 0.028333333333333332 0.07
0 0.03 0.6866666666666666 0.02666666666666667 0.07
0 0.4625 0.6775 0.03166666666666667 0.075
0 0.06333333333333334 0.675 0.023333333333333334 0.07
0 0.08833333333333333 0.6408333333333334 0.02666666666666667 0.07833333333333334
0 0.013333333333333334 0.6316666666666667 0.02666666666666667 0.05333333333333334
0 0.07666666666666666 0.6058333333333333 0.02666666666666667 0.06166666666666667
0 0.7091666666666666 0.5966666666666667 0.03166666666666667 0.07
