0 0.8008333333333333 0.475 0.018333333333333333 0.06333333333333334
0 0.5025 0.4608333333333333 0.021666666666666667 0.06833333333333333
0 0.8141666666666667 0.44583333333333336 0.025 0.075
0 0.7916666666666666 0.42333333333333334 0.02 0.06
0 0.31583333333333335 0.9883333333333333 0.028333333333333332 0.023333333333333334
0 0.7308333333333333 0.3958333333333333 0.035 0.04833333333333333
0 0.7725 0.4 0.018333333333333333 0.05333333333333334
0 0.7641666666666667 0.36666666666666664 0.021666666666666667 0.06666666666666667
0 0.7425 0.36833333333333335 0.035 0.03333333333333333
0 0.785 0.36333333333333334 0.03 0.06666666666666667
0 0.2941666666666667 0.985 0.021666666666666667 0.03
0 0.7016666666666667 0.27166666666666667 0.016666666666666666 0.07333333333333333
0 0.7308333333333333 0.19083333333333333 0.03833333333333333 0.058333333333333334
0 0.6775 0.15 0.021666666666666667 0.07666666666666666
0 0.6916666666666667 0.09583333333333334 0.016666666666666666 0.07833333333333334
0 0.6775 0.0725 0.021666666666666667 0.065
0 0.6633333333333333 0.0675 0.023333333333333334 0.065
0 0.6325 0.0675 0.018333333333333333 0.065
0 0.6483333333333333 0.05 0.02 0.06333333333333334
0 0.7016666666666667 0.05416666666666667 0.02666666666666667 0.06166666666666667
0 0.63 0.035833333333333335 0.02666666666666667 0.045
0 0.6691666666666667 0.020833333333333332 0.021666666666666667 0.041666666666666664
0 0.7016666666666667 0.021666666666666667 0.03 0.043333333333333335
0 0.6875 0.018333333333333333 0.028333333333333332 0.03666666666666667
0 0.3025 0.9733333333333334 0.03833333333333333 0.05333333333333334
0 0.23 0.9633333333333334 0.023333333333333334 0.043333333333333335
0 0.2425 0.9533333333333334 0.03166666666666667 0.06333333333333334
0 0.26 0.9466666666666667 0.03333333333333333 0.05333333333333334
0 0.2675 0.9408333333333333 0.03166666666666667 0.06833333333333333
0 0.21166666666666667 0.9191666666666667 0.02 0.06833333333333333
0 0.28 0.9158333333333334 0.03 0.06833333333333333
0 0.23916666666666667 0.8866666666666667 0.03166666666666667 0.07
0 0.18666666666666668 0.8741666666666666 0.02 0.04833333333333333
0 0.21 0.8666666666666667 0.02666666666666667 0.04
0 0.19333333333333333 0.8641666666666666 0.02666666666666667 0.04833333333333333
0 0.17 0.8541666666666666 0.016666666666666666 0.065
0 0.15833333333333333 0.8466666666666667 0.023333333333333334 0.07
0 0.21833333333333332 0.8116666666666666 0.03 0.08666666666666667
0 0.20166666666666666 0.8091666666666667 0.023333333333333334 0.085
0 0.18083333333333335 0.8083333333333333 0.021666666666666667 0.06
0 0.15666666666666668 0.8041666666666667 0.02666666666666667 0.058333333333333334
0 0.22833333333333333 0.8025 0.04666666666666667 0.07166666666666667
0 0.18416666666666667 0.7758333333333334 0.018333333333333333 0.065
0 0.15416666666666667 0.765 0.015 0.06333333333333334
0 0.145 0.7541666666666667 0.02 0.08166666666666667
0 0.17166666666666666 0.7375 0.02 0.08166666666666667
0 0.2916666666666667 0.7333333333333333 0.02 0.07666666666666666
0 0.195 0.72 0.02 0.08
0 0.15583333333333332 0.6933333333333334 0.021666666666666667 0.08
0 0.3625 0.6716666666666666 0.025 0.04666666666666667
0 0.37166666666666665 0.64 0.02666666666666667 0.05
0 0.3416666666666667 0.6325 0.04 0.03166666666666667
