0 0.2775 0.69 0.035 0.05
0 0.37333333333333335 0.72 0.03666666666666667 0.043333333333333335
0 0.8358333333333333 0.7591666666666667 0.025 0.07166666666666667
0 0.6066666666666667 0.7858333333333334 0.03333333333333333 0.06166666666666667
0 0.7366666666666667 0.79 0.02 0.07666666666666666
0 0.26666666666666666 0.7991666666666667 0.03333333333333333 0.055
0 0.7691666666666667 0.8116666666666666 0.021666666666666667 0.07333333333333333
0 0.41 0.8291666666666667 0.02 0.075
0 0.6366666666666667 0.8258333333333333 0.02 0.075
0 0.3775 0.8808333333333334 0.025 0.06833333333333333
0 0.9725 0.8891666666666667 0.035 0.04833333333333333
0 0.985 0.925 0.03 0.04
0 0.4558333333333333 0.9916666666666667 0.025 0.016666666666666666
0 0.8991666666666667 0.985 0.055 0.03
