0 0.54 0.5083333333333333 0.023333333333333334 0.02666666666666667
0 0.5216666666666666 0.5283333333333333 0.023333333333333334 0.05333333333333334
0 0.5383333333333333 0.5341666666666667 0.02 0.041666666666666664
0 0.5041666666666667 0.5408333333333334 0.025 0.065
0 0.48833333333333334 0.5433333333333333 0.016666666666666666 0.06
0 0.5525 0.5591666666666667 0.015 0.055
0 0.5191666666666667 0.5575 0.025 0.07166666666666667
0 0.5441666666666667 0.5841666666666666 0.018333333333333333 0.058333333333333334
0 0.505 0.6 0.02 0.06666666666666667
0 0.5208333333333334 0.61 0.021666666666666667 0.06333333333333334
0 0.5333333333333333 0.6025 0.016666666666666666 0.07166666666666667
0 0.5616666666666666 0.6141666666666666 0.016666666666666666 0.08166666666666667
0 0.5025 0.6425 0.025 0.08166666666666667
0 0.5375 0.6683333333333333 0.035 0.04666666666666667
0 0.49833333333333335 0.6791666666666667 0.02 0.08166666666666667
0 0.4791666666666667 0.6841666666666667 0.03166666666666667 0.051666666666666666
0 0.5208333333333334 0.69 0.018333333333333333 0.06333333333333334
0 0.5383333333333333 0.7058333333333333 0.023333333333333334 0.07166666666666667
0 0.5125 0.7166666666666667 0.015 0.056666666666666664
0 0.48833333333333334 0.725 0.03333333333333333 0.06
0 0.5591666666666667 0.7366666666666667 0.018333333333333333 0.08666666666666667
0 0.525 0.7508333333333334 0.02 0.058333333333333334
0 0.5416666666666666 0.7516666666666667 0.023333333333333334 0.05
0 0.5108333333333334 0.7816666666666666 0.028333333333333332 0.05
0 0.5475 0.8 0.028333333333333332 0.06333333333333334
0 0.5383333333333333 0.8091666666666667 0.02666666666666667 0.051666666666666666
0 0.5141666666666667 0.8166666666666667 0.045 0.05333333333333334
0 0.6058333333333333 0.8583333333333333 0.03166666666666667 0.07666666666666666
0 0.49083333333333334 0.26666666666666666 0.015 0.08333333333333333
0 0.475 0.2916666666666667 0.016666666666666666 0.07666666666666666
0 0.4625 0.31583333333333335 0.011666666666666667 0.065
0 0.49083333333333334 0.355 0.015 0.07333333333333333
0 0.5491666666666667 0.43916666666666665 0.015 0.06166666666666667
0 0.5066666666666667 0.4375 0.013333333333333334 0.065
0 0.5241666666666667 0.4533333333333333 0.011666666666666667 0.07
0 0.5141666666666667 0.4633333333333333 0.015 0.07666666666666666
0 0.5358333333333334 0.4625 0.015 0.058333333333333334
0 0.4841666666666667 0.4691666666666667 0.018333333333333333 0.07833333333333334
0 0.5008333333333334 0.4716666666666667 0.018333333333333333 0.07666666666666666
0 0.5558333333333333 0.5016666666666667 0.021666666666666667 0.05
