0 0.020833333333333332 0.04 0.041666666666666664 0.03
0 0.3925 0.47833333333333333 0.018333333333333333 0.04666666666666667
0 0.4041666666666667 0.4891666666666667 0.018333333333333333 0.051666666666666666
0 0.43 0.49583333333333335 0.02 0.058333333333333334
0 0.37916666666666665 0.51 0.015 0.05
0 0.4091666666666667 0.5108333333333334 0.015 0.06166666666666667
0 0.42 0.5191666666666667 0.016666666666666666 0.055
0 0.3958333333333333 0.5275 0.011666666666666667 0.045
0 0.3883333333333333 0.5433333333333333 0.01 0.05
0 0.46166666666666667 0.5458333333333333 0.02 0.06833333333333333
0 0.5041666666666667 0.55 0.021666666666666667 0.04666666666666667
0 0.4725 0.5525 0.011666666666666667 0.045
0 0.43 0.555 0.016666666666666666 0.06333333333333334
0 0.41083333333333333 0.57 0.015 0.05333333333333334
0 0.39916666666666667 0.5675 0.011666666666666667 0.058333333333333334
0 0.5033333333333333 0.5783333333333334 0.02666666666666667 0.05333333333333334
0 0.3825 0.5783333333333334 0.015 0.07
0 0.48333333333333334 0.585 0.016666666666666666 0.06666666666666667
0 0.44583333333333336 0.5841666666666666 0.015 0.07166666666666667
0 0.4241666666666667 0.5933333333333334 0.015 0.056666666666666664
0 0.4583333333333333 0.6066666666666667 0.02 0.06333333333333334
0 0.39 0.6125 0.013333333333333334 0.051666666666666666
0 0.4116666666666667 0.6141666666666666 0.016666666666666666 0.055
0 0.43416666666666665 0.6166666666666667 0.015 0.056666666666666664
0 0.5058333333333334 0.6241666666666666 0.018333333333333333 0.06833333333333333
0 0.4866666666666667 0.6408333333333334 0.013333333333333334 0.06833333333333333
0 0.4175 0.6558333333333334 0.025 0.045
0 0.4708333333333333 0.6591666666666667 0.021666666666666667 0.051666666666666666
0 0.51 0.6541666666666667 0.02666666666666667 0.051666666666666666
0 0.44416666666666665 0.6608333333333334 0.015 0.058333333333333334
0 0.39916666666666667 0.6633333333333333 0.018333333333333333 0.06
0 0.43166666666666664 0.6708333333333333 0.013333333333333334 0.04833333333333333
0 0.415 0.6691666666666667 0.03 0.06166666666666667
0 0.4666666666666667 0.6891666666666667 0.03 0.035
0 0.47583333333333333 0.7125 0.025 0.058333333333333334
0 0.2025 0.0625 0.021666666666666667 0.06166666666666667
0 0.45916666666666667 0.7225 0.021666666666666667 0.03833333333333333
0 0.47 0.7591666666666667 0.023333333333333334 0.051666666666666666
0 0.4425 0.7716666666666666 0.028333333333333332 0.04666666666666667
0 0.44583333333333336 0.7983333333333333 0.028333333333333332 0.043333333333333335
0 0.4675 0.805 0.021666666666666667 0.06666666666666667
0 0.44666666666666666 0.825 0.023333333333333334 0.043333333333333335
0 0.4658333333333333 0.8375 0.025 0.058333333333333334
0 0.41583333333333333 0.855 0.028333333333333332 0.03333333333333333
0 0.4375 0.8558333333333333 0.028333333333333332 0.03166666666666667
0 0.21833333333333332 0.08 0.02 0.08
0 0.4375 0.8783333333333333 0.025 0.03666666666666667
0 0.455 0.8808333333333334 0.023333333333333334 0.03166666666666667
0 0.4041666666666667 0.8866666666666667 0.025 0.03666666666666667
0 0.4041666666666667 0.9025 0.025 0.06833333333333333
0 0.42333333333333334 0.9175 0.03333333333333333 0.04833333333333333
0 0.42 0.9458333333333333 0.023333333333333334 0.051666666666666666
0 0.39 0.9591666666666666 0.02666666666666667 0.04833333333333333
0 0.4275 0.1125 0.03166666666666667 0.028333333333333332
0 0.08416666666666667 0.11833333333333333 0.03166666666666667 0.05
0 0.4675 0.1225 0.041666666666666664 0.045
0 0.0825 0.1275 0.028333333333333332 0.035
0 0.455 0.13583333333333333 0.03666666666666667 0.045
0 0.4225 0.13916666666666666 0.03166666666666667 0.025
0 0.4425 0.15583333333333332 0.03833333333333333 0.035
0 0.4058333333333333 0.165 0.03166666666666667 0.03333333333333333
0 0.6691666666666667 0.19833333333333333 0.021666666666666667 0.02666666666666667
0 0.65 0.21 0.03 0.02666666666666667
0 0.5275 0.2225 0.035 0.04833333333333333
0 0.675 0.22416666666666665 0.03 0.025
0 0.695 0.22333333333333333 0.02666666666666667 0.06
0 0.5658333333333333 0.22333333333333333 0.03833333333333333 0.03333333333333333
0 0.49833333333333335 0.22833333333333333 0.02666666666666667 0.04
0 0.5291666666666667 0.2325 0.035 0.028333333333333332
0 0.6891666666666667 0.23416666666666666 0.018333333333333333 0.015
0 0.7158333333333333 0.24083333333333334 0.015 0.075
0 0.4766666666666667 0.245 0.02666666666666667 0.02
0 0.54 0.255 0.03333333333333333 0.03666666666666667
0 0.21416666666666667 0.25333333333333335 0.03166666666666667 0.05
0 0.5025 0.2608333333333333 0.03166666666666667 0.03833333333333333
0 0.4608333333333333 0.26666666666666666 0.041666666666666664 0.03
0 0.5116666666666667 0.26916666666666667 0.02666666666666667 0.03833333333333333
0 0.43833333333333335 0.27416666666666667 0.01 0.018333333333333333
0 0.47583333333333333 0.2841666666666667 0.021666666666666667 0.04833333333333333
0 0.45666666666666667 0.295 0.023333333333333334 0.043333333333333335
0 0.44 0.295 0.02666666666666667 0.03333333333333333
0 0.41083333333333333 0.31 0.025 0.03333333333333333
0 0.7125 0.30916666666666665 0.021666666666666667 0.055
0 0.725 0.31083333333333335 0.016666666666666666 0.051666666666666666
0 0.4533333333333333 0.32666666666666666 0.023333333333333334 0.03666666666666667
0 0.41083333333333333 0.3225 0.03166666666666667 0.058333333333333334
0 0.4325 0.3333333333333333 0.025 0.043333333333333335
0 0.73 0.3375 0.02666666666666667 0.055
0 0.38166666666666665 0.3725 0.0033333333333333335 0.0016666666666666668
0 0.41583333333333333 0.3441666666666667 0.025 0.051666666666666666
0 0.38416666666666666 0.35583333333333333 0.018333333333333333 0.041666666666666664
0 0.7191666666666666 0.36 0.015 0.03666666666666667
0 0.3933333333333333 0.375 0.023333333333333334 0.05
0 0.71 0.39166666666666666 0.02 0.056666666666666664
0 0.3675 0.3983333333333333 0.028333333333333332 0.03666666666666667
0 0.40166666666666667 0.4266666666666667 0.03666666666666667 0.03
0 0.36666666666666664 0.4275 0.03333333333333333 0.028333333333333332
0 0.4425 0.47833333333333333 0.005 0.0033333333333333335
0 0.6983333333333334 0.44916666666666666 0.016666666666666666 0.075
0 0.41083333333333333 0.4583333333333333 0.018333333333333333 0.043333333333333335
0 0.36666666666666664 0.45666666666666667 0.03666666666666667 0.04666666666666667
0 0.43166666666666664 0.46166666666666667 0.03 0.04
0 0.37916666666666665 0.4675 0.028333333333333332 0.04833333333333333
