0 0.5625 0.5366666666666666 0.018333333333333333 0.07
0 0.5125 0.5358333333333334 0.015 0.08166666666666667
0 0.5808333333333333 0.9983333333333333 0.0016666666666666668 0.0033333333333333335
0 0.48833333333333334 0.49583333333333335 0.016666666666666666 0.06166666666666667
0 0.5041666666666667 0.5016666666666667 0.015 0.056666666666666664
0 0.5475 0.4625 0.015 0.075
0 0.5008333333333334 0.45416666666666666 0.011666666666666667 0.055
0 0.48833333333333334 0.395 0.03666666666666667 0.04666666666666667
0 0.019166666666666665 0.3675 0.03833333333333333 0.051666666666666666
0 0.58 0.3425 0.043333333333333335 0.04833333333333333
0 0.0075 0.325 0.015 0.04666666666666667
0 0.5941666666666666 0.28 0.021666666666666667 0.07
0 0.008333333333333333 0.25916666666666666 0.016666666666666666 0.08833333333333333
0 0.016666666666666666 0.19166666666666668 0.03333333333333333 0.07333333333333333
0 0.008333333333333333 0.1325 0.016666666666666666 0.025
0 0.5825 0.9341666666666667 0.03166666666666667 0.03833333333333333
0 0.5358333333333334 0.9091666666666667 0.015 0.06166666666666667
0 0.555 0.8925 0.023333333333333334 0.055
0 0.5208333333333334 0.8758333333333334 0.018333333333333333 0.06833333333333333
0 0.5375 0.8525 0.015 0.065
0 0.5275 0.8141666666666667 0.015 0.07166666666666667
0 0.5083333333333333 0.7841666666666667 0.016666666666666666 0.06166666666666667
0 0.515 0.7591666666666667 0.013333333333333334 0.07166666666666667
0 0.5266666666666666 0.7508333333333334 0.016666666666666666 0.065
0 0.5533333333333333 0.7341666666666666 0.023333333333333334 0.058333333333333334
0 0.49416666666666664 0.7316666666666667 0.015 0.07
0 0.5833333333333334 0.715 0.02 0.03666666666666667
0 0.5616666666666666 0.7166666666666667 0.02666666666666667 0.06333333333333334
0 0.6 0.7125 0.03 0.045
0 0.5025 0.7016666666666667 0.015 0.08
0 0.5666666666666667 0.6883333333333334 0.016666666666666666 0.05
0 0.5241666666666667 0.6875 0.015 0.06166666666666667
0 0.5433333333333333 0.6758333333333333 0.013333333333333334 0.045
0 0.595 0.9808333333333333 0.02 0.03833333333333333
0 0.5183333333333333 0.655 0.016666666666666666 0.07
0 0.5808333333333333 0.6616666666666666 0.015 0.06333333333333334
0 0.555 0.6491666666666667 0.016666666666666666 0.055
0 0.5391666666666667 0.6258333333333334 0.018333333333333333 0.058333333333333334
0 0.5866666666666667 0.98 0.03666666666666667 0.04
0 0.5225 0.6033333333333334 0.015 0.056666666666666664
0 0.5533333333333333 0.6016666666666667 0.016666666666666666 0.05333333333333334
0 0.5666666666666667 0.6016666666666667 0.016666666666666666 0.05333333333333334
0 0.59 0.5716666666666667 0.023333333333333334 0.07
0 0.5483333333333333 0.5541666666666667 0.016666666666666666 0.065
0 0.5325 0.545 0.015 0.07333333333333333
0 0.4825 0.5433333333333333 0.035 0.05
