0 0.08916666666666667 0.5291666666666667 0.06833333333333333 0.09833333333333333
0 0.8425 0.5325 0.07166666666666667 0.06166666666666667
0 0.6583333333333333 0.6175 0.06666666666666667 0.058333333333333334
0 0.6425 0.8258333333333333 0.065 0.075
0 0.5825 0.0175 0.06833333333333333 0.035
0 0.32666666666666666 0.9741666666666666 0.056666666666666664 0.051666666666666666
0 0.6316666666666667 0.08666666666666667 0.06 0.08333333333333333
0 0.6591666666666667 0.18 0.06833333333333333 0.06666666666666667
0 0.7991666666666667 0.2875 0.075 0.08166666666666667
0 0.8 0.41083333333333333 0.06666666666666667 0.06833333333333333
