0 0.20583333333333334 0.5025 0.025 0.08166666666666667
0 0.6925 0.49666666666666665 0.051666666666666666 0.03666666666666667
0 0.19166666666666668 0.44333333333333336 0.02 0.06666666666666667
0 0.22166666666666668 0.42333333333333334 0.03333333333333333 0.043333333333333335
0 0.16583333333333333 0.4175 0.03166666666666667 0.051666666666666666
0 0.14416666666666667 0.4083333333333333 0.028333333333333332 0.04
0 0.88 0.4083333333333333 0.04 0.03666666666666667
0 0.9 0.38916666666666666 0.03666666666666667 0.04833333333333333
0 0.115 0.38416666666666666 0.04 0.03833333333333333
0 0.17 0.37 0.023333333333333334 0.05333333333333334
0 0.09916666666666667 0.365 0.035 0.05333333333333334
0 0.15166666666666667 0.3616666666666667 0.03333333333333333 0.05333333333333334
0 0.14333333333333334 0.3416666666666667 0.02666666666666667 0.043333333333333335
0 0.11333333333333333 0.3408333333333333 0.03666666666666667 0.041666666666666664
0 0.1075 0.29833333333333334 0.028333333333333332 0.05333333333333334
0 0.13333333333333333 0.3016666666666667 0.02666666666666667 0.07
0 0.8016666666666666 0.2825 0.03666666666666667 0.06833333333333333
0 0.7616666666666667 0.265 0.03333333333333333 0.04
0 0.75 0.23166666666666666 0.03666666666666667 0.05
0 0.4775 0.73 0.028333333333333332 0.07
0 0.44 0.7175 0.043333333333333335 0.041666666666666664
0 0.39666666666666667 0.7033333333333334 0.03666666666666667 0.03666666666666667
0 0.45416666666666666 0.6725 0.021666666666666667 0.055
0 0.4375 0.6733333333333333 0.028333333333333332 0.06666666666666667
0 0.47 0.6658333333333334 0.02666666666666667 0.06166666666666667
0 0.49 0.6575 0.03333333333333333 0.06833333333333333
0 0.7691666666666667 0.615 0.028333333333333332 0.07333333333333333
0 0.4583333333333333 0.6058333333333333 0.02 0.065
0 0.74 0.5933333333333334 0.03 0.07666666666666666
0 0.7566666666666667 0.5708333333333333 0.02 0.07833333333333334
0 0.7325 0.5625 0.025 0.07166666666666667
