0 0.185 0.5233333333333333 0.023333333333333334 0.02
0 0.3016666666666667 0.9508333333333333 0.023333333333333334 0.035
0 0.23916666666666667 0.5158333333333334 0.028333333333333332 0.028333333333333332
0 0.17 0.51 0.03666666666666667 0.03
0 0.20916666666666667 0.5 0.028333333333333332 0.03666666666666667
0 0.30333333333333334 0.455 0.023333333333333334 0.02666666666666667
0 0.2075 0.45166666666666666 0.035 0.03666666666666667
0 0.27166666666666667 0.44916666666666666 0.02666666666666667 0.028333333333333332
0 0.2925 0.44666666666666666 0.018333333333333333 0.03
0 0.31916666666666665 0.43583333333333335 0.03166666666666667 0.035
0 0.32083333333333336 0.4083333333333333 0.018333333333333333 0.02666666666666667
0 0.2966666666666667 0.4033333333333333 0.03 0.03
0 0.2525 0.3883333333333333 0.03166666666666667 0.03333333333333333
0 0.21666666666666667 0.38333333333333336 0.013333333333333334 0.043333333333333335
0 0.2841666666666667 0.38083333333333336 0.03166666666666667 0.03166666666666667
0 0.6066666666666667 0.3408333333333333 0.02666666666666667 0.035
0 0.2633333333333333 0.335 0.02 0.07
0 0.12333333333333334 0.3325 0.013333333333333334 0.045
0 0.5966666666666667 0.3308333333333333 0.04 0.055
0 0.11166666666666666 0.31833333333333336 0.013333333333333334 0.04
0 0.5858333333333333 0.31916666666666665 0.021666666666666667 0.028333333333333332
0 0.31083333333333335 0.9325 0.015 0.03833333333333333
0 0.3 0.22666666666666666 0.04666666666666667 0.043333333333333335
0 0.2425 0.135 0.018333333333333333 0.06333333333333334
0 0.5366666666666666 0.07916666666666666 0.04 0.03833333333333333
0 0.31666666666666665 0.9075 0.02 0.021666666666666667
0 0.3433333333333333 0.9008333333333334 0.023333333333333334 0.025
0 0.31833333333333336 0.8975 0.023333333333333334 0.041666666666666664
0 0.3525 0.8091666666666667 0.018333333333333333 0.025
0 0.33666666666666667 0.805 0.013333333333333334 0.013333333333333334
0 0.31916666666666665 0.7958333333333333 0.021666666666666667 0.018333333333333333
0 0.29 0.7891666666666667 0.023333333333333334 0.03166666666666667
0 0.3441666666666667 0.785 0.021666666666666667 0.03
0 0.3425 0.7791666666666667 0.025 0.028333333333333332
0 0.325 0.7725 0.02 0.035
0 0.30833333333333335 0.7758333333333334 0.02 0.025
0 0.31916666666666665 0.765 0.025 0.02666666666666667
0 0.2925 0.7641666666666667 0.025 0.025
0 0.2708333333333333 0.7575 0.025 0.025
0 0.30833333333333335 0.7491666666666666 0.016666666666666666 0.028333333333333332
0 0.30666666666666664 0.7275 0.016666666666666666 0.051666666666666666
0 0.6158333333333333 0.715 0.028333333333333332 0.04
0 0.30666666666666664 0.7091666666666666 0.016666666666666666 0.03833333333333333
0 0.2975 0.6858333333333333 0.028333333333333332 0.035
0 0.2925 0.6775 0.025 0.025
0 0.26916666666666667 0.6575 0.025 0.03833333333333333
0 0.2658333333333333 0.6508333333333334 0.021666666666666667 0.028333333333333332
0 0.24666666666666667 0.6366666666666667 0.02 0.03
0 0.225 0.6266666666666667 0.02 0.043333333333333335
0 0.26 0.6266666666666667 0.023333333333333334 0.02666666666666667
0 0.23666666666666666 0.6125 0.023333333333333334 0.021666666666666667
0 0.5458333333333333 0.6066666666666667 0.021666666666666667 0.03333333333333333
0 0.2025 0.5991666666666666 0.021666666666666667 0.028333333333333332
0 0.5641666666666667 0.6008333333333333 0.021666666666666667 0.03833333333333333
0 0.24666666666666667 0.5966666666666667 0.02666666666666667 0.03
0 0.31083333333333335 0.96 0.008333333333333333 0.016666666666666666
0 0.2225 0.595 0.021666666666666667 0.02
0 0.5825 0.5883333333333334 0.018333333333333333 0.04666666666666667
0 0.22166666666666668 0.5783333333333334 0.023333333333333334 0.02
0 0.19833333333333333 0.5808333333333333 0.03 0.065
0 0.24833333333333332 0.5716666666666667 0.02666666666666667 0.03
0 0.205 0.5658333333333333 0.02666666666666667 0.025
0 0.22916666666666666 0.5608333333333333 0.025 0.025
0 0.2125 0.5433333333333333 0.018333333333333333 0.023333333333333334
0 0.1975 0.5416666666666666 0.018333333333333333 0.03666666666666667
0 0.2475 0.5383333333333333 0.025 0.02666666666666667
0 0.23083333333333333 0.5391666666666667 0.025 0.045
