0 0.7641666666666667 0.5241666666666667 0.018333333333333333 0.03833333333333333
0 0.7141666666666666 0.49333333333333335 0.015 0.06
0 0.745 0.49833333333333335 0.03 0.05
0 0.6983333333333334 0.4841666666666667 0.02 0.055
0 0.7516666666666667 0.475 0.03333333333333333 0.06333333333333334
0 0.13833333333333334 0.9575 0.023333333333333334 0.06166666666666667
0 0.7383333333333333 0.46416666666666667 0.023333333333333334 0.041666666666666664
0 0.6825 0.46416666666666667 0.011666666666666667 0.035
0 0.7208333333333333 0.4575 0.018333333333333333 0.051666666666666666
0 0.6991666666666667 0.4508333333333333 0.018333333333333333 0.051666666666666666
0 0.6691666666666667 0.4475 0.015 0.06166666666666667
0 0.7233333333333334 0.43083333333333335 0.02 0.03166666666666667
0 0.6858333333333333 0.4275 0.015 0.051666666666666666
0 0.5266666666666666 0.4266666666666667 0.02666666666666667 0.056666666666666664
0 0.16916666666666666 0.9475 0.03166666666666667 0.065
0 0.7025 0.42833333333333334 0.025 0.043333333333333335
0 0.6725 0.415 0.021666666666666667 0.06
0 0.705 0.3958333333333333 0.03 0.051666666666666666
0 0.6875 0.39 0.015 0.03666666666666667
0 0.6741666666666667 0.38333333333333336 0.018333333333333333 0.04666666666666667
0 0.4891666666666667 0.37333333333333335 0.028333333333333332 0.05
0 0.66 0.36833333333333335 0.02 0.056666666666666664
0 0.51 0.3616666666666667 0.02 0.07
0 0.64 0.355 0.02666666666666667 0.04
0 0.5991666666666666 0.3475 0.021666666666666667 0.07166666666666667
0 0.6816666666666666 0.3425 0.02666666666666667 0.051666666666666666
0 0.675 0.3433333333333333 0.023333333333333334 0.043333333333333335
0 0.11 0.9416666666666667 0.013333333333333334 0.03
0 0.6208333333333333 0.33 0.011666666666666667 0.04
0 0.635 0.325 0.03 0.03333333333333333
0 0.6083333333333333 0.32 0.02 0.05333333333333334
0 0.6483333333333333 0.3175 0.03666666666666667 0.045
0 0.615 0.28833333333333333 0.02666666666666667 0.03666666666666667
0 0.5808333333333333 0.285 0.015 0.05333333333333334
0 0.6025 0.2725 0.028333333333333332 0.055
0 0.5758333333333333 0.245 0.015 0.06666666666666667
0 0.5616666666666666 0.22916666666666666 0.013333333333333334 0.06166666666666667
0 0.6191666666666666 0.22916666666666666 0.028333333333333332 0.07166666666666667
0 0.12333333333333334 0.9283333333333333 0.016666666666666666 0.05
0 0.5741666666666667 0.1875 0.028333333333333332 0.041666666666666664
0 0.1675 0.9225 0.035 0.045
0 0.09583333333333334 0.9175 0.03166666666666667 0.08166666666666667
0 0.565 0.10666666666666667 0.016666666666666666 0.07666666666666666
0 0.1225 0.9041666666666667 0.03166666666666667 0.04833333333333333
0 0.14 0.9058333333333334 0.02 0.055
0 0.15416666666666667 0.9041666666666667 0.021666666666666667 0.051666666666666666
0 0.1825 0.8866666666666667 0.03166666666666667 0.03
0 0.0925 0.8875 0.018333333333333333 0.041666666666666664
0 0.16166666666666665 0.8841666666666667 0.023333333333333334 0.041666666666666664
0 0.13833333333333334 0.8666666666666667 0.03 0.03
0 0.4741666666666667 0.8575 0.015 0.08166666666666667
0 0.0925 0.8525 0.025 0.03833333333333333
0 0.16333333333333333 0.8525 0.04 0.045
0 0.0325 0.9833333333333333 0.021666666666666667 0.03333333333333333
0 0.6433333333333333 0.7783333333333333 0.03333333333333333 0.05333333333333334
0 0.16916666666666666 0.9783333333333334 0.021666666666666667 0.043333333333333335
0 0.5366666666666666 0.7541666666666667 0.02 0.06833333333333333
0 0.435 0.7391666666666666 0.05 0.028333333333333332
0 0.43666666666666665 0.7141666666666666 0.04 0.03166666666666667
0 0.3525 0.7133333333333334 0.041666666666666664 0.03666666666666667
0 0.4025 0.6975 0.035 0.025
0 0.8366666666666667 0.6933333333333334 0.03333333333333333 0.03666666666666667
0 0.8191666666666667 0.6775 0.035 0.03833333333333333
0 0.12416666666666666 0.9725 0.015 0.04833333333333333
