0 0.4608333333333333 0.4658333333333333 0.018333333333333333 0.07166666666666667
0 0.42916666666666664 0.4691666666666667 0.021666666666666667 0.06166666666666667
0 0.43666666666666665 0.49 0.02 0.056666666666666664
0 0.4058333333333333 0.4975 0.018333333333333333 0.085
0 0.19666666666666666 0.5058333333333334 0.03333333333333333 0.045
0 0.4558333333333333 0.5158333333333334 0.018333333333333333 0.06833333333333333
0 0.17166666666666666 0.5158333333333334 0.03333333333333333 0.04833333333333333
0 0.23583333333333334 0.5175 0.035 0.051666666666666666
0 0.20666666666666667 0.5425 0.03333333333333333 0.035
0 0.3275 0.5475 0.04833333333333333 0.045
0 0.7175 0.6275 0.018333333333333333 0.085
0 0.6208333333333333 0.6308333333333334 0.025 0.065
0 0.7475 0.6366666666666667 0.03833333333333333 0.03
0 0.7441666666666666 0.6725 0.018333333333333333 0.058333333333333334
0 0.7616666666666667 0.6808333333333333 0.016666666666666666 0.06166666666666667
0 0.7225 0.6958333333333333 0.025 0.06166666666666667
0 0.7758333333333334 0.7016666666666667 0.0016666666666666668 0.0033333333333333335
0 0.7958333333333333 0.715 0.04833333333333333 0.07
0 0.7516666666666667 0.7225 0.02 0.06166666666666667
0 0.7333333333333333 0.7333333333333333 0.016666666666666666 0.056666666666666664
0 0.7766666666666666 0.7591666666666667 0.016666666666666666 0.07166666666666667
0 0.7641666666666667 0.7475 0.021666666666666667 0.075
0 0.1025 0.7558333333333334 0.035 0.045
0 0.7925 0.7733333333333333 0.025 0.08333333333333333
0 0.16333333333333333 0.7808333333333334 0.04 0.04833333333333333
0 0.08166666666666667 0.8016666666666666 0.03 0.08666666666666667
0 0.7883333333333333 0.825 0.02666666666666667 0.06333333333333334
0 0.105 0.89 0.05 0.07666666666666666
0 0.5 0.14916666666666667 0.03333333333333333 0.045
0 0.47583333333333333 0.15083333333333335 0.03166666666666667 0.041666666666666664
0 0.515 0.16 0.03 0.06
0 0.4841666666666667 0.19166666666666668 0.03166666666666667 0.043333333333333335
0 0.5225 0.19666666666666666 0.018333333333333333 0.056666666666666664
0 0.515 0.22833333333333333 0.02 0.07333333333333333
0 0.4691666666666667 0.235 0.045 0.03333333333333333
0 0.42833333333333334 0.4075 0.023333333333333334 0.06833333333333333
0 0.44583333333333336 0.445 0.018333333333333333 0.06333333333333334
