0 0.08666666666666667 0.5425 0.02 0.07166666666666667
0 0.10583333333333333 0.535 0.028333333333333332 0.056666666666666664
0 0.10833333333333334 0.48833333333333334 0.03 0.05
0 0.20833333333333334 0.47333333333333333 0.03 0.06666666666666667
0 0.7333333333333333 0.4075 0.03 0.045
0 0.8066666666666666 0.38666666666666666 0.02666666666666667 0.03666666666666667
0 0.06166666666666667 0.9758333333333333 0.02 0.04833333333333333
0 0.9433333333333334 0.37333333333333335 0.03 0.08333333333333333
0 0.3616666666666667 0.36666666666666664 0.04 0.03333333333333333
0 0.835 0.36583333333333334 0.043333333333333335 0.055
0 0.8158333333333333 0.36583333333333334 0.035 0.04833333333333333
0 0.3925 0.35 0.03166666666666667 0.04666666666666667
0 0.36333333333333334 0.33416666666666667 0.03666666666666667 0.045
0 0.8416666666666667 0.3308333333333333 0.03 0.041666666666666664
0 0.335 0.32666666666666666 0.03666666666666667 0.043333333333333335
0 0.7908333333333334 0.32083333333333336 0.025 0.075
0 0.8125 0.32 0.03166666666666667 0.03666666666666667
0 0.37583333333333335 0.30916666666666665 0.03833333333333333 0.041666666666666664
0 0.8208333333333333 0.3025 0.035 0.025
0 0.075 0.9775 0.02 0.045
0 0.31916666666666665 0.28583333333333333 0.041666666666666664 0.03833333333333333
0 0.8266666666666667 0.2733333333333333 0.04 0.03333333333333333
0 0.9516666666666667 0.26416666666666666 0.03666666666666667 0.06166666666666667
0 0.7833333333333333 0.25916666666666666 0.056666666666666664 0.035
0 0.8241666666666667 0.25 0.03833333333333333 0.02
0 0.8083333333333333 0.23 0.03 0.023333333333333334
0 0.9741666666666666 0.19333333333333333 0.025 0.056666666666666664
0 0.18083333333333335 0.1775 0.035 0.045
0 0.14333333333333334 0.1775 0.03666666666666667 0.045
0 0.16583333333333333 0.13666666666666666 0.03166666666666667 0.04
0 0.165 0.11083333333333334 0.03 0.03166666666666667
0 0.09583333333333334 0.9625 0.025 0.06166666666666667
0 0.15333333333333332 0.03666666666666667 0.02666666666666667 0.07333333333333333
0 0.11333333333333333 0.9466666666666667 0.02 0.04666666666666667
0 0.3225 0.9316666666666666 0.021666666666666667 0.08666666666666667
0 0.0875 0.9191666666666667 0.018333333333333333 0.058333333333333334
0 0.105 0.8925 0.023333333333333334 0.06833333333333333
0 0.8141666666666667 0.8858333333333334 0.045 0.04833333333333333
0 0.09166666666666666 0.8666666666666667 0.016666666666666666 0.05
0 0.7991666666666667 0.8466666666666667 0.03833333333333333 0.04
0 0.10083333333333333 0.8333333333333334 0.021666666666666667 0.05333333333333334
0 0.12416666666666666 0.8175 0.018333333333333333 0.07166666666666667
0 0.07916666666666666 0.8 0.025 0.056666666666666664
0 0.1125 0.7808333333333334 0.021666666666666667 0.06833333333333333
0 0.8633333333333333 0.7775 0.03666666666666667 0.06833333333333333
0 0.09416666666666666 0.7658333333333334 0.018333333333333333 0.051666666666666666
0 0.0775 0.7591666666666667 0.018333333333333333 0.035
0 0.11833333333333333 0.7416666666666667 0.03 0.04666666666666667
0 0.14833333333333334 0.7425 0.02666666666666667 0.06166666666666667
0 0.07583333333333334 0.7391666666666666 0.018333333333333333 0.021666666666666667
0 0.4008333333333333 0.735 0.03833333333333333 0.03333333333333333
0 0.09333333333333334 0.7258333333333333 0.02666666666666667 0.051666666666666666
0 0.4 0.7225 0.043333333333333335 0.058333333333333334
0 0.3933333333333333 0.7033333333333334 0.03333333333333333 0.06
0 0.10833333333333334 0.7033333333333334 0.03666666666666667 0.03
0 0.08 0.6925 0.016666666666666666 0.03833333333333333
0 0.1375 0.6933333333333334 0.03833333333333333 0.03666666666666667
0 0.09166666666666666 0.6733333333333333 0.03 0.04
0 0.14666666666666667 0.6725 0.03333333333333333 0.041666666666666664
0 0.09916666666666667 0.6558333333333334 0.035 0.045
0 0.42083333333333334 0.655 0.025 0.05
0 0.11916666666666667 0.6475 0.035 0.028333333333333332
0 0.4091666666666667 0.6391666666666667 0.03166666666666667 0.06833333333333333
0 0.1275 0.6208333333333333 0.035 0.025
0 0.1025 0.6133333333333333 0.028333333333333332 0.043333333333333335
0 0.075 0.6033333333333334 0.02 0.08666666666666667
0 0.095 0.5908333333333333 0.023333333333333334 0.055
0 0.3616666666666667 0.5808333333333333 0.04 0.035
