0 0.5941666666666666 0.5558333333333333 0.018333333333333333 0.04833333333333333
0 0.58 0.5533333333333333 0.023333333333333334 0.05
0 0.5491666666666667 0.5391666666666667 0.015 0.07166666666666667
0 0.5775 0.5175 0.018333333333333333 0.065
0 0.61 0.515 0.016666666666666666 0.06
0 0.5666666666666667 0.5108333333333334 0.02 0.06166666666666667
0 0.5991666666666666 0.49583333333333335 0.025 0.06166666666666667
0 0.6275 0.4891666666666667 0.025 0.06166666666666667
0 0.565 0.47833333333333333 0.02 0.056666666666666664
0 0.5916666666666667 0.47333333333333333 0.016666666666666666 0.07
0 0.5533333333333333 0.435 0.02666666666666667 0.07333333333333333
0 0.605 0.42083333333333334 0.016666666666666666 0.07166666666666667
0 0.5341666666666667 0.4266666666666667 0.015 0.07
0 0.5775 0.44 0.005 0.0033333333333333335
0 0.5491666666666667 0.4116666666666667 0.015 0.08666666666666667
0 0.5866666666666667 0.4058333333333333 0.03 0.07166666666666667
0 0.5383333333333333 0.37833333333333335 0.03 0.06333333333333334
0 0.5591666666666667 0.3725 0.011666666666666667 0.051666666666666666
0 0.57 0.365 0.016666666666666666 0.06
0 0.5916666666666667 0.35833333333333334 0.023333333333333334 0.04666666666666667
0 0.5516666666666666 0.32666666666666666 0.03 0.04666666666666667
0 0.5958333333333333 0.36333333333333334 0.0016666666666666668 0.0033333333333333335
0 0.5716666666666667 0.31583333333333335 0.023333333333333334 0.055
0 0.5591666666666667 0.28583333333333333 0.045 0.055
0 0.6016666666666667 0.32 0.0033333333333333335 0.006666666666666667
0 0.665 0.22416666666666665 0.03 0.075
0 0.6175 0.19333333333333333 0.018333333333333333 0.08333333333333333
0 0.5575 0.8666666666666667 0.021666666666666667 0.07666666666666666
0 0.5358333333333334 0.8416666666666667 0.015 0.08333333333333333
0 0.5241666666666667 0.7841666666666667 0.015 0.058333333333333334
0 0.5491666666666667 0.7375 0.015 0.075
0 0.5366666666666666 0.7283333333333334 0.016666666666666666 0.08666666666666667
0 0.57 0.6566666666666666 0.02 0.06666666666666667
0 0.5375 0.6533333333333333 0.018333333333333333 0.07666666666666666
0 0.5966666666666667 0.6458333333333334 0.013333333333333334 0.065
0 0.6075 0.6458333333333334 0.015 0.07166666666666667
0 0.5875 0.6625 0.0016666666666666668 0.0016666666666666668
0 0.5566666666666666 0.6191666666666666 0.016666666666666666 0.065
0 0.575 0.6158333333333333 0.016666666666666666 0.075
0 0.6008333333333333 0.59 0.018333333333333333 0.04
0 0.5616666666666666 0.5791666666666667 0.016666666666666666 0.06833333333333333
0 0.6141666666666666 0.5808333333333333 0.025 0.065
