0 0.3358333333333333 0.49 0.015 0.07333333333333333
0 0.3641666666666667 0.4791666666666667 0.0016666666666666668 0.0016666666666666668
0 0.39166666666666666 0.49 0.02666666666666667 0.06666666666666667
0 0.3983333333333333 0.4766666666666667 0.006666666666666667 0.013333333333333334
0 0.4041666666666667 0.4925 0.011666666666666667 0.025
0 0.3233333333333333 0.5158333333333334 0.016666666666666666 0.055
0 0.3575 0.5208333333333334 0.025 0.06166666666666667
0 0.3908333333333333 0.5275 0.028333333333333332 0.058333333333333334
0 0.36 0.555 0.016666666666666666 0.05333333333333334
0 0.3233333333333333 0.56 0.03333333333333333 0.04666666666666667
0 0.38166666666666665 0.5716666666666667 0.02666666666666667 0.05333333333333334
0 0.3258333333333333 0.5925 0.03166666666666667 0.04833333333333333
0 0.3025 0.5966666666666667 0.018333333333333333 0.056666666666666664
0 0.3416666666666667 0.5966666666666667 0.023333333333333334 0.06333333333333334
0 0.2941666666666667 0.6066666666666667 0.035 0.07333333333333333
0 0.3466666666666667 0.635 0.02666666666666667 0.08333333333333333
0 0.30583333333333335 0.6358333333333334 0.021666666666666667 0.051666666666666666
0 0.32166666666666666 0.6433333333333333 0.02666666666666667 0.056666666666666664
0 0.325 0.6683333333333333 0.023333333333333334 0.05333333333333334
0 0.2891666666666667 0.6775 0.021666666666666667 0.055
0 0.30083333333333334 0.6983333333333334 0.018333333333333333 0.06
0 0.33166666666666667 0.7066666666666667 0.02 0.06
0 0.29083333333333333 0.7258333333333333 0.011666666666666667 0.028333333333333332
0 0.31416666666666665 0.735 0.018333333333333333 0.056666666666666664
0 0.3325 0.755 0.015 0.06333333333333334
0 0.31916666666666665 0.7716666666666666 0.015 0.06
0 0.9408333333333333 0.9566666666666667 0.03166666666666667 0.08666666666666667
0 0.8775 0.9916666666666667 0.018333333333333333 0.016666666666666666
0 0.38916666666666666 0.22 0.025 0.07666666666666666
0 0.36083333333333334 0.25166666666666665 0.025 0.07666666666666666
0 0.3616666666666667 0.25416666666666665 0.02666666666666667 0.08166666666666667
0 0.38166666666666665 0.2875 0.02 0.055
0 0.36333333333333334 0.3375 0.02 0.06166666666666667
0 0.375 0.3516666666666667 0.016666666666666666 0.07666666666666666
0 0.33666666666666667 0.3675 0.02 0.06833333333333333
0 0.31833333333333336 0.39 0.02 0.06333333333333334
0 0.36583333333333334 0.39166666666666666 0.015 0.06
0 0.35083333333333333 0.4225 0.021666666666666667 0.06833333333333333
0 0.3775 0.4166666666666667 0.015 0.05
0 0.3325 0.42916666666666664 0.015 0.045
0 0.3225 0.43916666666666665 0.015 0.058333333333333334
0 0.38083333333333336 0.44333333333333336 0.025 0.07333333333333333
0 0.3625 0.455 0.018333333333333333 0.06333333333333334
