0 0.8666666666666667 0.4608333333333333 0.02666666666666667 0.075
0 0.8875 0.475 0.021666666666666667 0.05333333333333334
0 0.49166666666666664 0.47 0.02 0.07666666666666666
0 0.815 0.5283333333333333 0.043333333333333335 0.05
0 0.995 0.5875 0.01 0.045
0 0.3491666666666667 0.5983333333333334 0.025 0.08
0 0.34 0.6608333333333334 0.016666666666666666 0.06166666666666667
0 0.32166666666666666 0.6666666666666666 0.023333333333333334 0.06333333333333334
0 0.37166666666666665 0.6658333333333334 0.03 0.028333333333333332
0 0.30583333333333335 0.68 0.025 0.04666666666666667
0 0.32083333333333336 0.72 0.018333333333333333 0.056666666666666664
0 0.2725 0.7175 0.03833333333333333 0.035
0 0.305 0.7333333333333333 0.02666666666666667 0.06333333333333334
0 0.25166666666666665 0.7366666666666667 0.03333333333333333 0.05
0 0.295 0.7533333333333333 0.02666666666666667 0.04
0 0.2658333333333333 0.7575 0.035 0.041666666666666664
0 0.2891666666666667 0.7925 0.021666666666666667 0.06833333333333333
0 0.2658333333333333 0.8016666666666666 0.028333333333333332 0.056666666666666664
0 0.5175 0.013333333333333334 0.018333333333333333 0.02666666666666667
0 0.5775 0.3383333333333333 0.041666666666666664 0.04
0 0.6183333333333333 0.36 0.03666666666666667 0.05
0 0.5941666666666666 0.3883333333333333 0.028333333333333332 0.056666666666666664
0 0.5741666666666667 0.39 0.035 0.06
0 0.61 0.3958333333333333 0.03 0.055
0 0.63 0.4025 0.03333333333333333 0.04833333333333333
0 0.9025 0.4191666666666667 0.025 0.07833333333333334
0 0.8733333333333333 0.4241666666666667 0.03333333333333333 0.07166666666666667
0 0.5983333333333334 0.45 0.023333333333333334 0.06
