0 0.6783333333333333 0.93 0.043333333333333335 0.10666666666666667
0 0.4033333333333333 0.915 0.04 0.12333333333333334
0 0.6633333333333333 0.8975 0.05333333333333334 0.105
0 0.4375 0.8866666666666667 0.03833333333333333 0.11666666666666667
0 0.4866666666666667 0.875 0.03 0.12666666666666668
0 0.5825 0.8708333333333333 0.035 0.12166666666666667
0 0.3516666666666667 0.8708333333333333 0.043333333333333335 0.115
0 0.3025 0.8675 0.03166666666666667 0.12166666666666667
0 0.6333333333333333 0.8625 0.03 0.12166666666666667
0 0.4575 0.8025 0.03166666666666667 0.115
0 0.5358333333333334 0.9741666666666666 0.035 0.051666666666666666
