0 0.31583333333333335 0.45916666666666667 0.025 0.06166666666666667
0 0.365 0.4608333333333333 0.043333333333333335 0.028333333333333332
0 0.45916666666666667 0.4683333333333333 0.028333333333333332 0.04
0 0.29333333333333333 0.475 0.03 0.056666666666666664
0 0.42916666666666664 0.47833333333333333 0.03833333333333333 0.02666666666666667
0 0.37333333333333335 0.49 0.03 0.03333333333333333
0 0.34833333333333333 0.49 0.03666666666666667 0.04
0 0.395 0.4925 0.03 0.045
0 0.32166666666666666 0.49333333333333335 0.02666666666666667 0.04666666666666667
0 0.705 0.49 0.03666666666666667 0.07
0 0.4175 0.5025 0.03166666666666667 0.045
0 0.4483333333333333 0.5016666666666667 0.04666666666666667 0.02666666666666667
0 0.9458333333333333 0.51 0.04833333333333333 0.06333333333333334
0 0.4475 0.5191666666666667 0.035 0.03166666666666667
0 0.3125 0.5275 0.028333333333333332 0.051666666666666666
0 0.375 0.5283333333333333 0.043333333333333335 0.03666666666666667
0 0.9775 0.5325 0.03166666666666667 0.055
0 0.3375 0.54 0.035 0.03333333333333333
0 0.75 0.5358333333333334 0.023333333333333334 0.07833333333333334
0 0.4775 0.5408333333333334 0.03833333333333333 0.035
0 0.41833333333333333 0.5425 0.03666666666666667 0.03166666666666667
0 0.36083333333333334 0.5458333333333333 0.028333333333333332 0.041666666666666664
0 0.3983333333333333 0.5558333333333333 0.03666666666666667 0.03166666666666667
0 0.3458333333333333 0.5783333333333334 0.035 0.04666666666666667
0 0.4533333333333333 0.5816666666666667 0.04 0.03333333333333333
0 0.7433333333333333 0.5791666666666667 0.02 0.08833333333333333
0 0.37916666666666665 0.5833333333333334 0.041666666666666664 0.03333333333333333
0 0.4125 0.5775 0.0016666666666666668 0.0016666666666666668
0 0.40166666666666667 0.5991666666666666 0.03333333333333333 0.025
0 0.76 0.605 0.016666666666666666 0.06
0 0.475 0.6116666666666667 0.043333333333333335 0.03
0 0.7758333333333334 0.6191666666666666 0.028333333333333332 0.07166666666666667
0 0.5008333333333334 0.62 0.035 0.03333333333333333
0 0.45666666666666667 0.6258333333333334 0.03333333333333333 0.035
0 0.43166666666666664 0.6225 0.03333333333333333 0.03833333333333333
0 0.3908333333333333 0.6316666666666667 0.03833333333333333 0.05
0 0.415 0.635 0.03666666666666667 0.03333333333333333
0 0.5066666666666667 0.6441666666666667 0.043333333333333335 0.03166666666666667
0 0.38666666666666666 0.6641666666666667 0.02 0.051666666666666666
0 0.425 0.6641666666666667 0.03666666666666667 0.025
0 0.4666666666666667 0.665 0.043333333333333335 0.03
0 0.4058333333333333 0.6816666666666666 0.025 0.05
0 0.49416666666666664 0.6891666666666667 0.03166666666666667 0.028333333333333332
0 0.43166666666666664 0.6883333333333334 0.03333333333333333 0.02666666666666667
0 0.39 0.6891666666666667 0.02666666666666667 0.06833333333333333
0 0.4708333333333333 0.695 0.041666666666666664 0.03666666666666667
0 0.4525 0.7091666666666666 0.03166666666666667 0.028333333333333332
0 0.7383333333333333 0.72 0.023333333333333334 0.04
0 0.43916666666666665 0.7191666666666666 0.03166666666666667 0.035
0 0.4225 0.7266666666666667 0.028333333333333332 0.043333333333333335
0 0.47833333333333333 0.7266666666666667 0.03333333333333333 0.02666666666666667
0 0.4508333333333333 0.7483333333333333 0.028333333333333332 0.02666666666666667
0 0.405 0.75 0.03333333333333333 0.04666666666666667
0 0.4775 0.755 0.03166666666666667 0.04
0 0.4425 0.775 0.035 0.05
0 0.4675 0.795 0.028333333333333332 0.06666666666666667
0 0.4375 0.8033333333333333 0.018333333333333333 0.05333333333333334
0 0.4266666666666667 0.8225 0.016666666666666666 0.08166666666666667
0 0.45 0.8258333333333333 0.013333333333333334 0.058333333333333334
0 0.4625 0.8383333333333334 0.015 0.06666666666666667
0 0.4608333333333333 0.8891666666666667 0.018333333333333333 0.06833333333333333
0 0.43916666666666665 0.8958333333333334 0.018333333333333333 0.08166666666666667
0 0.47 0.9258333333333333 0.02666666666666667 0.065
0 0.45 0.9375 0.016666666666666666 0.06166666666666667
0 0.4175 0.9291666666666667 0.018333333333333333 0.07166666666666667
0 0.33 0.12083333333333333 0.023333333333333334 0.07833333333333334
0 0.3233333333333333 0.18666666666666668 0.023333333333333334 0.06
0 0.48833333333333334 0.21666666666666667 0.03 0.07
0 0.3275 0.21666666666666667 0.018333333333333333 0.05
0 0.4875 0.23 0.021666666666666667 0.043333333333333335
0 0.33916666666666667 0.25416666666666665 0.015 0.041666666666666664
0 0.31666666666666665 0.2708333333333333 0.016666666666666666 0.058333333333333334
0 0.3283333333333333 0.2825 0.02 0.075
0 0.5191666666666667 0.2916666666666667 0.018333333333333333 0.07333333333333333
0 0.48583333333333334 0.32083333333333336 0.035 0.051666666666666666
0 0.38 0.32166666666666666 0.043333333333333335 0.056666666666666664
0 0.35583333333333333 0.33 0.03166666666666667 0.043333333333333335
0 0.5133333333333333 0.3375 0.016666666666666666 0.08166666666666667
0 0.31 0.3416666666666667 0.03666666666666667 0.03333333333333333
0 0.5366666666666666 0.3566666666666667 0.03333333333333333 0.05
0 0.3675 0.365 0.035 0.04
0 0.3258333333333333 0.36666666666666664 0.028333333333333332 0.02666666666666667
0 0.3516666666666667 0.37416666666666665 0.03333333333333333 0.035
0 0.5066666666666667 0.37416666666666665 0.02 0.06166666666666667
0 0.33166666666666667 0.39 0.03333333333333333 0.03
0 0.5408333333333334 0.4008333333333333 0.03833333333333333 0.04833333333333333
0 0.3883333333333333 0.39916666666666667 0.03666666666666667 0.03166666666666667
0 0.3016666666666667 0.4 0.03 0.056666666666666664
0 0.36666666666666664 0.4066666666666667 0.04 0.03666666666666667
0 0.3308333333333333 0.4083333333333333 0.028333333333333332 0.03666666666666667
0 0.405 0.42583333333333334 0.03666666666666667 0.028333333333333332
0 0.57 0.4275 0.02666666666666667 0.028333333333333332
0 0.545 0.43333333333333335 0.03666666666666667 0.06
0 0.365 0.435 0.03333333333333333 0.02666666666666667
0 0.6908333333333333 0.435 0.035 0.06
0 0.32666666666666666 0.44166666666666665 0.03 0.06
0 0.7266666666666667 0.4483333333333333 0.02 0.06666666666666667
0 0.41833333333333333 0.4525 0.03666666666666667 0.025
0 0.3933333333333333 0.45416666666666666 0.03 0.035
