0 0.7858333333333334 0.465 0.06833333333333333 0.06
0 0.6066666666666667 0.415 0.06666666666666667 0.05333333333333334
0 0.6516666666666666 0.9258333333333333 0.07333333333333333 0.058333333333333334
0 0.5841666666666666 0.21916666666666668 0.06166666666666667 0.07166666666666667
0 0.2791666666666667 0.10416666666666667 0.04833333333333333 0.11833333333333333
0 0.5608333333333333 0.9916666666666667 0.051666666666666666 0.016666666666666666
0 0.6316666666666667 0.8308333333333333 0.06666666666666667 0.06166666666666667
0 0.7591666666666667 0.6975 0.07166666666666667 0.058333333333333334
0 0.7583333333333333 0.5891666666666666 0.07 0.058333333333333334
0 0.06333333333333334 0.5866666666666667 0.07333333333333333 0.08333333333333333
