0 0.8016666666666666 0.5633333333333334 0.02666666666666667 0.03666666666666667
0 0.21083333333333334 0.5641666666666667 0.025 0.075
0 0.1175 0.5616666666666666 0.021666666666666667 0.07666666666666666
0 0.755 0.5608333333333333 0.03333333333333333 0.035
0 0.8558333333333333 0.5525 0.03166666666666667 0.045
0 0.7275 0.5483333333333333 0.025 0.06
0 0.8291666666666667 0.5508333333333333 0.041666666666666664 0.04833333333333333
0 0.8825 0.5383333333333333 0.028333333333333332 0.05
0 0.23333333333333334 0.5283333333333333 0.03 0.04
0 0.7541666666666667 0.5233333333333333 0.025 0.05
0 0.8591666666666666 0.5133333333333333 0.03166666666666667 0.03666666666666667
0 0.7258333333333333 0.5033333333333333 0.035 0.06
0 0.775 0.5058333333333334 0.03333333333333333 0.051666666666666666
0 0.8791666666666667 0.5066666666666667 0.03166666666666667 0.05333333333333334
0 0.82 0.5008333333333334 0.04 0.028333333333333332
0 0.11916666666666667 0.49916666666666665 0.025 0.06166666666666667
0 0.22666666666666666 0.49916666666666665 0.02666666666666667 0.04833333333333333
0 0.84 0.49666666666666665 0.03333333333333333 0.03333333333333333
0 0.2808333333333333 0.49666666666666665 0.045 0.04
0 0.25166666666666665 0.49333333333333335 0.03666666666666667 0.03666666666666667
0 0.9541666666666667 0.49166666666666664 0.028333333333333332 0.07333333333333333
0 0.7458333333333333 0.4708333333333333 0.025 0.058333333333333334
0 0.8525 0.4725 0.03833333333333333 0.028333333333333332
0 0.725 0.4683333333333333 0.03 0.06
0 0.8066666666666666 0.4575 0.03 0.04833333333333333
0 0.7808333333333334 0.45416666666666666 0.018333333333333333 0.065
0 0.1975 0.45166666666666666 0.025 0.05333333333333334
0 0.7466666666666667 0.4425 0.023333333333333334 0.06166666666666667
0 0.7608333333333334 0.43416666666666665 0.028333333333333332 0.065
0 0.21833333333333332 0.4375 0.03333333333333333 0.065
0 0.8083333333333333 0.41 0.03 0.07333333333333333
0 0.21833333333333332 0.4175 0.03 0.10166666666666667
0 0.7816666666666666 0.3983333333333333 0.02666666666666667 0.07
0 0.6991666666666667 0.3908333333333333 0.03166666666666667 0.06833333333333333
0 0.7358333333333333 0.3908333333333333 0.025 0.041666666666666664
0 0.7266666666666667 0.37666666666666665 0.043333333333333335 0.07
0 0.7433333333333333 0.36583333333333334 0.043333333333333335 0.06166666666666667
0 0.7541666666666667 0.36666666666666664 0.028333333333333332 0.06666666666666667
0 0.6916666666666667 0.3333333333333333 0.02666666666666667 0.05
0 0.5716666666666667 0.31 0.03333333333333333 0.07
0 0.5625 0.245 0.021666666666666667 0.08666666666666667
0 0.1325 0.9708333333333333 0.018333333333333333 0.058333333333333334
0 0.5475 0.21166666666666667 0.021666666666666667 0.07
0 0.20666666666666667 0.15166666666666667 0.03 0.07333333333333333
0 0.4533333333333333 0.0675 0.03 0.075
0 0.15416666666666667 0.9525 0.025 0.065
0 0.15083333333333335 0.9033333333333333 0.018333333333333333 0.07333333333333333
0 0.1675 0.8858333333333334 0.021666666666666667 0.06833333333333333
0 0.16583333333333333 0.8316666666666667 0.018333333333333333 0.05333333333333334
0 0.17666666666666667 0.7958333333333333 0.02 0.095
0 0.1825 0.695 0.025 0.056666666666666664
0 0.1525 0.6583333333333333 0.025 0.09
0 0.7066666666666667 0.6541666666666667 0.04 0.058333333333333334
0 0.21 0.6516666666666666 0.02666666666666667 0.08
0 0.18083333333333335 0.63 0.025 0.07666666666666666
0 0.71 0.6158333333333333 0.03 0.04833333333333333
0 0.20166666666666666 0.6066666666666667 0.02 0.07
0 0.7925 0.6025 0.041666666666666664 0.04833333333333333
0 0.8258333333333333 0.5858333333333333 0.03166666666666667 0.04833333333333333
0 0.7225 0.5816666666666667 0.028333333333333332 0.06333333333333334
0 0.21583333333333332 0.5783333333333334 0.015 0.05333333333333334
0 0.7866666666666666 0.5783333333333334 0.03666666666666667 0.04
