0 0.7925 0.43666666666666665 0.025 0.04666666666666667
0 0.7608333333333334 0.44666666666666666 0.018333333333333333 0.08
0 0.8341666666666666 0.45666666666666667 0.035 0.07
0 0.8041666666666667 0.4658333333333333 0.018333333333333333 0.058333333333333334
0 0.7825 0.48333333333333334 0.03166666666666667 0.04666666666666667
0 0.835 0.49166666666666664 0.02666666666666667 0.08333333333333333
0 0.8233333333333334 0.5083333333333333 0.023333333333333334 0.07333333333333333
0 0.7708333333333334 0.5266666666666666 0.03166666666666667 0.043333333333333335
0 0.7883333333333333 0.525 0.02666666666666667 0.056666666666666664
0 0.8075 0.5275 0.028333333333333332 0.06833333333333333
0 0.7983333333333333 0.5725 0.03333333333333333 0.035
0 0.4375 0.5775 0.03833333333333333 0.058333333333333334
0 0.4583333333333333 0.5816666666666667 0.03666666666666667 0.043333333333333335
0 0.4841666666666667 0.5866666666666667 0.041666666666666664 0.05333333333333334
0 0.54 0.5858333333333333 0.02 0.08166666666666667
0 0.7608333333333334 0.615 0.021666666666666667 0.08333333333333333
0 0.7975 0.6191666666666666 0.021666666666666667 0.06166666666666667
0 0.4875 0.6233333333333333 0.021666666666666667 0.05
0 0.7816666666666666 0.6266666666666667 0.02666666666666667 0.06666666666666667
0 0.4716666666666667 0.6283333333333333 0.02666666666666667 0.06
0 0.5075 0.6433333333333333 0.025 0.06
0 0.7933333333333333 0.6625 0.02666666666666667 0.058333333333333334
0 0.7658333333333334 0.6775 0.021666666666666667 0.058333333333333334
0 0.8025 0.6916666666666667 0.018333333333333333 0.07
0 0.7766666666666666 0.7291666666666666 0.02 0.06166666666666667
0 0.795 0.7425 0.02 0.07166666666666667
0 0.8341666666666666 0.8108333333333333 0.021666666666666667 0.07166666666666667
0 0.43083333333333335 0.8625 0.03166666666666667 0.07166666666666667
0 0.45 0.9275 0.023333333333333334 0.07166666666666667
0 0.3075 0.034166666666666665 0.021666666666666667 0.055
0 0.5566666666666666 0.9566666666666667 0.023333333333333334 0.08666666666666667
0 0.6416666666666667 0.03833333333333333 0.03333333333333333 0.05
0 0.615 0.0425 0.04 0.03833333333333333
0 0.5241666666666667 0.04583333333333333 0.035 0.041666666666666664
0 0.5858333333333333 0.05333333333333334 0.028333333333333332 0.06666666666666667
0 0.5625 0.058333333333333334 0.028333333333333332 0.03
0 0.5441666666666667 0.06166666666666667 0.021666666666666667 0.056666666666666664
0 0.67 0.06583333333333333 0.03333333333333333 0.04833333333333333
0 0.32916666666666666 0.06416666666666666 0.025 0.058333333333333334
0 0.695 0.0675 0.03 0.035
0 0.655 0.09416666666666666 0.03 0.065
0 0.5733333333333334 0.09666666666666666 0.03 0.04666666666666667
0 0.7008333333333333 0.10333333333333333 0.035 0.05
0 0.6466666666666666 0.11 0.023333333333333334 0.08333333333333333
0 0.5725 0.12083333333333333 0.028333333333333332 0.06833333333333333
0 0.3925 0.14166666666666666 0.025 0.023333333333333334
0 0.42916666666666664 0.15583333333333332 0.028333333333333332 0.025
0 0.6075 0.1575 0.045 0.055
0 0.5991666666666666 0.1575 0.028333333333333332 0.055
0 0.4066666666666667 0.1675 0.03333333333333333 0.035
0 0.555 0.17 0.03333333333333333 0.05333333333333334
0 0.4583333333333333 0.175 0.03333333333333333 0.04666666666666667
0 0.6758333333333333 0.17416666666666666 0.018333333333333333 0.08166666666666667
0 0.43916666666666665 0.18083333333333335 0.03166666666666667 0.025
0 0.5908333333333333 0.18166666666666667 0.021666666666666667 0.05333333333333334
0 0.7241666666666666 0.18833333333333332 0.035 0.07666666666666666
0 0.4141666666666667 0.19666666666666666 0.03166666666666667 0.03333333333333333
0 0.4033333333333333 0.20583333333333334 0.023333333333333334 0.04833333333333333
0 0.4475 0.20666666666666667 0.03833333333333333 0.03
0 0.7575 0.21333333333333335 0.028333333333333332 0.03
0 0.7791666666666667 0.21333333333333335 0.035 0.03333333333333333
0 0.7358333333333333 0.22 0.018333333333333333 0.07
0 0.5783333333333334 0.22166666666666668 0.03333333333333333 0.05333333333333334
0 0.7141666666666666 0.2275 0.018333333333333333 0.06833333333333333
0 0.6833333333333333 0.23333333333333334 0.016666666666666666 0.06666666666666667
0 0.43583333333333335 0.22916666666666666 0.03166666666666667 0.041666666666666664
0 0.6433333333333333 0.245 0.03 0.06333333333333334
0 0.4708333333333333 0.24 0.03166666666666667 0.043333333333333335
0 0.765 0.245 0.03666666666666667 0.03666666666666667
0 0.45916666666666667 0.24916666666666668 0.021666666666666667 0.04833333333333333
0 0.6108333333333333 0.25166666666666665 0.03833333333333333 0.03666666666666667
0 0.78 0.25416666666666665 0.03 0.041666666666666664
0 0.4841666666666667 0.2808333333333333 0.028333333333333332 0.045
0 0.71 0.2825 0.02 0.07166666666666667
0 0.8033333333333333 0.2841666666666667 0.02 0.065
0 0.7416666666666667 0.29083333333333333 0.04 0.03833333333333333
0 0.7708333333333334 0.3 0.025 0.05
0 0.4658333333333333 0.31916666666666665 0.045 0.035
0 0.37416666666666665 0.31833333333333336 0.018333333333333333 0.07666666666666666
0 0.79 0.32416666666666666 0.02666666666666667 0.045
0 0.7491666666666666 0.32416666666666666 0.018333333333333333 0.04833333333333333
0 0.7358333333333333 0.3375 0.025 0.058333333333333334
0 0.8 0.35833333333333334 0.02 0.06
0 0.7825 0.36 0.025 0.03333333333333333
0 0.7633333333333333 0.36833333333333335 0.03 0.05333333333333334
0 0.37166666666666665 0.37833333333333335 0.013333333333333334 0.04666666666666667
0 0.7783333333333333 0.38416666666666666 0.02666666666666667 0.03833333333333333
0 0.74 0.38333333333333336 0.02 0.06333333333333334
0 0.8008333333333333 0.3875 0.025 0.06166666666666667
0 0.3858333333333333 0.405 0.018333333333333333 0.07333333333333333
0 0.7791666666666667 0.4266666666666667 0.021666666666666667 0.056666666666666664
