0 0.6458333333333334 0.5125 0.03833333333333333 0.095
0 0.6816666666666666 0.6008333333333333 0.06 0.04833333333333333
0 0.6816666666666666 0.6883333333333334 0.06333333333333334 0.05
0 0.6833333333333333 0.7508333333333334 0.04666666666666667 0.075
0 0.1775 0.7641666666666667 0.028333333333333332 0.115
0 0.8041666666666667 0.7708333333333334 0.04833333333333333 0.085
0 0.6683333333333333 0.8675 0.043333333333333335 0.08166666666666667
0 0.9808333333333333 0.8741666666666666 0.03833333333333333 0.09833333333333333
0 0.0825 0.24083333333333334 0.045 0.065
0 0.2891666666666667 0.35333333333333333 0.028333333333333332 0.1
0 0.43833333333333335 0.3575 0.03 0.095
0 0.3375 0.38916666666666666 0.035 0.08833333333333333
0 0.14916666666666667 0.4483333333333333 0.028333333333333332 0.09666666666666666
