0 0.41083333333333333 0.5191666666666667 0.015 0.055
0 0.4525 0.5108333333333334 0.018333333333333333 0.075
0 0.49916666666666665 0.4975 0.021666666666666667 0.08166666666666667
0 0.42916666666666664 0.49666666666666665 0.03166666666666667 0.06
0 0.45666666666666667 0.4558333333333333 0.02 0.058333333333333334
0 0.44083333333333335 0.45416666666666666 0.015 0.07166666666666667
0 0.475 0.42583333333333334 0.043333333333333335 0.04833333333333333
0 0.2925 0.8675 0.03166666666666667 0.075
0 0.3016666666666667 0.8416666666666667 0.03 0.07666666666666666
0 0.35 0.8441666666666666 0.05 0.041666666666666664
0 0.305 0.8125 0.03666666666666667 0.058333333333333334
0 0.3641666666666667 0.7516666666666667 0.028333333333333332 0.06333333333333334
0 0.39 0.7425 0.043333333333333335 0.03166666666666667
0 0.44666666666666666 0.6941666666666667 0.02666666666666667 0.065
0 0.465 0.6825 0.03333333333333333 0.03166666666666667
0 0.42833333333333334 0.6791666666666667 0.02 0.075
0 0.4075 0.64 0.021666666666666667 0.07666666666666666
0 0.43833333333333335 0.6383333333333333 0.03 0.056666666666666664
0 0.4533333333333333 0.6266666666666667 0.02666666666666667 0.06
0 0.41333333333333333 0.605 0.02 0.07333333333333333
0 0.39 0.6 0.016666666666666666 0.07
0 0.5008333333333334 0.5891666666666666 0.041666666666666664 0.028333333333333332
0 0.47 0.5816666666666667 0.03666666666666667 0.06666666666666667
0 0.45 0.5716666666666667 0.023333333333333334 0.08333333333333333
0 0.43083333333333335 0.5666666666666667 0.018333333333333333 0.08666666666666667
0 0.4008333333333333 0.5525 0.015 0.045
0 0.4191666666666667 0.545 0.021666666666666667 0.06
