0 0.43166666666666664 0.4625 0.03666666666666667 0.06833333333333333
0 0.4583333333333333 0.49333333333333335 0.04 0.03
0 0.59 0.5016666666666667 0.03 0.07666666666666666
0 0.425 0.5 0.02666666666666667 0.056666666666666664
0 0.48583333333333334 0.53 0.03833333333333333 0.03
0 0.4425 0.5275 0.028333333333333332 0.051666666666666666
0 0.42083333333333334 0.5441666666666667 0.021666666666666667 0.06833333333333333
0 0.4791666666666667 0.5633333333333334 0.035 0.03666666666666667
0 0.45 0.5683333333333334 0.016666666666666666 0.07
0 0.4025 0.5783333333333334 0.021666666666666667 0.08
0 0.4275 0.5958333333333333 0.021666666666666667 0.07833333333333334
0 0.45916666666666667 0.6233333333333333 0.028333333333333332 0.07333333333333333
0 0.43583333333333335 0.635 0.025 0.08
0 0.3925 0.7208333333333333 0.035 0.04833333333333333
0 0.3516666666666667 0.7525 0.03666666666666667 0.03833333333333333
0 0.36333333333333334 0.7541666666666667 0.06 0.041666666666666664
0 0.3225 0.7658333333333334 0.041666666666666664 0.041666666666666664
0 0.30583333333333335 0.7891666666666667 0.041666666666666664 0.035
0 0.5208333333333334 0.3616666666666667 0.018333333333333333 0.08
0 0.54 0.3858333333333333 0.02666666666666667 0.075
0 0.5591666666666667 0.3908333333333333 0.035 0.03833333333333333
0 0.5891666666666666 0.3975 0.035 0.035
0 0.5125 0.39666666666666667 0.035 0.06
0 0.49333333333333335 0.405 0.03 0.07333333333333333
0 0.5958333333333333 0.4325 0.03166666666666667 0.04833333333333333
0 0.5466666666666666 0.43416666666666665 0.03 0.04833333333333333
0 0.5691666666666667 0.43416666666666665 0.025 0.058333333333333334
0 0.6133333333333333 0.43666666666666665 0.02666666666666667 0.043333333333333335
0 0.48833333333333334 0.43666666666666665 0.03666666666666667 0.07
0 0.5208333333333334 0.4425 0.025 0.04833333333333333
0 0.4675 0.4425 0.025 0.055
0 0.5916666666666667 0.45666666666666667 0.023333333333333334 0.06333333333333334
0 0.5475 0.46166666666666667 0.028333333333333332 0.05
