0 0.7458333333333333 0.029166666666666667 0.075 0.058333333333333334
0 0.9916666666666667 0.5308333333333334 0.016666666666666666 0.06833333333333333
0 0.49916666666666665 0.5558333333333333 0.045 0.14166666666666666
0 0.6641666666666667 0.025 0.085 0.05
0 0.5658333333333333 0.6616666666666666 0.065 0.10333333333333333
0 0.49416666666666664 0.685 0.07166666666666667 0.08
0 0.99 0.7566666666666667 0.02 0.11333333333333333
0 0.5366666666666666 0.7725 0.06666666666666667 0.075
0 0.4775 0.8191666666666667 0.04833333333333333 0.125
0 0.6066666666666667 0.12583333333333332 0.07666666666666666 0.075
0 0.5133333333333333 0.16083333333333333 0.08333333333333333 0.065
0 0.8225 0.175 0.04833333333333333 0.1
0 0.8691666666666666 0.20583333333333334 0.045 0.095
0 0.7558333333333334 0.21583333333333332 0.045 0.09166666666666666
0 0.72 0.24 0.06 0.11666666666666667
0 0.43333333333333335 0.24833333333333332 0.03 0.14333333333333334
0 0.98 0.25416666666666665 0.04 0.125
0 0.4841666666666667 0.32 0.051666666666666666 0.11333333333333333
0 0.8283333333333334 0.020833333333333332 0.056666666666666664 0.041666666666666664
0 0.38 0.45 0.03666666666666667 0.14
