0 0.8025 0.4583333333333333 0.03833333333333333 0.04666666666666667
0 0.5483333333333333 0.46416666666666667 0.043333333333333335 0.03166666666666667
0 0.3283333333333333 0.47583333333333333 0.03666666666666667 0.04833333333333333
0 0.7991666666666667 0.49916666666666665 0.025 0.051666666666666666
0 0.39916666666666667 0.5025 0.028333333333333332 0.075
0 0.7641666666666667 0.51 0.04833333333333333 0.04666666666666667
0 0.29083333333333333 0.5091666666666667 0.018333333333333333 0.09166666666666666
0 0.34 0.5166666666666667 0.03 0.03666666666666667
0 0.7775 0.5116666666666667 0.025 0.05
0 0.30333333333333334 0.5158333333333334 0.016666666666666666 0.065
0 0.3225 0.5175 0.028333333333333332 0.055
0 0.345 0.5466666666666666 0.02666666666666667 0.04
0 0.3233333333333333 0.5525 0.02666666666666667 0.075
0 0.8 0.5566666666666666 0.02 0.06333333333333334
0 0.74 0.5558333333333333 0.04 0.04833333333333333
0 0.31416666666666665 0.5733333333333334 0.015 0.056666666666666664
0 0.33166666666666667 0.58 0.016666666666666666 0.056666666666666664
0 0.43666666666666665 0.5791666666666667 0.02 0.08833333333333333
0 0.30083333333333334 0.5908333333333333 0.021666666666666667 0.058333333333333334
0 0.3458333333333333 0.5933333333333334 0.018333333333333333 0.06
0 0.3225 0.6125 0.018333333333333333 0.055
0 0.2725 0.6166666666666667 0.018333333333333333 0.08666666666666667
0 0.4483333333333333 0.6258333333333334 0.02 0.06833333333333333
0 0.2925 0.635 0.021666666666666667 0.056666666666666664
0 0.31166666666666665 0.6283333333333333 0.016666666666666666 0.05
0 0.7516666666666667 0.6391666666666667 0.03666666666666667 0.058333333333333334
0 0.32916666666666666 0.6475 0.028333333333333332 0.06833333333333333
0 0.2891666666666667 0.645 0.025 0.07
0 0.43916666666666665 0.6716666666666666 0.018333333333333333 0.07333333333333333
0 0.305 0.6716666666666666 0.02 0.06
0 0.5266666666666666 0.6841666666666667 0.03 0.07166666666666667
0 0.285 0.7208333333333333 0.02 0.07166666666666667
0 0.2725 0.7741666666666667 0.021666666666666667 0.075
0 0.305 0.7766666666666666 0.02666666666666667 0.07666666666666666
0 0.3 0.815 0.03666666666666667 0.06666666666666667
0 0.28583333333333333 0.835 0.018333333333333333 0.07666666666666666
0 0.30583333333333335 0.8833333333333333 0.025 0.06666666666666667
0 0.79 0.885 0.02 0.09333333333333334
0 0.3025 0.9025 0.028333333333333332 0.09833333333333333
0 0.7683333333333333 0.9125 0.02666666666666667 0.08166666666666667
0 0.7408333333333333 0.9325 0.045 0.065
0 0.6891666666666667 0.9541666666666667 0.041666666666666664 0.041666666666666664
0 0.7691666666666667 0.9608333333333333 0.025 0.06166666666666667
0 0.7475 0.9616666666666667 0.028333333333333332 0.03333333333333333
0 0.735 0.9891666666666666 0.03333333333333333 0.021666666666666667
0 0.8591666666666666 0.12333333333333334 0.021666666666666667 0.06
0 0.7975 0.15416666666666667 0.028333333333333332 0.045
0 0.7641666666666667 0.20333333333333334 0.025 0.06666666666666667
0 0.8141666666666667 0.205 0.028333333333333332 0.05333333333333334
0 0.8291666666666667 0.215 0.015 0.056666666666666664
0 0.7366666666666667 0.235 0.04 0.04666666666666667
0 0.845 0.235 0.023333333333333334 0.06
0 0.8141666666666667 0.24666666666666667 0.021666666666666667 0.05
0 0.6391666666666667 0.24833333333333332 0.03166666666666667 0.02666666666666667
0 0.27 0.25416666666666665 0.023333333333333334 0.065
0 0.6441666666666667 0.2725 0.03833333333333333 0.03833333333333333
0 0.29083333333333333 0.2733333333333333 0.021666666666666667 0.07666666666666666
0 0.7908333333333334 0.27666666666666667 0.021666666666666667 0.07333333333333333
0 0.9666666666666667 0.2775 0.03666666666666667 0.065
0 0.25416666666666665 0.2816666666666667 0.021666666666666667 0.06666666666666667
0 0.615 0.285 0.03333333333333333 0.05
0 0.8108333333333333 0.295 0.025 0.056666666666666664
0 0.25916666666666666 0.3125 0.028333333333333332 0.058333333333333334
0 0.2808333333333333 0.3233333333333333 0.025 0.06333333333333334
0 0.7625 0.3233333333333333 0.028333333333333332 0.04666666666666667
0 0.9475 0.3283333333333333 0.03166666666666667 0.04
0 0.26666666666666666 0.3333333333333333 0.016666666666666666 0.06333333333333334
0 0.7816666666666666 0.3358333333333333 0.02666666666666667 0.045
0 0.6241666666666666 0.34 0.028333333333333332 0.07
0 0.8041666666666667 0.3433333333333333 0.021666666666666667 0.05333333333333334
0 0.7391666666666666 0.3433333333333333 0.035 0.06
0 0.5958333333333333 0.3425 0.028333333333333332 0.058333333333333334
0 0.3466666666666667 0.36583333333333334 0.03 0.035
0 0.2783333333333333 0.37666666666666665 0.02 0.06666666666666667
0 0.7566666666666667 0.37916666666666665 0.04 0.03166666666666667
0 0.7166666666666667 0.3875 0.03333333333333333 0.028333333333333332
0 0.6066666666666667 0.3908333333333333 0.03333333333333333 0.035
0 0.8183333333333334 0.40166666666666667 0.02666666666666667 0.03
0 0.3 0.4033333333333333 0.02666666666666667 0.08
0 0.7008333333333333 0.4141666666666667 0.045 0.03166666666666667
0 0.5641666666666667 0.43 0.041666666666666664 0.04666666666666667
0 0.8016666666666666 0.43166666666666664 0.03666666666666667 0.04
0 0.8233333333333334 0.44166666666666665 0.016666666666666666 0.056666666666666664
0 0.295 0.4525 0.023333333333333334 0.06166666666666667
