0 0.5683333333333334 0.425 0.056666666666666664 0.043333333333333335
0 0.5383333333333333 0.4375 0.06 0.06166666666666667
0 0.525 0.44083333333333335 0.03666666666666667 0.055
0 0.6208333333333333 0.4508333333333333 0.045 0.035
0 0.5966666666666667 0.465 0.05 0.04
0 0.5775 0.48 0.04833333333333333 0.04
0 0.9191666666666667 0.5925 0.028333333333333332 0.085
0 0.7858333333333334 0.6458333333333334 0.0016666666666666668 0.0016666666666666668
0 0.7908333333333334 0.6391666666666667 0.035 0.021666666666666667
0 0.905 0.7183333333333334 0.03 0.08666666666666667
0 0.7058333333333333 0.915 0.041666666666666664 0.1
0 0.10416666666666667 0.13583333333333333 0.065 0.03166666666666667
0 0.051666666666666666 0.14 0.04666666666666667 0.043333333333333335
0 0.025833333333333333 0.1725 0.0016666666666666668 0.0016666666666666668
0 0.15916666666666668 0.18583333333333332 0.03833333333333333 0.06833333333333333
0 0.2783333333333333 0.3425 0.056666666666666664 0.035
0 0.38416666666666666 0.3541666666666667 0.045 0.051666666666666666
0 0.41833333333333333 0.3575 0.04 0.03166666666666667
0 0.7408333333333333 0.38416666666666666 0.0016666666666666668 0.0016666666666666668
0 0.4608333333333333 0.38666666666666666 0.03833333333333333 0.04666666666666667
0 0.49333333333333335 0.39916666666666667 0.04 0.045
0 0.7383333333333333 0.395 0.056666666666666664 0.043333333333333335
0 0.6775 0.4041666666666667 0.051666666666666666 0.03166666666666667
