0 0.8141666666666667 0.4775 0.035 0.03166666666666667
0 0.785 0.48 0.02666666666666667 0.07
0 0.8216666666666667 0.49416666666666664 0.03333333333333333 0.051666666666666666
0 0.5283333333333333 0.49583333333333335 0.02 0.058333333333333334
0 0.7891666666666667 0.5133333333333333 0.03833333333333333 0.04
0 0.6983333333333334 0.5441666666666667 0.04666666666666667 0.035
0 0.26416666666666666 0.6091666666666666 0.021666666666666667 0.08166666666666667
0 0.23583333333333334 0.6316666666666667 0.03833333333333333 0.02666666666666667
0 0.3575 0.6383333333333333 0.021666666666666667 0.056666666666666664
0 0.21916666666666668 0.6766666666666666 0.021666666666666667 0.06
0 0.23916666666666667 0.675 0.018333333333333333 0.06
0 0.25666666666666665 0.6808333333333333 0.02666666666666667 0.07166666666666667
0 0.1775 0.7066666666666667 0.041666666666666664 0.05
0 0.24333333333333335 0.7225 0.02 0.051666666666666666
0 0.2275 0.725 0.018333333333333333 0.06333333333333334
0 0.19083333333333333 0.7225 0.035 0.04833333333333333
0 0.21666666666666667 0.7375 0.023333333333333334 0.065
0 0.89 0.7425 0.03666666666666667 0.035
0 0.8383333333333334 0.765 0.043333333333333335 0.03666666666666667
0 0.22083333333333333 0.7625 0.0016666666666666668 0.005
0 0.18916666666666668 0.7783333333333333 0.021666666666666667 0.08
0 0.1975 0.8266666666666667 0.025 0.06666666666666667
0 0.45666666666666667 0.09666666666666666 0.02 0.07333333333333333
0 0.47333333333333333 0.11833333333333333 0.02 0.06666666666666667
0 0.49583333333333335 0.13083333333333333 0.03833333333333333 0.051666666666666666
0 0.4575 0.165 0.015 0.06333333333333334
0 0.49 0.17333333333333334 0.03 0.04666666666666667
0 0.47333333333333333 0.1825 0.016666666666666666 0.065
0 0.49166666666666664 0.215 0.03 0.04666666666666667
0 0.7975 0.2991666666666667 0.028333333333333332 0.08833333333333333
0 0.5425 0.35583333333333333 0.041666666666666664 0.03166666666666667
0 0.8208333333333333 0.36 0.028333333333333332 0.11333333333333333
0 0.5358333333333334 0.37666666666666665 0.045 0.03666666666666667
0 0.5541666666666667 0.4266666666666667 0.018333333333333333 0.06
0 0.5391666666666667 0.43166666666666664 0.015 0.07
0 0.525 0.4425 0.02 0.08833333333333333
0 0.5708333333333333 0.4575 0.018333333333333333 0.085
