0 0.23416666666666666 0.47583333333333333 0.025 0.06166666666666667
0 0.23416666666666666 0.47583333333333333 0.025 0.06166666666666667
0 0.5066666666666667 0.485 0.023333333333333334 0.07
0 0.275 0.49666666666666665 0.02 0.06333333333333334
0 0.25833333333333336 0.4925 0.016666666666666666 0.051666666666666666
0 0.35583333333333333 0.035833333333333335 0.021666666666666667 0.07166666666666667
0 0.22333333333333333 0.52 0.02 0.06
0 0.25083333333333335 0.5425 0.018333333333333333 0.06166666666666667
0 0.23166666666666666 0.555 0.02 0.06666666666666667
0 0.6058333333333333 0.04416666666666667 0.028333333333333332 0.03833333333333333
0 0.2775 0.045 0.021666666666666667 0.02666666666666667
0 0.19 0.6258333333333334 0.02 0.065
0 0.3 0.051666666666666666 0.023333333333333334 0.07
0 0.2608333333333333 0.049166666666666664 0.035 0.035
0 0.5741666666666667 0.05416666666666667 0.035 0.03166666666666667
0 0.5775 0.6925 0.028333333333333332 0.07166666666666667
0 0.5508333333333333 0.05583333333333333 0.03166666666666667 0.051666666666666666
0 0.45 0.06416666666666666 0.03 0.051666666666666666
0 0.5583333333333333 0.77 0.023333333333333334 0.08
0 0.3175 0.06333333333333334 0.018333333333333333 0.06333333333333334
0 0.6516666666666666 0.86 0.03333333333333333 0.05333333333333334
0 0.3458333333333333 0.08333333333333333 0.018333333333333333 0.06333333333333334
0 0.4625 0.8858333333333334 0.025 0.08166666666666667
0 0.5916666666666667 0.9083333333333333 0.02666666666666667 0.03
0 0.63 0.9133333333333333 0.043333333333333335 0.06
0 0.5891666666666666 0.07916666666666666 0.035 0.03833333333333333
0 0.6008333333333333 0.95 0.035 0.03333333333333333
0 0.6283333333333333 0.9525 0.02666666666666667 0.075
0 0.25333333333333335 0.07916666666666666 0.03 0.045
0 0.275 0.08416666666666667 0.02666666666666667 0.041666666666666664
0 0.5941666666666666 0.9783333333333334 0.03166666666666667 0.03
0 0.5666666666666667 0.9816666666666667 0.03333333333333333 0.03666666666666667
0 0.38666666666666666 0.08583333333333333 0.03 0.06166666666666667
0 0.4175 0.09083333333333334 0.035 0.03833333333333333
0 0.5966666666666667 0.0925 0.03666666666666667 0.035
0 0.5541666666666667 0.095 0.03833333333333333 0.05
0 0.6341666666666667 0.005833333333333334 0.021666666666666667 0.011666666666666667
0 0.23166666666666666 0.11666666666666667 0.02666666666666667 0.06
0 0.29 0.125 0.03666666666666667 0.04
0 0.2608333333333333 0.12666666666666668 0.025 0.05333333333333334
0 0.31916666666666665 0.1325 0.018333333333333333 0.075
0 0.5275 0.1425 0.035 0.045
0 0.2816666666666667 0.15583333333333332 0.016666666666666666 0.041666666666666664
0 0.24666666666666667 0.15416666666666667 0.03 0.041666666666666664
0 0.5566666666666666 0.16333333333333333 0.04 0.03333333333333333
0 0.2916666666666667 0.16666666666666666 0.03 0.06333333333333334
0 0.2525 0.1875 0.028333333333333332 0.035
0 0.235 0.19083333333333333 0.02 0.06166666666666667
0 0.6425 0.20833333333333334 0.018333333333333333 0.08333333333333333
0 0.29083333333333333 0.21083333333333334 0.018333333333333333 0.06166666666666667
0 0.4266666666666667 0.013333333333333334 0.023333333333333334 0.02666666666666667
0 0.27666666666666667 0.22083333333333333 0.023333333333333334 0.07166666666666667
0 0.25583333333333336 0.21833333333333332 0.025 0.043333333333333335
0 0.5933333333333334 0.01 0.023333333333333334 0.02
0 0.6433333333333333 0.23416666666666666 0.016666666666666666 0.035
0 0.25583333333333336 0.24916666666666668 0.021666666666666667 0.058333333333333334
0 0.2425 0.2525 0.025 0.055
0 0.6308333333333334 0.2633333333333333 0.018333333333333333 0.05333333333333334
0 0.24416666666666667 0.275 0.028333333333333332 0.05
0 0.47 0.02 0.03 0.04
0 0.4533333333333333 0.018333333333333333 0.03 0.03666666666666667
0 0.22916666666666666 0.2891666666666667 0.015 0.058333333333333334
0 0.6158333333333333 0.0175 0.03166666666666667 0.035
0 0.27166666666666667 0.29833333333333334 0.016666666666666666 0.08333333333333333
0 0.25 0.31 0.03 0.03666666666666667
0 0.21166666666666667 0.3408333333333333 0.02666666666666667 0.065
0 0.24333333333333335 0.3458333333333333 0.023333333333333334 0.055
0 0.25916666666666666 0.3491666666666667 0.028333333333333332 0.051666666666666666
0 0.4008333333333333 0.023333333333333334 0.03166666666666667 0.04666666666666667
0 0.23 0.38416666666666666 0.023333333333333334 0.07833333333333334
0 0.4375 0.025 0.021666666666666667 0.05
0 0.24833333333333332 0.40166666666666667 0.02 0.056666666666666664
0 0.3125 0.029166666666666667 0.028333333333333332 0.058333333333333334
0 0.5591666666666667 0.4175 0.035 0.035
0 0.48083333333333333 0.4166666666666667 0.021666666666666667 0.08
0 0.2675 0.4191666666666667 0.03166666666666667 0.06833333333333333
0 0.5333333333333333 0.4216666666666667 0.03666666666666667 0.043333333333333335
0 0.5775 0.4225 0.03166666666666667 0.06166666666666667
0 0.23166666666666666 0.44 0.02 0.05333333333333334
0 0.5325 0.4525 0.021666666666666667 0.045
0 0.2475 0.4483333333333333 0.018333333333333333 0.05333333333333334
0 0.26 0.455 0.023333333333333334 0.05
0 0.5841666666666666 0.0325 0.03166666666666667 0.025
0 0.5475 0.46 0.025 0.056666666666666664
