0 0.4325 0.5358333333333334 0.021666666666666667 0.025
0 0.44916666666666666 0.5166666666666667 0.021666666666666667 0.05
0 0.43416666666666665 0.5116666666666667 0.018333333333333333 0.04
0 0.465 0.5058333333333334 0.023333333333333334 0.06166666666666667
0 0.4791666666666667 0.5033333333333333 0.015 0.056666666666666664
0 0.42 0.4891666666666667 0.013333333333333334 0.04833333333333333
0 0.4508333333333333 0.4891666666666667 0.025 0.065
0 0.42833333333333334 0.465 0.016666666666666666 0.05333333333333334
0 0.46416666666666667 0.45 0.018333333333333333 0.06
0 0.4508333333333333 0.44083333333333335 0.021666666666666667 0.058333333333333334
0 0.4375 0.445 0.015 0.056666666666666664
0 0.4125 0.43583333333333335 0.015 0.07166666666666667
0 0.47 0.4175 0.016666666666666666 0.058333333333333334
0 0.43333333333333335 0.3858333333333333 0.03 0.041666666666666664
0 0.47 0.3775 0.02 0.075
0 0.48833333333333334 0.37166666666666665 0.03 0.04666666666666667
0 0.44916666666666666 0.36666666666666664 0.018333333333333333 0.056666666666666664
0 0.43333333333333335 0.35083333333333333 0.02 0.06833333333333333
0 0.4583333333333333 0.3425 0.013333333333333334 0.051666666666666666
0 0.4816666666666667 0.335 0.03 0.056666666666666664
0 0.4141666666666667 0.3233333333333333 0.015 0.08
0 0.44666666666666666 0.31083333333333335 0.016666666666666666 0.055
0 0.43083333333333335 0.31 0.021666666666666667 0.04666666666666667
0 0.46 0.2825 0.02666666666666667 0.04833333333333333
0 0.425 0.2658333333333333 0.02666666666666667 0.058333333333333334
0 0.43416666666666665 0.25666666666666665 0.021666666666666667 0.04666666666666667
0 0.455 0.25 0.04 0.05
0 0.37083333333333335 0.21083333333333334 0.028333333333333332 0.07166666666666667
0 0.4775 0.7625 0.015 0.07166666666666667
0 0.4925 0.7375 0.015 0.065
0 0.5025 0.715 0.011666666666666667 0.056666666666666664
0 0.47833333333333333 0.6783333333333333 0.013333333333333334 0.06666666666666667
0 0.4241666666666667 0.5991666666666666 0.015 0.058333333333333334
0 0.46166666666666667 0.5991666666666666 0.013333333333333334 0.06166666666666667
0 0.44916666666666666 0.6075 0.005 0.005
0 0.4583333333333333 0.5858333333333333 0.02 0.08833333333333333
0 0.43666666666666665 0.5783333333333334 0.013333333333333334 0.05333333333333334
0 0.48333333333333334 0.5708333333333333 0.016666666666666666 0.07166666666666667
0 0.47 0.5691666666666667 0.016666666666666666 0.07166666666666667
0 0.4166666666666667 0.5416666666666666 0.02 0.04666666666666667
