0 0.6708333333333333 0.5283333333333333 0.025 0.06
0 0.6225 0.5275 0.041666666666666664 0.028333333333333332
0 0.5308333333333334 0.52 0.025 0.03666666666666667
0 0.6916666666666667 0.5133333333333333 0.03 0.05333333333333334
0 0.5616666666666666 0.5108333333333334 0.03666666666666667 0.025
0 0.615 0.49916666666666665 0.03 0.03166666666666667
0 0.6375 0.49916666666666665 0.035 0.03833333333333333
0 0.5925 0.49666666666666665 0.028333333333333332 0.043333333333333335
0 0.6641666666666667 0.49583333333333335 0.025 0.045
0 0.29083333333333333 0.5 0.035 0.06666666666666667
0 0.5725 0.48833333333333334 0.03166666666666667 0.04666666666666667
0 0.5408333333333334 0.4891666666666667 0.045 0.025
0 0.056666666666666664 0.4816666666666667 0.04666666666666667 0.06
0 0.5416666666666666 0.47 0.03333333333333333 0.03
0 0.6733333333333333 0.4625 0.02666666666666667 0.04833333333333333
0 0.6125 0.4608333333333333 0.041666666666666664 0.035
0 0.025833333333333333 0.45916666666666667 0.03166666666666667 0.051666666666666666
0 0.6491666666666667 0.4533333333333333 0.035 0.03666666666666667
0 0.24583333333333332 0.45166666666666666 0.021666666666666667 0.07666666666666666
0 0.5133333333333333 0.4508333333333333 0.03666666666666667 0.035
0 0.5708333333333333 0.44916666666666666 0.035 0.028333333333333332
0 0.6266666666666667 0.44583333333333336 0.02666666666666667 0.041666666666666664
0 0.59 0.435 0.03333333333333333 0.03
0 0.6416666666666667 0.415 0.03333333333333333 0.043333333333333335
0 0.5366666666666666 0.41 0.04 0.03333333333333333
0 0.25416666666666665 0.4125 0.018333333333333333 0.085
0 0.6083333333333333 0.41 0.04 0.03333333333333333
0 0.5575 0.405 0.03166666666666667 0.03333333333333333
0 0.5866666666666667 0.39416666666666667 0.03 0.025
0 0.23833333333333334 0.3875 0.016666666666666666 0.055
0 0.515 0.3825 0.04 0.028333333333333332
0 0.2225 0.37333333333333335 0.028333333333333332 0.07
0 0.49166666666666664 0.3725 0.03333333333333333 0.03166666666666667
0 0.5325 0.3675 0.03166666666666667 0.035
0 0.5575 0.37083333333333335 0.03166666666666667 0.035
0 0.5966666666666667 0.3625 0.03666666666666667 0.04833333333333333
0 0.5741666666666667 0.35833333333333334 0.035 0.03333333333333333
0 0.4841666666666667 0.35 0.041666666666666664 0.03
0 0.6008333333333333 0.3308333333333333 0.018333333333333333 0.058333333333333334
0 0.5641666666666667 0.33 0.035 0.023333333333333334
0 0.5233333333333333 0.32916666666666666 0.043333333333333335 0.028333333333333332
0 0.5816666666666667 0.3125 0.023333333333333334 0.04833333333333333
0 0.49666666666666665 0.30583333333333335 0.03 0.028333333333333332
0 0.5575 0.30666666666666664 0.03166666666666667 0.02666666666666667
0 0.5975 0.30916666666666665 0.025 0.075
0 0.5183333333333333 0.2991666666666667 0.04 0.035
0 0.5358333333333334 0.2866666666666667 0.028333333333333332 0.02666666666666667
0 0.25833333333333336 0.2758333333333333 0.023333333333333334 0.03833333333333333
0 0.55 0.27666666666666667 0.03 0.03333333333333333
0 0.5666666666666667 0.2708333333333333 0.03 0.045
0 0.5116666666666667 0.27 0.03333333333333333 0.02666666666666667
0 0.5383333333333333 0.24833333333333332 0.02666666666666667 0.02666666666666667
0 0.5825 0.24583333333333332 0.03166666666666667 0.045
0 0.5133333333333333 0.2425 0.03 0.041666666666666664
0 0.5458333333333333 0.22166666666666668 0.03166666666666667 0.04666666666666667
0 0.5216666666666666 0.20166666666666666 0.02666666666666667 0.06333333333333334
0 0.5508333333333333 0.19583333333333333 0.018333333333333333 0.055
0 0.5625 0.175 0.015 0.07666666666666666
0 0.5391666666666667 0.1725 0.011666666666666667 0.055
0 0.5275 0.16 0.015 0.06333333333333334
0 0.5291666666666667 0.11 0.018333333333333333 0.06333333333333334
0 0.55 0.10416666666666667 0.016666666666666666 0.07833333333333334
0 0.5191666666666667 0.075 0.025 0.06333333333333334
0 0.5391666666666667 0.06583333333333333 0.015 0.065
0 0.5708333333333333 0.07166666666666667 0.018333333333333333 0.07
0 0.6575 0.8591666666666666 0.021666666666666667 0.075
0 0.6633333333333333 0.7941666666666667 0.023333333333333334 0.058333333333333334
0 0.5025 0.7666666666666667 0.028333333333333332 0.06666666666666667
0 0.6583333333333333 0.7658333333333334 0.016666666666666666 0.04833333333333333
0 0.5008333333333334 0.7566666666666667 0.025 0.04666666666666667
0 0.6475 0.73 0.015 0.04
0 0.6691666666666667 0.7133333333333334 0.015 0.056666666666666664
0 0.6583333333333333 0.7008333333333333 0.016666666666666666 0.07166666666666667
0 0.4716666666666667 0.695 0.016666666666666666 0.07
0 0.5041666666666667 0.665 0.035 0.05
0 0.61 0.6683333333333333 0.03666666666666667 0.04666666666666667
0 0.6316666666666667 0.6566666666666666 0.03 0.04
0 0.4775 0.6483333333333333 0.015 0.07666666666666666
0 0.6758333333333333 0.645 0.035 0.03
0 0.455 0.63 0.03 0.04666666666666667
0 0.62 0.6208333333333333 0.03333333333333333 0.03833333333333333
0 0.66 0.62 0.03 0.02666666666666667
0 0.6358333333333334 0.6116666666666667 0.03166666666666667 0.03333333333333333
0 0.4841666666666667 0.6116666666666667 0.018333333333333333 0.056666666666666664
0 0.655 0.5975 0.03 0.028333333333333332
0 0.4508333333333333 0.5866666666666667 0.035 0.04666666666666667
0 0.5991666666666666 0.5875 0.035 0.028333333333333332
0 0.6833333333333333 0.5858333333333333 0.03 0.051666666666666666
0 0.6216666666666667 0.5808333333333333 0.03666666666666667 0.03166666666666667
0 0.6558333333333334 0.5791666666666667 0.028333333333333332 0.035
0 0.5833333333333334 0.5616666666666666 0.03333333333333333 0.02666666666666667
0 0.42333333333333334 0.56 0.02666666666666667 0.02666666666666667
0 0.44666666666666666 0.555 0.03333333333333333 0.056666666666666664
0 0.6225 0.5533333333333333 0.035 0.02666666666666667
0 0.305 0.5533333333333333 0.03333333333333333 0.056666666666666664
0 0.6591666666666667 0.5458333333333333 0.028333333333333332 0.058333333333333334
0 0.2708333333333333 0.5383333333333333 0.018333333333333333 0.06333333333333334
0 0.5691666666666667 0.5358333333333334 0.035 0.025
0 0.595 0.5358333333333334 0.03 0.03166666666666667
