0 0.6625 0.47583333333333333 0.03833333333333333 0.065
0 0.6916666666666667 0.475 0.02666666666666667 0.06333333333333334
0 0.6683333333333333 0.48083333333333333 0.023333333333333334 0.055
0 0.6858333333333333 0.5683333333333334 0.021666666666666667 0.07333333333333333
0 0.013333333333333334 0.0725 0.02666666666666667 0.041666666666666664
0 0.03666666666666667 0.12083333333333333 0.04 0.051666666666666666
0 0.1925 0.22166666666666668 0.03833333333333333 0.03666666666666667
0 0.13083333333333333 0.2275 0.045 0.041666666666666664
0 0.21583333333333332 0.26416666666666666 0.041666666666666664 0.055
0 0.5733333333333334 0.26666666666666666 0.04666666666666667 0.04
0 0.6016666666666667 0.2683333333333333 0.03666666666666667 0.04
0 0.635 0.2758333333333333 0.03666666666666667 0.03166666666666667
0 0.5425 0.28 0.051666666666666666 0.04
0 0.4691666666666667 0.2833333333333333 0.04833333333333333 0.03
0 0.6675 0.30916666666666665 0.03166666666666667 0.07166666666666667
0 0.6366666666666667 0.3233333333333333 0.03666666666666667 0.04
0 0.49 0.32083333333333336 0.03666666666666667 0.045
0 0.6133333333333333 0.32916666666666666 0.04 0.051666666666666666
0 0.42583333333333334 0.3358333333333333 0.041666666666666664 0.03166666666666667
0 0.5541666666666667 0.34 0.045 0.03666666666666667
0 0.3883333333333333 0.3491666666666667 0.04666666666666667 0.035
0 0.45666666666666667 0.3541666666666667 0.04 0.035
0 0.4266666666666667 0.37666666666666665 0.03666666666666667 0.03666666666666667
0 0.6733333333333333 0.41 0.02 0.07666666666666666
