0 0.9691666666666666 0.4525 0.03166666666666667 0.055
0 0.24666666666666667 0.4791666666666667 0.03666666666666667 0.075
0 0.8908333333333334 0.4791666666666667 0.035 0.075
0 0.9266666666666666 0.5283333333333333 0.03333333333333333 0.08
0 0.8825 0.5633333333333334 0.028333333333333332 0.056666666666666664
0 0.8983333333333333 0.575 0.02 0.043333333333333335
0 0.15833333333333333 0.5933333333333334 0.04 0.03333333333333333
0 0.8483333333333334 0.61 0.02666666666666667 0.043333333333333335
0 0.8741666666666666 0.6175 0.051666666666666666 0.051666666666666666
0 0.13666666666666666 0.62 0.03666666666666667 0.04
0 0.165 0.635 0.03666666666666667 0.03
0 0.19916666666666666 0.6525 0.041666666666666664 0.03166666666666667
0 0.8358333333333333 0.6483333333333333 0.018333333333333333 0.04
0 0.8825 0.6575 0.035 0.06833333333333333
0 0.1675 0.6616666666666666 0.035 0.03
0 0.83 0.6766666666666666 0.05333333333333334 0.03
0 0.15083333333333335 0.6908333333333333 0.03833333333333333 0.03833333333333333
0 0.1725 0.6975 0.035 0.03833333333333333
0 0.14666666666666667 0.7283333333333334 0.02 0.05333333333333334
0 0.115 0.7308333333333333 0.013333333333333334 0.041666666666666664
0 0.12666666666666668 0.7558333333333334 0.02 0.045
0 0.14666666666666667 0.7675 0.016666666666666666 0.041666666666666664
0 0.175 0.7875 0.02666666666666667 0.045
0 0.15166666666666667 0.7966666666666666 0.03 0.05333333333333334
0 0.2791666666666667 0.8116666666666666 0.028333333333333332 0.06
0 0.12833333333333333 0.8158333333333333 0.02 0.065
0 0.17416666666666666 0.815 0.025 0.04
0 0.14833333333333334 0.8383333333333334 0.02666666666666667 0.056666666666666664
0 0.29333333333333333 0.8483333333333334 0.03333333333333333 0.03666666666666667
0 0.21 0.85 0.03 0.06333333333333334
0 0.2708333333333333 0.8558333333333333 0.035 0.03833333333333333
0 0.26166666666666666 0.8608333333333333 0.03333333333333333 0.04833333333333333
0 0.1525 0.8625 0.028333333333333332 0.055
0 0.12916666666666668 0.8866666666666667 0.021666666666666667 0.06666666666666667
0 0.25833333333333336 0.8875 0.03 0.035
0 0.2916666666666667 0.8975 0.03 0.04833333333333333
0 0.14666666666666667 0.905 0.02 0.03666666666666667
0 0.17083333333333334 0.9258333333333333 0.028333333333333332 0.06166666666666667
0 0.1525 0.9283333333333333 0.025 0.06333333333333334
0 0.17666666666666667 0.9783333333333334 0.03 0.043333333333333335
0 0.3125 0.9716666666666667 0.018333333333333333 0.056666666666666664
0 0.1775 0.9783333333333334 0.03166666666666667 0.043333333333333335
0 0.15833333333333333 0.9933333333333333 0.02 0.013333333333333334
0 0.8041666666666667 0.0725 0.028333333333333332 0.041666666666666664
0 0.8116666666666666 0.115 0.02666666666666667 0.05333333333333334
0 0.8325 0.12666666666666668 0.021666666666666667 0.07333333333333333
0 0.7933333333333333 0.13083333333333333 0.02666666666666667 0.035
0 0.8191666666666667 0.17333333333333334 0.03166666666666667 0.07
0 0.81 0.18916666666666668 0.023333333333333334 0.03166666666666667
0 0.20333333333333334 0.19166666666666668 0.02 0.023333333333333334
0 0.84 0.2 0.02 0.08666666666666667
0 0.765 0.22666666666666666 0.02666666666666667 0.07333333333333333
0 0.18916666666666668 0.22833333333333333 0.03833333333333333 0.05333333333333334
0 0.8875 0.2425 0.025 0.065
0 0.2 0.24833333333333332 0.03333333333333333 0.03
0 0.21166666666666667 0.2683333333333333 0.03 0.023333333333333334
0 0.8525 0.2783333333333333 0.025 0.08666666666666667
0 0.3275 0.2891666666666667 0.041666666666666664 0.045
0 0.17916666666666667 0.2925 0.025 0.04833333333333333
0 0.20166666666666666 0.3016666666666667 0.03333333333333333 0.05
0 0.8991666666666667 0.31 0.015 0.056666666666666664
0 0.8833333333333333 0.31333333333333335 0.023333333333333334 0.09
0 0.9158333333333334 0.3175 0.025 0.075
0 0.8683333333333333 0.3175 0.02 0.08833333333333333
0 0.9333333333333333 0.32416666666666666 0.02 0.06833333333333333
0 0.1725 0.3408333333333333 0.03166666666666667 0.04833333333333333
0 0.1975 0.3458333333333333 0.03833333333333333 0.04833333333333333
0 0.8933333333333333 0.365 0.02 0.07
0 0.9316666666666666 0.3883333333333333 0.023333333333333334 0.06333333333333334
0 0.9516666666666667 0.39416666666666667 0.02666666666666667 0.06833333333333333
0 0.9133333333333333 0.39666666666666667 0.02666666666666667 0.06666666666666667
0 0.5 0.39666666666666667 0.03333333333333333 0.07333333333333333
0 0.9041666666666667 0.45916666666666667 0.005 0.011666666666666667
