0 0.265 0.5375 0.09333333333333334 0.051666666666666666
0 0.9991666666666666 0.58 0.0016666666666666668 0.0033333333333333335
0 0.155 0.5225 0.06 0.08833333333333333
0 0.9733333333333334 0.9675 0.05333333333333334 0.065
0 0.17083333333333334 0.4675 0.065 0.10833333333333334
0 0.2833333333333333 0.4525 0.07 0.07166666666666667
0 0.19833333333333333 0.4216666666666667 0.056666666666666664 0.10333333333333333
0 0.5458333333333333 0.29833333333333334 0.065 0.08666666666666667
0 0.6016666666666667 0.23583333333333334 0.056666666666666664 0.10166666666666667
0 0.5941666666666666 0.15833333333333333 0.06833333333333333 0.06
0 0.5691666666666667 0.08583333333333333 0.06833333333333333 0.07166666666666667
0 0.5058333333333334 0.0675 0.06166666666666667 0.06166666666666667
0 0.7866666666666666 0.058333333333333334 0.03333333333333333 0.11666666666666667
0 0.7841666666666667 0.91 0.06166666666666667 0.08
0 0.7816666666666666 0.8241666666666667 0.06333333333333334 0.06166666666666667
0 0.53 0.79 0.05333333333333334 0.09333333333333334
0 0.10833333333333334 0.7875 0.04666666666666667 0.12166666666666667
0 0.8975 0.7 0.065 0.08
0 0.12416666666666666 0.6808333333333333 0.07166666666666667 0.051666666666666666
0 0.1125 0.6275 0.06166666666666667 0.058333333333333334
