0 0.008333333333333333 0.475 0.016666666666666666 0.056666666666666664
0 0.6641666666666667 0.5225 0.08166666666666667 0.058333333333333334
0 0.5416666666666666 0.5366666666666666 0.08 0.06333333333333334
0 0.61 0.5908333333333333 0.08 0.065
0 0.14333333333333334 0.5975 0.043333333333333335 0.115
0 0.5308333333333334 0.5991666666666666 0.07833333333333334 0.055
0 0.125 0.7708333333333334 0.03666666666666667 0.125
0 0.43166666666666664 0.9691666666666666 0.08 0.06166666666666667
0 0.0525 0.09666666666666666 0.07166666666666667 0.05
0 0.051666666666666666 0.2808333333333333 0.04 0.135
0 0.0175 0.3675 0.035 0.11166666666666666
0 0.5708333333333333 0.4091666666666667 0.058333333333333334 0.105
0 0.6416666666666667 0.4425 0.06 0.09833333333333333
0 0.5091666666666667 0.4558333333333333 0.06833333333333333 0.09833333333333333
