0 0.21833333333333332 0.4558333333333333 0.023333333333333334 0.08833333333333333
0 0.7808333333333334 0.4658333333333333 0.03166666666666667 0.065
0 0.18833333333333332 0.47 0.023333333333333334 0.07666666666666666
0 0.27416666666666667 0.48833333333333334 0.021666666666666667 0.06666666666666667
0 0.79 0.5016666666666667 0.02 0.07
0 0.755 0.5 0.03333333333333333 0.07
0 0.30583333333333335 0.49916666666666665 0.041666666666666664 0.035
0 0.8108333333333333 0.5158333333333334 0.03166666666666667 0.055
0 0.8641666666666666 0.5066666666666667 0.035 0.08333333333333333
0 0.8341666666666666 0.5166666666666667 0.03166666666666667 0.06666666666666667
0 0.2075 0.525 0.025 0.07
0 0.7733333333333333 0.5241666666666667 0.023333333333333334 0.055
0 0.7508333333333334 0.5525 0.028333333333333332 0.051666666666666666
0 0.7991666666666667 0.5691666666666667 0.03833333333333333 0.051666666666666666
0 0.7066666666666667 0.565 0.03 0.06333333333333334
0 0.76 0.5858333333333333 0.023333333333333334 0.06166666666666667
0 0.6408333333333334 0.5908333333333333 0.03833333333333333 0.06833333333333333
0 0.7466666666666667 0.6125 0.023333333333333334 0.065
0 0.7341666666666666 0.6341666666666667 0.021666666666666667 0.08833333333333333
0 0.625 0.6558333333333334 0.02666666666666667 0.08833333333333333
0 0.6116666666666667 0.6783333333333333 0.023333333333333334 0.07666666666666666
0 0.2658333333333333 0.7508333333333334 0.035 0.075
0 0.5141666666666667 0.8183333333333334 0.03166666666666667 0.07333333333333333
0 0.2225 0.09916666666666667 0.035 0.06833333333333333
0 0.23833333333333334 0.11166666666666666 0.03 0.05333333333333334
0 0.1925 0.14916666666666667 0.021666666666666667 0.07166666666666667
0 0.21166666666666667 0.1725 0.03 0.07166666666666667
0 0.2525 0.19833333333333333 0.025 0.07333333333333333
0 0.19333333333333333 0.21083333333333334 0.02 0.06166666666666667
0 0.26166666666666666 0.23666666666666666 0.02 0.08
0 0.20833333333333334 0.24166666666666667 0.02 0.07
0 0.2375 0.25 0.021666666666666667 0.07333333333333333
0 0.7958333333333333 0.25916666666666666 0.025 0.06833333333333333
0 0.7875 0.27416666666666667 0.0016666666666666668 0.008333333333333333
0 0.2733333333333333 0.2841666666666667 0.013333333333333334 0.058333333333333334
0 0.8916666666666667 0.28833333333333333 0.04666666666666667 0.043333333333333335
0 0.20416666666666666 0.29083333333333333 0.021666666666666667 0.06166666666666667
0 0.8233333333333334 0.295 0.03 0.04666666666666667
0 0.25416666666666665 0.2925 0.018333333333333333 0.075
0 0.945 0.2975 0.04666666666666667 0.045
0 0.84 0.3016666666666667 0.04 0.043333333333333335
0 0.16583333333333333 0.3233333333333333 0.021666666666666667 0.07333333333333333
0 0.26916666666666667 0.32416666666666666 0.021666666666666667 0.06833333333333333
0 0.885 0.3283333333333333 0.03333333333333333 0.03666666666666667
0 0.9058333333333334 0.33416666666666667 0.03166666666666667 0.058333333333333334
0 0.8075 0.3325 0.025 0.025
0 0.8516666666666667 0.34 0.03333333333333333 0.043333333333333335
0 0.825 0.3375 0.03333333333333333 0.035
0 0.2966666666666667 0.345 0.03666666666666667 0.04666666666666667
0 0.8716666666666667 0.355 0.03 0.03
0 0.8166666666666667 0.37 0.03333333333333333 0.03666666666666667
0 0.19 0.3625 0.023333333333333334 0.095
0 0.17166666666666666 0.3908333333333333 0.02 0.075
0 0.30666666666666664 0.38416666666666666 0.03333333333333333 0.045
0 0.8591666666666666 0.38916666666666666 0.028333333333333332 0.041666666666666664
0 0.8408333333333333 0.3925 0.028333333333333332 0.055
0 0.7816666666666666 0.3958333333333333 0.03666666666666667 0.04833333333333333
0 0.8108333333333333 0.39916666666666667 0.045 0.055
0 0.8675 0.4075 0.028333333333333332 0.04833333333333333
0 0.3416666666666667 0.4091666666666667 0.04 0.055
0 0.38166666666666665 0.4125 0.03 0.07166666666666667
0 0.25583333333333336 0.4241666666666667 0.025 0.058333333333333334
0 0.27666666666666667 0.43166666666666664 0.03666666666666667 0.08
0 0.87 0.4375 0.03 0.058333333333333334
0 0.7716666666666666 0.4375 0.03333333333333333 0.045
0 0.8341666666666666 0.44 0.028333333333333332 0.056666666666666664
0 0.8133333333333334 0.45 0.03 0.05
