0 0.47 0.5091666666666667 0.043333333333333335 0.051666666666666666
0 0.5358333333333334 0.025 0.015 0.05
0 0.4558333333333333 0.5766666666666667 0.021666666666666667 0.07333333333333333
0 0.52 0.04833333333333333 0.016666666666666666 0.06333333333333334
0 0.5283333333333333 0.059166666666666666 0.016666666666666666 0.065
0 0.5375 0.07833333333333334 0.011666666666666667 0.05
0 0.555 0.08666666666666667 0.02 0.07333333333333333
0 0.5466666666666666 0.10583333333333333 0.016666666666666666 0.07833333333333334
0 0.5216666666666666 0.12166666666666667 0.016666666666666666 0.056666666666666664
0 0.495 0.12833333333333333 0.023333333333333334 0.056666666666666664
0 0.5308333333333334 0.13666666666666666 0.015 0.056666666666666664
0 0.48583333333333334 0.14416666666666667 0.025 0.06166666666666667
0 0.4633333333333333 0.14416666666666667 0.023333333333333334 0.035
0 0.4475 0.1475 0.03166666666666667 0.041666666666666664
0 0.4825 0.16833333333333333 0.018333333333333333 0.04666666666666667
0 0.5041666666666667 0.18166666666666667 0.015 0.043333333333333335
0 0.5241666666666667 0.18083333333333335 0.015 0.065
0 0.4666666666666667 0.19583333333333333 0.013333333333333334 0.065
0 0.47833333333333333 0.205 0.013333333333333334 0.04
0 0.49416666666666664 0.20916666666666667 0.011666666666666667 0.051666666666666666
0 0.5075 0.2275 0.018333333333333333 0.058333333333333334
0 0.4825 0.25166666666666665 0.018333333333333333 0.07
0 0.49583333333333335 0.25833333333333336 0.018333333333333333 0.05333333333333334
0 0.5233333333333333 0.009166666666666667 0.013333333333333334 0.018333333333333333
0 0.46 0.285 0.02 0.07
0 0.515 0.2975 0.016666666666666666 0.075
0 0.5 0.3016666666666667 0.016666666666666666 0.06666666666666667
0 0.5891666666666666 0.30583333333333335 0.041666666666666664 0.03166666666666667
0 0.485 0.3233333333333333 0.016666666666666666 0.07
0 0.5375 0.3283333333333333 0.021666666666666667 0.08333333333333333
0 0.5408333333333334 0.3383333333333333 0.015 0.06666666666666667
0 0.5616666666666666 0.35333333333333333 0.023333333333333334 0.06666666666666667
0 0.5475 0.3858333333333333 0.015 0.055
0 0.5016666666666667 0.3933333333333333 0.016666666666666666 0.07
0 0.5091666666666667 0.020833333333333332 0.015 0.041666666666666664
0 0.5566666666666666 0.44416666666666665 0.03 0.07166666666666667
