0 0.58 0.32916666666666666 0.03333333333333333 0.051666666666666666
0 0.8275 0.28833333333333333 0.021666666666666667 0.06
0 0.57 0.27416666666666667 0.016666666666666666 0.065
0 0.5841666666666666 0.23333333333333334 0.018333333333333333 0.06333333333333334
0 0.6325 0.08083333333333333 0.055 0.04833333333333333
0 0.7966666666666666 0.04416666666666667 0.03333333333333333 0.08833333333333333
0 0.5 0.775 0.02 0.02
0 0.5241666666666667 0.77 0.018333333333333333 0.02
0 0.5125 0.7658333333333334 0.021666666666666667 0.015
0 0.49 0.7508333333333334 0.02666666666666667 0.03166666666666667
0 0.5166666666666667 0.7541666666666667 0.023333333333333334 0.011666666666666667
0 0.5375 0.7533333333333333 0.018333333333333333 0.02
0 0.5791666666666667 0.7483333333333333 0.021666666666666667 0.023333333333333334
0 0.5575 0.7483333333333333 0.021666666666666667 0.02
0 0.5925 0.7475 0.015 0.021666666666666667
0 0.49166666666666664 0.75 0.023333333333333334 0.03
0 0.6091666666666666 0.7425 0.018333333333333333 0.021666666666666667
0 0.5158333333333334 0.74 0.021666666666666667 0.02
0 0.5383333333333333 0.74 0.013333333333333334 0.03
0 0.5283333333333333 0.7383333333333333 0.01 0.023333333333333334
0 0.5516666666666666 0.7358333333333333 0.013333333333333334 0.011666666666666667
0 0.4775 0.7316666666666667 0.035 0.056666666666666664
0 0.56 0.73 0.016666666666666666 0.02666666666666667
0 0.5116666666666667 0.7225 0.02 0.018333333333333333
0 0.5825 0.7225 0.021666666666666667 0.035
0 0.5775 0.7225 0.018333333333333333 0.035
0 0.525 0.7183333333333334 0.016666666666666666 0.023333333333333334
0 0.6133333333333333 0.7158333333333333 0.013333333333333334 0.035
0 0.4775 0.72 0.035 0.03333333333333333
0 0.6008333333333333 0.7191666666666666 0.015 0.035
0 0.5558333333333333 0.7191666666666666 0.018333333333333333 0.028333333333333332
0 0.6266666666666667 0.7133333333333334 0.016666666666666666 0.03666666666666667
0 0.51 0.7108333333333333 0.016666666666666666 0.021666666666666667
0 0.5425 0.71 0.018333333333333333 0.03333333333333333
0 0.49083333333333334 0.7066666666666667 0.025 0.03
0 0.5233333333333333 0.6958333333333333 0.013333333333333334 0.03166666666666667
0 0.5616666666666666 0.6983333333333334 0.023333333333333334 0.02666666666666667
0 0.5166666666666667 0.69 0.02666666666666667 0.03333333333333333
