0 0.22 0.5141666666666667 0.02666666666666667 0.04833333333333333
0 0.25833333333333336 0.4825 0.02 0.06833333333333333
0 0.24 0.4816666666666667 0.02 0.06
0 0.22833333333333333 0.4675 0.02 0.04833333333333333
0 0.19166666666666668 0.4683333333333333 0.03333333333333333 0.06666666666666667
0 0.21583333333333332 0.4525 0.018333333333333333 0.06166666666666667
0 0.23916666666666667 0.4225 0.035 0.045
0 0.1875 0.4216666666666667 0.025 0.07666666666666666
0 0.20083333333333334 0.39916666666666667 0.018333333333333333 0.065
0 0.22916666666666666 0.3725 0.0016666666666666668 0.0016666666666666668
0 0.20916666666666667 0.4191666666666667 0.0016666666666666668 0.0016666666666666668
0 0.23333333333333334 0.3825 0.02666666666666667 0.051666666666666666
0 0.7125 0.9516666666666667 0.028333333333333332 0.07
0 0.5775 0.3516666666666667 0.03166666666666667 0.06
0 0.5558333333333333 0.3466666666666667 0.035 0.04666666666666667
0 0.2175 0.3416666666666667 0.028333333333333332 0.03666666666666667
0 0.475 0.3408333333333333 0.016666666666666666 0.08166666666666667
0 0.5333333333333333 0.3383333333333333 0.04 0.05333333333333334
0 0.24333333333333335 0.33 0.03333333333333333 0.043333333333333335
0 0.5283333333333333 0.30333333333333334 0.02 0.05
0 0.5441666666666667 0.2975 0.025 0.058333333333333334
0 0.225 0.2941666666666667 0.02 0.051666666666666666
0 0.2425 0.28583333333333333 0.021666666666666667 0.058333333333333334
0 0.51 0.2825 0.023333333333333334 0.058333333333333334
0 0.23 0.24916666666666668 0.023333333333333334 0.04833333333333333
0 0.26 0.24 0.02 0.07
0 0.2225 0.21583333333333332 0.018333333333333333 0.058333333333333334
0 0.24833333333333332 0.18666666666666668 0.016666666666666666 0.05333333333333334
0 0.23 0.17083333333333334 0.02 0.065
0 0.195 0.105 0.02 0.07
0 0.5875 0.0725 0.03166666666666667 0.065
0 0.5716666666666667 0.021666666666666667 0.023333333333333334 0.043333333333333335
0 0.47333333333333333 0.0225 0.02 0.045
0 0.5475 0.9141666666666667 0.028333333333333332 0.04833333333333333
0 0.54 0.895 0.006666666666666667 0.006666666666666667
0 0.6925 0.885 0.028333333333333332 0.056666666666666664
0 0.37833333333333335 0.8733333333333333 0.03333333333333333 0.05
0 0.49166666666666664 0.8733333333333333 0.04 0.043333333333333335
0 0.3983333333333333 0.865 0.03666666666666667 0.03333333333333333
0 0.5016666666666667 0.8633333333333333 0.06 0.06333333333333334
0 0.4275 0.8591666666666666 0.03166666666666667 0.055
0 0.6766666666666666 0.8583333333333333 0.023333333333333334 0.06
0 0.35083333333333333 0.8483333333333334 0.028333333333333332 0.04666666666666667
0 0.515 0.855 0.03333333333333333 0.05
0 0.3333333333333333 0.8433333333333334 0.02 0.03
0 0.3616666666666667 0.8175 0.03333333333333333 0.058333333333333334
0 0.3275 0.8108333333333333 0.035 0.03166666666666667
0 0.44166666666666665 0.7966666666666666 0.03 0.06666666666666667
0 0.36833333333333335 0.7975 0.023333333333333334 0.07833333333333334
0 0.615 0.7766666666666666 0.02666666666666667 0.023333333333333334
0 0.5808333333333333 0.76 0.028333333333333332 0.023333333333333334
0 0.41833333333333333 0.7558333333333334 0.02666666666666667 0.051666666666666666
0 0.3433333333333333 0.76 0.02 0.07333333333333333
0 0.40166666666666667 0.7533333333333333 0.03333333333333333 0.05
0 0.6025 0.7508333333333334 0.035 0.035
0 0.5516666666666666 0.7416666666666667 0.03 0.04666666666666667
0 0.5716666666666667 0.7375 0.03 0.025
0 0.42333333333333334 0.7283333333333334 0.023333333333333334 0.05333333333333334
0 0.43833333333333335 0.7283333333333334 0.016666666666666666 0.07
0 0.595 0.7225 0.03 0.035
0 0.61 0.715 0.023333333333333334 0.043333333333333335
0 0.29083333333333333 0.7133333333333334 0.03166666666666667 0.07333333333333333
0 0.5625 0.7108333333333333 0.035 0.028333333333333332
0 0.22916666666666666 0.7091666666666666 0.03166666666666667 0.041666666666666664
0 0.2608333333333333 0.6975 0.025 0.035
0 0.2816666666666667 0.685 0.016666666666666666 0.07
0 0.5775 0.69 0.035 0.04
0 0.24083333333333334 0.6891666666666667 0.035 0.03166666666666667
0 0.33416666666666667 0.6833333333333333 0.015 0.07666666666666666
0 0.3025 0.6766666666666666 0.018333333333333333 0.06666666666666667
0 0.5408333333333334 0.6766666666666666 0.03166666666666667 0.043333333333333335
0 0.5525 0.6708333333333333 0.021666666666666667 0.04833333333333333
0 0.3725 0.6641666666666667 0.028333333333333332 0.06166666666666667
0 0.4066666666666667 0.66 0.04 0.03333333333333333
0 0.25666666666666665 0.655 0.03333333333333333 0.04666666666666667
0 0.6408333333333334 0.6516666666666666 0.018333333333333333 0.07
0 0.24 0.6508333333333334 0.03 0.03833333333333333
0 0.5275 0.6358333333333334 0.028333333333333332 0.041666666666666664
0 0.215 0.6283333333333333 0.02 0.06
0 0.30833333333333335 0.625 0.02 0.07
0 0.265 0.615 0.03333333333333333 0.03333333333333333
0 0.245 0.6108333333333333 0.02666666666666667 0.051666666666666666
0 0.5483333333333333 0.6041666666666666 0.043333333333333335 0.041666666666666664
0 0.2275 0.5858333333333333 0.025 0.04833333333333333
0 0.27 0.5791666666666667 0.023333333333333334 0.041666666666666664
0 0.6391666666666667 0.5808333333333333 0.011666666666666667 0.04833333333333333
0 0.215 0.5591666666666667 0.023333333333333334 0.06166666666666667
0 0.23583333333333334 0.5466666666666666 0.025 0.03
0 0.28 0.525 0.02 0.06333333333333334
0 0.23916666666666667 0.5275 0.028333333333333332 0.035
0 0.6266666666666667 0.5275 0.016666666666666666 0.07833333333333334
