0 0.4116666666666667 0.49 0.05 0.07
0 0.5375 0.48583333333333334 0.045 0.06833333333333333
0 0.5533333333333333 0.38 0.04 0.08
0 0.25916666666666666 0.3675 0.035 0.095
0 0.15083333333333335 0.25333333333333335 0.03166666666666667 0.10333333333333333
0 0.235 0.2075 0.043333333333333335 0.06833333333333333
0 0.20833333333333334 0.20583333333333334 0.043333333333333335 0.075
0 0.3925 0.19666666666666666 0.045 0.06333333333333334
0 0.46416666666666667 0.1825 0.04833333333333333 0.065
0 0.1775 0.135 0.04833333333333333 0.05333333333333334
0 0.9141666666666667 0.8775 0.03166666666666667 0.095
0 0.8808333333333334 0.8691666666666666 0.035 0.095
0 0.7708333333333334 0.8508333333333333 0.025 0.085
0 0.565 0.7383333333333333 0.023333333333333334 0.08666666666666667
0 0.5275 0.6258333333333334 0.055 0.045
0 0.9941666666666666 0.61 0.011666666666666667 0.07333333333333333
0 0.5316666666666666 0.55 0.05 0.056666666666666664
