0 0.3958333333333333 0.49583333333333335 0.06833333333333333 0.085
0 0.4025 0.43 0.085 0.05333333333333334
0 0.6616666666666666 0.37916666666666665 0.06333333333333334 0.07166666666666667
0 0.7791666666666667 0.36666666666666664 0.065 0.05
0 0.415 0.2825 0.07 0.075
0 0.3466666666666667 0.26416666666666666 0.07 0.065
0 0.8533333333333334 0.9416666666666667 0.07666666666666666 0.06333333333333334
0 0.8275 0.15416666666666667 0.065 0.08833333333333333
0 0.355 0.13666666666666666 0.07 0.07333333333333333
0 0.7425 0.07166666666666667 0.06833333333333333 0.07333333333333333
0 0.335 0.059166666666666666 0.06666666666666667 0.055
0 0.31416666666666665 0.015 0.07166666666666667 0.03
0 0.49 0.8675 0.06333333333333334 0.075
0 0.95 0.9966666666666667 0.01 0.006666666666666667
0 0.6841666666666667 0.7841666666666667 0.06166666666666667 0.095
0 0.0075 0.7591666666666667 0.015 0.051666666666666666
0 0.1025 0.7275 0.07833333333333334 0.06166666666666667
0 0.1625 0.6933333333333334 0.075 0.07
0 0.018333333333333333 0.6991666666666667 0.03666666666666667 0.07833333333333334
0 0.5 0.5383333333333333 0.06666666666666667 0.08666666666666667
