0 0.4741666666666667 0.475 0.041666666666666664 0.06
0 0.6875 0.4825 0.028333333333333332 0.07166666666666667
0 0.7858333333333334 0.49 0.021666666666666667 0.07333333333333333
0 0.7641666666666667 0.4841666666666667 0.021666666666666667 0.085
0 0.4025 0.5175 0.018333333333333333 0.085
0 0.8525 0.5233333333333333 0.03166666666666667 0.043333333333333335
0 0.8983333333333333 0.5266666666666666 0.02 0.06333333333333334
0 0.87 0.5283333333333333 0.02666666666666667 0.08
0 0.8841666666666667 0.5433333333333333 0.021666666666666667 0.056666666666666664
0 0.8233333333333334 0.545 0.043333333333333335 0.03333333333333333
0 0.8366666666666667 0.5641666666666667 0.03333333333333333 0.041666666666666664
0 0.34833333333333333 0.035 0.02 0.07
0 0.8783333333333333 0.6058333333333333 0.023333333333333334 0.06166666666666667
0 0.8841666666666667 0.6225 0.021666666666666667 0.07166666666666667
0 0.8533333333333334 0.6325 0.03 0.07166666666666667
0 0.8266666666666667 0.6358333333333334 0.02666666666666667 0.075
0 0.8558333333333333 0.6633333333333333 0.025 0.05
0 0.8875 0.6791666666666667 0.021666666666666667 0.06833333333333333
0 0.8525 0.7066666666666667 0.025 0.04666666666666667
0 0.8658333333333333 0.7141666666666666 0.028333333333333332 0.06166666666666667
0 0.8275 0.7208333333333333 0.03166666666666667 0.07166666666666667
0 0.46166666666666667 0.05416666666666667 0.03333333333333333 0.06166666666666667
0 0.435 0.7333333333333333 0.02666666666666667 0.08
0 0.4533333333333333 0.7466666666666667 0.03 0.07
0 0.8833333333333333 0.7575 0.02666666666666667 0.07833333333333334
0 0.8616666666666667 0.7675 0.03666666666666667 0.06166666666666667
0 0.4825 0.77 0.041666666666666664 0.06
0 0.5516666666666666 0.7841666666666667 0.03666666666666667 0.065
0 0.8866666666666667 0.7866666666666666 0.02666666666666667 0.056666666666666664
0 0.4825 0.7991666666666667 0.03166666666666667 0.045
0 0.4666666666666667 0.8066666666666666 0.02666666666666667 0.06333333333333334
0 0.8466666666666667 0.8191666666666667 0.03666666666666667 0.04833333333333333
0 0.8658333333333333 0.8391666666666666 0.035 0.041666666666666664
0 0.49666666666666665 0.8383333333333334 0.03333333333333333 0.04666666666666667
0 0.37416666666666665 0.060833333333333336 0.018333333333333333 0.051666666666666666
0 0.8533333333333334 0.8758333333333334 0.03 0.03833333333333333
0 0.4041666666666667 0.06583333333333333 0.021666666666666667 0.055
0 0.8516666666666667 0.9033333333333333 0.03 0.05
0 0.8233333333333334 0.91 0.03666666666666667 0.04666666666666667
0 0.8333333333333334 0.9433333333333334 0.043333333333333335 0.03333333333333333
0 0.3933333333333333 0.07333333333333333 0.02666666666666667 0.043333333333333335
0 0.8475 0.9516666666666667 0.03833333333333333 0.06666666666666667
0 0.3625 0.07583333333333334 0.018333333333333333 0.055
0 0.39666666666666667 0.99 0.016666666666666666 0.02
0 0.34833333333333333 0.09666666666666666 0.02666666666666667 0.07333333333333333
0 0.38916666666666666 0.11083333333333334 0.03166666666666667 0.025
0 0.3725 0.13583333333333333 0.018333333333333333 0.055
0 0.42833333333333334 0.14333333333333334 0.03666666666666667 0.03333333333333333
0 0.40166666666666667 0.15333333333333332 0.02 0.06333333333333334
0 0.4525 0.165 0.041666666666666664 0.03
0 0.61 0.17 0.04 0.06
0 0.48583333333333334 0.17583333333333334 0.03166666666666667 0.03166666666666667
0 0.5675 0.2 0.03166666666666667 0.08333333333333333
0 0.385 0.20333333333333334 0.02 0.043333333333333335
0 0.5108333333333334 0.21 0.03833333333333333 0.03666666666666667
0 0.6825 0.2175 0.028333333333333332 0.055
0 0.6508333333333334 0.22333333333333333 0.045 0.06333333333333334
0 0.5316666666666666 0.23083333333333333 0.04 0.03166666666666667
0 0.4008333333333333 0.235 0.028333333333333332 0.02666666666666667
0 0.7033333333333334 0.24083333333333334 0.03 0.06833333333333333
0 0.7225 0.2525 0.021666666666666667 0.03833333333333333
0 0.6925 0.2675 0.03833333333333333 0.051666666666666666
0 0.4266666666666667 0.27 0.02666666666666667 0.05
0 0.4083333333333333 0.27166666666666667 0.02666666666666667 0.056666666666666664
0 0.30833333333333335 0.27416666666666667 0.04 0.03833333333333333
0 0.4025 0.2991666666666667 0.018333333333333333 0.055
0 0.725 0.2975 0.02666666666666667 0.045
0 0.32416666666666666 0.3016666666666667 0.025 0.03333333333333333
0 0.6941666666666667 0.30666666666666664 0.025 0.06333333333333334
0 0.435 0.31 0.03333333333333333 0.04
0 0.72 0.3566666666666667 0.006666666666666667 0.0033333333333333335
0 0.8225 0.3258333333333333 0.025 0.075
0 0.8541666666666666 0.33 0.03833333333333333 0.06
0 0.4225 0.32916666666666666 0.028333333333333332 0.055
0 0.715 0.3283333333333333 0.023333333333333334 0.06333333333333334
0 0.8391666666666666 0.355 0.008333333333333333 0.01
0 0.4691666666666667 0.3458333333333333 0.03833333333333333 0.035
0 0.7425 0.3466666666666667 0.018333333333333333 0.08
0 0.8425 0.355 0.021666666666666667 0.07
0 0.45666666666666667 0.36 0.03 0.05
0 0.8783333333333333 0.38166666666666665 0.02 0.06
0 0.865 0.3875 0.02 0.058333333333333334
0 0.48833333333333334 0.3883333333333333 0.03 0.05333333333333334
0 0.8325 0.395 0.021666666666666667 0.07333333333333333
0 0.8158333333333333 0.4175 0.015 0.06166666666666667
0 0.775 0.43583333333333335 0.02 0.08166666666666667
0 0.8866666666666667 0.4375 0.03666666666666667 0.04833333333333333
0 0.855 0.4583333333333333 0.02666666666666667 0.07666666666666666
0 0.8866666666666667 0.4658333333333333 0.03 0.075
