0 0.7366666666666667 0.49583333333333335 0.06666666666666667 0.058333333333333334
0 0.5616666666666666 0.4475 0.06333333333333334 0.051666666666666666
0 0.605 0.9433333333333334 0.07 0.056666666666666664
0 0.5408333333333334 0.25916666666666666 0.058333333333333334 0.07166666666666667
0 0.245 0.1475 0.04666666666666667 0.115
0 0.13833333333333334 0.0125 0.04 0.025
0 0.52 0.9925 0.04666666666666667 0.015
0 0.5875 0.8508333333333333 0.065 0.058333333333333334
0 0.71 0.725 0.07 0.06333333333333334
0 0.7091666666666666 0.6166666666666667 0.06833333333333333 0.056666666666666664
0 0.03833333333333333 0.6141666666666666 0.07 0.08166666666666667
