0 0.145 0.43 0.03 0.03666666666666667
0 0.6041666666666666 0.44166666666666665 0.018333333333333333 0.07666666666666666
0 0.14416666666666667 0.45416666666666666 0.028333333333333332 0.03833333333333333
0 0.205 0.45666666666666667 0.04 0.03333333333333333
0 0.1375 0.4658333333333333 0.021666666666666667 0.06166666666666667
0 0.6641666666666667 0.010833333333333334 0.015 0.021666666666666667
0 0.16916666666666666 0.485 0.025 0.07666666666666666
0 0.21166666666666667 0.49083333333333334 0.023333333333333334 0.03833333333333333
0 0.15666666666666668 0.5 0.02 0.05
0 0.23 0.5041666666666667 0.02 0.06833333333333333
0 0.1275 0.5125 0.015 0.058333333333333334
0 0.14333333333333334 0.525 0.02 0.06
0 0.16166666666666665 0.5433333333333333 0.02666666666666667 0.043333333333333335
0 0.19 0.555 0.03666666666666667 0.043333333333333335
0 0.15916666666666668 0.5641666666666667 0.025 0.04833333333333333
0 0.13666666666666666 0.5675 0.02 0.058333333333333334
0 0.12833333333333333 0.5891666666666666 0.02 0.07833333333333334
0 0.15583333333333332 0.5941666666666666 0.028333333333333332 0.04833333333333333
0 0.19166666666666668 0.5933333333333334 0.03333333333333333 0.05333333333333334
0 0.18333333333333332 0.6258333333333334 0.023333333333333334 0.065
0 0.15583333333333332 0.6333333333333333 0.025 0.056666666666666664
0 0.5683333333333334 0.6525 0.02666666666666667 0.07833333333333334
0 0.14083333333333334 0.6666666666666666 0.018333333333333333 0.08
0 0.5508333333333333 0.6691666666666667 0.035 0.06166666666666667
0 0.13166666666666665 0.6758333333333333 0.023333333333333334 0.07833333333333334
0 0.5208333333333334 0.6858333333333333 0.041666666666666664 0.058333333333333334
0 0.16333333333333333 0.6991666666666667 0.03333333333333333 0.041666666666666664
0 0.45166666666666666 0.7025 0.03333333333333333 0.06166666666666667
0 0.16083333333333333 0.7341666666666666 0.041666666666666664 0.058333333333333334
0 0.155 0.7341666666666666 0.03 0.058333333333333334
0 0.5275 0.735 0.025 0.07333333333333333
0 0.51 0.7375 0.02 0.058333333333333334
0 0.49166666666666664 0.76 0.023333333333333334 0.07
0 0.16166666666666665 0.7775 0.03 0.03833333333333333
0 0.18583333333333332 0.8016666666666666 0.035 0.04
0 0.6508333333333334 0.020833333333333332 0.018333333333333333 0.041666666666666664
0 0.1675 0.8191666666666667 0.028333333333333332 0.055
0 0.19583333333333333 0.8441666666666666 0.03166666666666667 0.04833333333333333
0 0.17333333333333334 0.8683333333333333 0.02666666666666667 0.056666666666666664
0 0.6175 0.024166666666666666 0.028333333333333332 0.035
0 0.5891666666666666 0.955 0.035 0.09
0 0.1675 0.9833333333333333 0.015 0.03333333333333333
0 0.5966666666666667 0.034166666666666665 0.02666666666666667 0.041666666666666664
0 0.5791666666666667 0.9925 0.018333333333333333 0.015
0 0.62 0.050833333333333335 0.03333333333333333 0.035
0 0.5658333333333333 0.059166666666666666 0.03833333333333333 0.03833333333333333
0 0.655 0.06166666666666667 0.023333333333333334 0.06666666666666667
0 0.5875 0.07333333333333333 0.03833333333333333 0.03
0 0.6391666666666667 0.075 0.015 0.056666666666666664
0 0.5608333333333333 0.09166666666666666 0.03833333333333333 0.03
0 0.5283333333333333 0.09833333333333333 0.03 0.03
0 0.4483333333333333 0.12083333333333333 0.03666666666666667 0.07166666666666667
0 0.5033333333333333 0.12916666666666668 0.04 0.035
0 0.385 0.13166666666666665 0.03666666666666667 0.08
0 0.335 0.135 0.03333333333333333 0.04
0 0.6216666666666667 0.1425 0.02 0.035
0 0.31333333333333335 0.15 0.03 0.07
0 0.2941666666666667 0.16 0.021666666666666667 0.03666666666666667
0 0.35083333333333333 0.15833333333333333 0.03833333333333333 0.056666666666666664
0 0.45916666666666667 0.16083333333333333 0.041666666666666664 0.04833333333333333
0 0.5975 0.1675 0.028333333333333332 0.065
0 0.31833333333333336 0.18083333333333335 0.03 0.051666666666666666
0 0.28833333333333333 0.2175 0.03333333333333333 0.03833333333333333
0 0.5725 0.225 0.035 0.03
0 0.3175 0.23416666666666666 0.028333333333333332 0.08166666666666667
0 0.2966666666666667 0.25083333333333335 0.03 0.07833333333333334
0 0.5658333333333333 0.25833333333333336 0.035 0.056666666666666664
0 0.5333333333333333 0.27166666666666667 0.03333333333333333 0.03
0 0.5725 0.2816666666666667 0.025 0.056666666666666664
0 0.1825 0.28833333333333333 0.025 0.07
0 0.26416666666666666 0.28833333333333333 0.03166666666666667 0.07
0 0.5233333333333333 0.30083333333333334 0.04 0.03166666666666667
0 0.6108333333333333 0.3075 0.018333333333333333 0.075
0 0.2783333333333333 0.31333333333333335 0.02 0.07666666666666666
0 0.545 0.32 0.03 0.05333333333333334
0 0.5183333333333333 0.3383333333333333 0.02666666666666667 0.05333333333333334
0 0.49916666666666665 0.3408333333333333 0.028333333333333332 0.04833333333333333
0 0.165 0.3541666666666667 0.023333333333333334 0.07166666666666667
0 0.6033333333333334 0.3541666666666667 0.013333333333333334 0.04833333333333333
0 0.24166666666666667 0.3541666666666667 0.02 0.085
0 0.13 0.3725 0.023333333333333334 0.065
0 0.15416666666666667 0.37666666666666665 0.03166666666666667 0.06333333333333334
0 0.195 0.37916666666666665 0.03 0.025
0 0.2275 0.38666666666666666 0.021666666666666667 0.08
0 0.49 0.38666666666666666 0.02666666666666667 0.04666666666666667
0 0.25 0.39166666666666666 0.02 0.07666666666666666
0 0.3233333333333333 0.39 0.03 0.07333333333333333
0 0.5266666666666666 0.3983333333333333 0.03666666666666667 0.05
0 0.1575 0.4175 0.03166666666666667 0.041666666666666664
0 0.18833333333333332 0.4225 0.04 0.035
