0 0.24083333333333334 0.4816666666666667 0.028333333333333332 0.03666666666666667
0 0.765 0.4875 0.02666666666666667 0.051666666666666666
0 0.17 0.48833333333333334 0.03333333333333333 0.07333333333333333
0 0.8316666666666667 0.49833333333333335 0.03666666666666667 0.03666666666666667
0 0.8675 0.5 0.03166666666666667 0.043333333333333335
0 0.8908333333333334 0.5041666666666667 0.03166666666666667 0.055
0 0.7358333333333333 0.5075 0.035 0.06166666666666667
0 0.8075 0.5025 0.03166666666666667 0.03833333333333333
0 0.2375 0.5133333333333333 0.025 0.05
0 0.785 0.5091666666666667 0.03333333333333333 0.045
0 0.845 0.515 0.03666666666666667 0.03333333333333333
0 0.1275 0.5158333333333334 0.025 0.058333333333333334
0 0.26 0.5191666666666667 0.03666666666666667 0.03833333333333333
0 0.9641666666666666 0.5225 0.028333333333333332 0.075
0 0.735 0.545 0.03 0.06
0 0.755 0.54 0.02666666666666667 0.05333333333333334
0 0.31166666666666665 0.5425 0.04 0.055
0 0.8158333333333333 0.5566666666666666 0.03166666666666667 0.05333333333333334
0 0.205 0.5633333333333334 0.02666666666666667 0.056666666666666664
0 0.7708333333333334 0.5758333333333333 0.03166666666666667 0.06833333333333333
0 0.7508333333333334 0.5891666666666666 0.021666666666666667 0.058333333333333334
0 0.7808333333333334 0.5908333333333333 0.028333333333333332 0.065
0 0.7325 0.6 0.021666666666666667 0.06666666666666667
0 0.23666666666666666 0.5975 0.04 0.065
0 0.8175 0.6008333333333333 0.03166666666666667 0.075
0 0.22666666666666666 0.62 0.02 0.06666666666666667
0 0.7916666666666666 0.6116666666666667 0.02666666666666667 0.06666666666666667
0 0.7091666666666666 0.625 0.035 0.06666666666666667
0 0.7458333333333333 0.625 0.025 0.03666666666666667
0 0.7541666666666667 0.6516666666666666 0.045 0.05333333333333334
0 0.7633333333333333 0.6533333333333333 0.02666666666666667 0.05
0 0.7208333333333333 0.6633333333333333 0.025 0.06
0 0.7 0.6808333333333333 0.02666666666666667 0.04833333333333333
0 0.5783333333333334 0.7091666666666666 0.03666666666666667 0.06833333333333333
0 0.5708333333333333 0.77 0.021666666666666667 0.08666666666666667
0 0.555 0.8091666666666667 0.023333333333333334 0.07833333333333334
0 0.2175 0.8666666666666667 0.03166666666666667 0.07333333333333333
0 0.15416666666666667 0.08333333333333333 0.025 0.08
0 0.46166666666666667 0.9475 0.03 0.075
0 0.17416666666666666 0.17166666666666666 0.021666666666666667 0.07
0 0.12666666666666668 0.0175 0.02666666666666667 0.035
0 0.1875 0.22333333333333333 0.018333333333333333 0.08666666666666667
0 0.1675 0.26166666666666666 0.035 0.08333333333333333
0 0.1725 0.2675 0.028333333333333332 0.07166666666666667
0 0.12583333333333332 0.0225 0.028333333333333332 0.045
0 0.20166666666666666 0.335 0.02 0.07
0 0.1575 0.3416666666666667 0.025 0.06
0 0.7166666666666667 0.3625 0.043333333333333335 0.058333333333333334
0 0.215 0.37166666666666665 0.023333333333333334 0.08
0 0.16083333333333333 0.37416666666666665 0.025 0.07833333333333334
0 0.18916666666666668 0.38916666666666666 0.021666666666666667 0.08166666666666667
0 0.765 0.39666666666666667 0.043333333333333335 0.03666666666666667
0 0.7233333333333334 0.4091666666666667 0.02 0.04833333333333333
0 0.20833333333333334 0.41333333333333333 0.02 0.06666666666666667
0 0.835 0.42583333333333334 0.03 0.051666666666666666
0 0.22416666666666665 0.4325 0.015 0.058333333333333334
0 0.7966666666666666 0.435 0.03666666666666667 0.04
0 0.7358333333333333 0.43583333333333335 0.025 0.058333333333333334
0 0.7933333333333333 0.4483333333333333 0.006666666666666667 0.006666666666666667
0 0.125 0.4525 0.023333333333333334 0.07833333333333334
0 0.765 0.45166666666666666 0.03333333333333333 0.03666666666666667
0 0.21666666666666667 0.4583333333333333 0.02 0.07666666666666666
0 0.865 0.46 0.03333333333333333 0.043333333333333335
0 0.8375 0.46 0.041666666666666664 0.05333333333333334
0 0.7366666666666667 0.4625 0.02666666666666667 0.065
0 0.8925 0.4716666666666667 0.028333333333333332 0.04666666666666667
0 0.8166666666666667 0.4725 0.03666666666666667 0.028333333333333332
