0 0.4775 0.495 0.045 0.04666666666666667
0 0.5283333333333333 0.5366666666666666 0.02 0.06666666666666667
0 0.51 0.5408333333333334 0.03333333333333333 0.041666666666666664
0 0.4866666666666667 0.545 0.03666666666666667 0.03
0 0.505 0.5783333333333334 0.04 0.04
0 0.5408333333333334 0.5866666666666667 0.04833333333333333 0.04
0 0.5183333333333333 0.6166666666666667 0.05 0.03666666666666667
0 0.5825 0.6475 0.041666666666666664 0.035
0 0.5541666666666667 0.6541666666666667 0.035 0.028333333333333332
0 0.5733333333333334 0.6775 0.04666666666666667 0.028333333333333332
0 0.5825 0.705 0.041666666666666664 0.03666666666666667
0 0.5883333333333334 0.7308333333333333 0.043333333333333335 0.03166666666666667
0 0.5525 0.7325 0.03833333333333333 0.03833333333333333
0 0.595 0.755 0.04 0.03333333333333333
0 0.5941666666666666 0.775 0.045 0.03666666666666667
0 0.6133333333333333 0.8066666666666666 0.043333333333333335 0.03333333333333333
0 0.2375 0.9341666666666667 0.025 0.06833333333333333
0 0.21666666666666667 0.9858333333333333 0.04 0.028333333333333332
0 0.30666666666666664 0.1875 0.02666666666666667 0.08166666666666667
0 0.3175 0.17416666666666666 0.0016666666666666668 0.0016666666666666668
0 0.25666666666666665 0.19583333333333333 0.05 0.03166666666666667
0 0.27416666666666667 0.205 0.041666666666666664 0.04
0 0.32916666666666666 0.20833333333333334 0.035 0.03666666666666667
0 0.3541666666666667 0.22583333333333333 0.035 0.06166666666666667
0 0.225 0.22666666666666666 0.02666666666666667 0.03666666666666667
0 0.2658333333333333 0.24083333333333334 0.035 0.051666666666666666
0 0.23 0.24 0.02666666666666667 0.056666666666666664
0 0.24333333333333335 0.2425 0.02666666666666667 0.06166666666666667
0 0.2916666666666667 0.24583333333333332 0.03333333333333333 0.035
0 0.31666666666666665 0.25 0.02666666666666667 0.056666666666666664
0 0.3775 0.27416666666666667 0.04833333333333333 0.03166666666666667
0 0.26166666666666666 0.2841666666666667 0.05 0.045
0 0.39 0.3 0.03333333333333333 0.03666666666666667
0 0.33 0.31 0.05 0.043333333333333335
0 0.5641666666666667 0.4008333333333333 0.045 0.055
