0 0.4708333333333333 0.49333333333333335 0.04833333333333333 0.02666666666666667
0 0.4766666666666667 0.020833333333333332 0.013333333333333334 0.041666666666666664
0 0.4683333333333333 0.5475 0.023333333333333334 0.08166666666666667
0 0.4508333333333333 0.0275 0.025 0.055
0 0.4508333333333333 0.0375 0.025 0.058333333333333334
0 0.4683333333333333 0.0525 0.013333333333333334 0.055
0 0.4425 0.06583333333333333 0.025 0.06166666666666667
0 0.44083333333333335 0.09916666666666667 0.025 0.04833333333333333
0 0.43166666666666664 0.12416666666666666 0.03333333333333333 0.051666666666666666
0 0.435 0.11166666666666666 0.0033333333333333335 0.0033333333333333335
0 0.41083333333333333 0.13 0.025 0.03333333333333333
0 0.39166666666666666 0.1375 0.03333333333333333 0.03166666666666667
0 0.4558333333333333 0.1425 0.018333333333333333 0.035
0 0.49166666666666664 0.145 0.02666666666666667 0.07
0 0.9775 0.1525 0.045 0.04833333333333333
0 0.43083333333333335 0.17166666666666666 0.015 0.03666666666666667
0 0.4191666666666667 0.17583333333333334 0.018333333333333333 0.058333333333333334
0 0.45166666666666666 0.18083333333333335 0.016666666666666666 0.045
0 0.46416666666666667 0.1825 0.025 0.051666666666666666
0 0.98 0.185 0.04 0.06
0 0.9866666666666667 0.2025 0.02666666666666667 0.058333333333333334
0 0.44416666666666665 0.20833333333333334 0.015 0.06333333333333334
0 0.5633333333333334 0.215 0.03 0.056666666666666664
0 0.4583333333333333 0.22666666666666666 0.013333333333333334 0.056666666666666664
0 0.4766666666666667 0.23833333333333334 0.023333333333333334 0.05333333333333334
0 0.42 0.25166666666666665 0.03 0.06333333333333334
0 0.47 0.2658333333333333 0.016666666666666666 0.065
0 0.48833333333333334 0.28 0.02666666666666667 0.03333333333333333
0 0.46 0.2916666666666667 0.016666666666666666 0.06666666666666667
0 0.46166666666666667 0.013333333333333334 0.016666666666666666 0.02666666666666667
0 0.5641666666666667 0.30583333333333335 0.03833333333333333 0.055
0 0.9958333333333333 0.31666666666666665 0.008333333333333333 0.02
0 0.48583333333333334 0.35583333333333333 0.021666666666666667 0.07166666666666667
