0 0.26 0.5466666666666666 0.023333333333333334 0.06333333333333334
0 0.32666666666666666 0.53 0.023333333333333334 0.05
0 0.415 0.5325 0.013333333333333334 0.051666666666666666
0 0.35083333333333333 0.5325 0.015 0.058333333333333334
0 0.23666666666666666 0.5175 0.023333333333333334 0.045
0 0.3283333333333333 0.5225 0.02 0.06166666666666667
0 0.22083333333333333 0.5191666666666667 0.021666666666666667 0.04833333333333333
0 0.23666666666666666 0.5025 0.023333333333333334 0.07166666666666667
0 0.3408333333333333 0.49333333333333335 0.015 0.05333333333333334
0 0.29333333333333333 0.485 0.016666666666666666 0.043333333333333335
0 0.30916666666666665 0.47833333333333333 0.021666666666666667 0.06666666666666667
0 0.4708333333333333 0.4675 0.018333333333333333 0.06166666666666667
0 0.2425 0.4608333333333333 0.015 0.06166666666666667
0 0.29083333333333333 0.44666666666666666 0.018333333333333333 0.05
0 0.4575 0.44916666666666666 0.015 0.065
0 0.33916666666666667 0.44416666666666665 0.028333333333333332 0.055
0 0.2708333333333333 0.44333333333333336 0.015 0.04
0 0.4725 0.44 0.018333333333333333 0.07333333333333333
0 0.31416666666666665 0.4275 0.021666666666666667 0.07166666666666667
0 0.29833333333333334 0.4166666666666667 0.013333333333333334 0.05
0 0.445 0.4058333333333333 0.02 0.055
0 0.46416666666666667 0.4008333333333333 0.015 0.065
0 0.2866666666666667 0.39 0.016666666666666666 0.04
0 0.48333333333333334 0.385 0.016666666666666666 0.056666666666666664
0 0.3308333333333333 0.38333333333333336 0.015 0.06333333333333334
0 0.42833333333333334 0.37916666666666665 0.01 0.03833333333333333
0 0.44666666666666666 0.3825 0.023333333333333334 0.075
0 0.32083333333333336 0.365 0.015 0.07666666666666666
0 0.30583333333333335 0.3575 0.018333333333333333 0.065
0 0.5291666666666667 0.3541666666666667 0.018333333333333333 0.065
0 0.2891666666666667 0.35 0.021666666666666667 0.06
0 0.4925 0.3466666666666667 0.018333333333333333 0.06666666666666667
0 0.4766666666666667 0.3383333333333333 0.016666666666666666 0.06
0 0.4533333333333333 0.34 0.013333333333333334 0.06666666666666667
0 0.42333333333333334 0.33666666666666667 0.023333333333333334 0.05333333333333334
0 0.4325 0.31416666666666665 0.015 0.058333333333333334
0 0.5391666666666667 0.31416666666666665 0.015 0.058333333333333334
0 0.29083333333333333 0.30916666666666665 0.018333333333333333 0.04833333333333333
0 0.515 0.2941666666666667 0.016666666666666666 0.065
0 0.49333333333333335 0.2966666666666667 0.016666666666666666 0.043333333333333335
0 0.46416666666666667 0.2941666666666667 0.015 0.065
0 0.4008333333333333 0.2808333333333333 0.028333333333333332 0.065
0 0.5291666666666667 0.2783333333333333 0.018333333333333333 0.06666666666666667
0 0.2783333333333333 0.2758333333333333 0.016666666666666666 0.065
0 0.4216666666666667 0.275 0.016666666666666666 0.056666666666666664
0 0.49 0.26 0.016666666666666666 0.06333333333333334
0 0.5525 0.25583333333333336 0.015 0.075
0 0.4816666666666667 0.23166666666666666 0.016666666666666666 0.06666666666666667
0 0.5275 0.23416666666666666 0.021666666666666667 0.055
0 0.5041666666666667 0.22583333333333333 0.018333333333333333 0.08166666666666667
0 0.5183333333333333 0.21333333333333335 0.016666666666666666 0.08333333333333333
0 0.5466666666666666 0.2075 0.016666666666666666 0.06833333333333333
0 0.5625 0.19916666666666666 0.015 0.065
0 0.5408333333333334 0.16166666666666665 0.03166666666666667 0.056666666666666664
0 0.0425 0.09 0.041666666666666664 0.06
0 0.018333333333333333 0.0875 0.02666666666666667 0.07833333333333334
0 0.09833333333333333 0.009166666666666667 0.04 0.018333333333333333
0 0.4608333333333333 0.8 0.018333333333333333 0.04666666666666667
0 0.48 0.7908333333333334 0.02666666666666667 0.055
0 0.4708333333333333 0.7816666666666666 0.011666666666666667 0.02
0 0.4658333333333333 0.7583333333333333 0.025 0.03
0 0.45 0.7475 0.02 0.015
0 0.42916666666666664 0.745 0.028333333333333332 0.02666666666666667
0 0.4066666666666667 0.7366666666666667 0.03 0.02666666666666667
0 0.5116666666666667 0.7358333333333333 0.02 0.021666666666666667
0 0.49083333333333334 0.7358333333333333 0.025 0.03166666666666667
0 0.4675 0.7333333333333333 0.025 0.02666666666666667
0 0.5608333333333333 0.7266666666666667 0.028333333333333332 0.023333333333333334
0 0.38916666666666666 0.7216666666666667 0.028333333333333332 0.023333333333333334
0 0.44916666666666666 0.7275 0.035 0.028333333333333332
0 0.535 0.7233333333333334 0.02666666666666667 0.02666666666666667
0 0.5683333333333334 0.7216666666666667 0.04 0.03
0 0.4216666666666667 0.7175 0.03666666666666667 0.025
0 0.49416666666666664 0.71 0.03166666666666667 0.03333333333333333
0 0.5283333333333333 0.71 0.03333333333333333 0.03
0 0.38666666666666666 0.7033333333333334 0.03 0.023333333333333334
0 0.405 0.6991666666666667 0.023333333333333334 0.021666666666666667
0 0.57 0.6958333333333333 0.03 0.035
0 0.5733333333333334 0.6958333333333333 0.03666666666666667 0.035
0 0.5158333333333334 0.69 0.028333333333333332 0.02666666666666667
0 0.3775 0.6766666666666666 0.03166666666666667 0.03666666666666667
0 0.35833333333333334 0.6741666666666667 0.02666666666666667 0.045
0 0.39416666666666667 0.6733333333333333 0.03833333333333333 0.04
0 0.42333333333333334 0.6691666666666667 0.016666666666666666 0.07166666666666667
0 0.38 0.645 0.03333333333333333 0.03333333333333333
0 0.3625 0.6375 0.041666666666666664 0.045
0 0.37 0.6225 0.03 0.03166666666666667
0 0.4083333333333333 0.6275 0.04 0.03166666666666667
0 0.38416666666666666 0.605 0.035 0.04
0 0.39166666666666666 0.6025 0.043333333333333335 0.045
0 0.335 0.5866666666666667 0.03 0.056666666666666664
0 0.3408333333333333 0.5875 0.025 0.055
0 0.3575 0.5841666666666666 0.021666666666666667 0.045
0 0.425 0.5816666666666667 0.023333333333333334 0.056666666666666664
0 0.0675 0.5833333333333334 0.041666666666666664 0.056666666666666664
0 0.2608333333333333 0.575 0.028333333333333332 0.05333333333333334
0 0.3591666666666667 0.5708333333333333 0.018333333333333333 0.06833333333333333
0 0.03833333333333333 0.5608333333333333 0.023333333333333334 0.058333333333333334
0 0.23916666666666667 0.5558333333333333 0.018333333333333333 0.04833333333333333
0 0.4058333333333333 0.5508333333333333 0.015 0.058333333333333334
0 0.3441666666666667 0.5475 0.018333333333333333 0.041666666666666664
