0 0.8283333333333334 0.5333333333333333 0.02666666666666667 0.09333333333333334
0 0.365 0.44666666666666666 0.04 0.09
0 0.3233333333333333 0.39166666666666666 0.05333333333333334 0.04666666666666667
0 0.3441666666666667 0.30416666666666664 0.055 0.045
0 0.2758333333333333 0.2633333333333333 0.0016666666666666668 0.0033333333333333335
0 0.31916666666666665 0.24833333333333332 0.041666666666666664 0.08
0 0.205 0.2175 0.043333333333333335 0.075
0 0.33166666666666667 0.13333333333333333 0.043333333333333335 0.07666666666666666
0 0.030833333333333334 0.12833333333333333 0.03833333333333333 0.09666666666666666
0 0.7991666666666667 0.09666666666666666 0.028333333333333332 0.11
0 0.8933333333333333 0.7358333333333333 0.04 0.06166666666666667
0 0.5525 0.62 0.028333333333333332 0.09
0 0.6916666666666667 0.605 0.02666666666666667 0.09
0 0.6441666666666667 0.5666666666666667 0.028333333333333332 0.09333333333333334
