0 0.25416666666666665 0.4725 0.015 0.03166666666666667
0 0.2658333333333333 0.48333333333333334 0.018333333333333333 0.04666666666666667
0 0.715 0.03916666666666667 0.02 0.07833333333333334
0 0.0 0.0 0.0 0.0
0 0.2325 0.5166666666666667 0.021666666666666667 0.07
0 0.19416666666666665 0.5175 0.03833333333333333 0.055
0 0.25083333333333335 0.5241666666666667 0.018333333333333333 0.065
0 0.26666666666666666 0.53 0.02666666666666667 0.056666666666666664
0 0.23666666666666666 0.5475 0.013333333333333334 0.07166666666666667
0 0.275 0.5666666666666667 0.023333333333333334 0.07
0 0.2925 0.5916666666666667 0.015 0.043333333333333335
0 0.25083333333333335 0.5933333333333334 0.021666666666666667 0.06666666666666667
0 0.25666666666666665 0.6058333333333333 0.013333333333333334 0.03833333333333333
0 0.2791666666666667 0.605 0.015 0.056666666666666664
0 0.2925 0.6266666666666667 0.025 0.056666666666666664
0 0.26416666666666666 0.6391666666666667 0.015 0.07166666666666667
0 0.4375 0.6758333333333333 0.03166666666666667 0.035
0 0.4166666666666667 0.6766666666666666 0.02666666666666667 0.03
0 0.6041666666666666 0.0575 0.018333333333333333 0.065
0 0.4083333333333333 0.705 0.03 0.02666666666666667
0 0.4266666666666667 0.7116666666666667 0.02666666666666667 0.03333333333333333
0 0.44333333333333336 0.7141666666666666 0.02666666666666667 0.03833333333333333
0 0.415 0.745 0.03333333333333333 0.03333333333333333
0 0.3975 0.7425 0.025 0.045
0 0.42916666666666664 0.7525 0.028333333333333332 0.03166666666666667
0 0.44166666666666665 0.7666666666666667 0.02 0.03666666666666667
0 0.46416666666666667 0.7825 0.021666666666666667 0.058333333333333334
0 0.4191666666666667 0.7866666666666666 0.028333333333333332 0.04
0 0.3875 0.7916666666666666 0.028333333333333332 0.03666666666666667
0 0.44083333333333335 0.8008333333333333 0.03166666666666667 0.051666666666666666
0 0.43 0.8016666666666666 0.02666666666666667 0.03
0 0.36666666666666664 0.8158333333333333 0.04 0.03166666666666667
0 0.4008333333333333 0.8258333333333333 0.03833333333333333 0.025
0 0.5341666666666667 0.07416666666666667 0.021666666666666667 0.035
0 0.5166666666666667 0.09916666666666667 0.02 0.025
0 0.7283333333333334 0.005 0.01 0.01
0 0.6708333333333333 0.005833333333333334 0.011666666666666667 0.011666666666666667
0 0.5391666666666667 0.125 0.028333333333333332 0.06666666666666667
0 0.7208333333333333 0.0075 0.025 0.015
0 0.6808333333333333 0.008333333333333333 0.03166666666666667 0.016666666666666666
0 0.14166666666666666 0.2125 0.016666666666666666 0.058333333333333334
0 0.42 0.2275 0.023333333333333334 0.075
0 0.15083333333333335 0.2575 0.018333333333333333 0.051666666666666666
0 0.7 0.021666666666666667 0.016666666666666666 0.043333333333333335
0 0.165 0.2941666666666667 0.013333333333333334 0.058333333333333334
0 0.15416666666666667 0.31333333333333335 0.018333333333333333 0.08
0 0.1775 0.31666666666666665 0.021666666666666667 0.07666666666666666
0 0.21166666666666667 0.3458333333333333 0.023333333333333334 0.03166666666666667
0 0.2575 0.3541666666666667 0.025 0.065
0 0.23166666666666666 0.37416666666666665 0.02 0.06833333333333333
0 0.245 0.4508333333333333 0.02 0.06833333333333333
