0 0.6133333333333333 0.4216666666666667 0.05333333333333334 0.07
0 0.6983333333333334 0.33916666666666667 0.043333333333333335 0.10166666666666667
0 0.9858333333333333 0.3075 0.028333333333333332 0.06166666666666667
0 0.6491666666666667 0.27 0.055 0.08666666666666667
0 0.8233333333333334 0.24 0.06333333333333334 0.09
0 0.6641666666666667 0.1975 0.028333333333333332 0.105
0 0.7775 0.1525 0.07166666666666667 0.058333333333333334
0 0.3975 0.9141666666666667 0.075 0.055
0 0.6425 0.08916666666666667 0.04833333333333333 0.08166666666666667
0 0.6458333333333334 0.018333333333333333 0.035 0.03666666666666667
0 0.9591666666666666 0.8633333333333333 0.04833333333333333 0.09666666666666666
0 0.26166666666666666 0.8408333333333333 0.07333333333333333 0.07166666666666667
0 0.5466666666666666 0.8333333333333334 0.07333333333333333 0.06
0 0.445 0.7983333333333333 0.056666666666666664 0.1
0 0.485 0.7533333333333333 0.07333333333333333 0.05
0 0.23916666666666667 0.7458333333333333 0.075 0.051666666666666666
0 0.3933333333333333 0.7275 0.07 0.06166666666666667
0 0.3075 0.6458333333333334 0.06166666666666667 0.09166666666666666
0 0.7041666666666667 0.5875 0.058333333333333334 0.085
