0 0.335 0.44583333333333336 0.043333333333333335 0.125
0 0.3825 0.01 0.03166666666666667 0.02
0 0.6041666666666666 0.5608333333333333 0.035 0.11833333333333333
0 0.48 0.020833333333333332 0.03 0.041666666666666664
0 0.555 0.6325 0.043333333333333335 0.125
0 0.915 0.7408333333333333 0.05 0.13833333333333334
0 0.895 0.8341666666666666 0.06 0.125
0 0.6866666666666666 0.9358333333333333 0.03333333333333333 0.12833333333333333
0 0.9533333333333334 0.9366666666666666 0.056666666666666664 0.1
0 0.42833333333333334 0.97 0.06333333333333334 0.06
0 0.35083333333333333 0.10666666666666667 0.03833333333333333 0.14666666666666667
0 0.305 0.15333333333333332 0.05 0.11333333333333333
