0 0.4008333333333333 0.5733333333333334 0.018333333333333333 0.05
0 0.07 0.5625 0.04 0.051666666666666666
0 0.09916666666666667 0.5425 0.03166666666666667 0.07166666666666667
0 0.38416666666666666 0.5341666666666667 0.015 0.055
0 0.41 0.53 0.023333333333333334 0.08
0 0.39416666666666667 0.5283333333333333 0.011666666666666667 0.03666666666666667
0 0.8025 0.5275 0.021666666666666667 0.041666666666666664
0 0.36833333333333335 0.5025 0.023333333333333334 0.04833333333333333
0 0.785 0.48833333333333334 0.023333333333333334 0.05333333333333334
0 0.37916666666666665 0.48583333333333334 0.03833333333333333 0.04833333333333333
0 0.37833333333333335 0.4875 0.04 0.055
0 0.7941666666666667 0.4841666666666667 0.03166666666666667 0.045
0 0.10583333333333333 0.48083333333333333 0.028333333333333332 0.075
0 0.8075 0.4666666666666667 0.025 0.05
0 0.7641666666666667 0.4683333333333333 0.025 0.04666666666666667
0 0.38416666666666666 0.46166666666666667 0.03166666666666667 0.04666666666666667
0 0.8066666666666666 0.4775 0.0033333333333333335 0.008333333333333333
0 0.825 0.43583333333333335 0.02666666666666667 0.055
0 0.765 0.42833333333333334 0.03 0.05333333333333334
0 0.7441666666666666 0.4275 0.018333333333333333 0.058333333333333334
0 0.775 0.42833333333333334 0.023333333333333334 0.056666666666666664
0 0.7883333333333333 0.4216666666666667 0.023333333333333334 0.056666666666666664
0 0.365 0.4191666666666667 0.013333333333333334 0.041666666666666664
0 0.7408333333333333 0.43416666666666665 0.008333333333333333 0.008333333333333333
0 0.8325 0.39916666666666667 0.028333333333333332 0.06833333333333333
0 0.38 0.3925 0.016666666666666666 0.07833333333333334
0 0.7266666666666667 0.3958333333333333 0.023333333333333334 0.055
0 0.7991666666666667 0.3933333333333333 0.03166666666666667 0.06
0 0.9866666666666667 0.385 0.02666666666666667 0.056666666666666664
0 0.7541666666666667 0.38416666666666666 0.025 0.035
0 0.35833333333333334 0.37166666666666665 0.013333333333333334 0.06
0 0.9991666666666666 0.38 0.0016666666666666668 0.0033333333333333335
0 0.7283333333333334 0.36666666666666664 0.03333333333333333 0.03333333333333333
0 0.7583333333333333 0.36583333333333334 0.02666666666666667 0.041666666666666664
0 0.8041666666666667 0.36583333333333334 0.03166666666666667 0.04833333333333333
0 0.7708333333333334 0.3591666666666667 0.025 0.075
0 0.9616666666666667 0.3575 0.023333333333333334 0.03833333333333333
0 0.36666666666666664 0.3475 0.016666666666666666 0.07166666666666667
0 0.9841666666666666 0.3416666666666667 0.03166666666666667 0.056666666666666664
0 0.7783333333333333 0.335 0.023333333333333334 0.06333333333333334
0 0.96 0.33416666666666667 0.03 0.03166666666666667
0 0.23166666666666666 0.3308333333333333 0.03 0.035
0 0.9341666666666667 0.3333333333333333 0.035 0.056666666666666664
0 0.7175 0.325 0.021666666666666667 0.06
0 0.7383333333333333 0.30833333333333335 0.02 0.056666666666666664
0 0.09833333333333333 0.9883333333333333 0.05 0.023333333333333334
0 0.9775 0.29 0.041666666666666664 0.05333333333333334
0 0.9291666666666667 0.2891666666666667 0.03166666666666667 0.041666666666666664
0 0.72 0.2875 0.03333333333333333 0.065
0 0.21666666666666667 0.2816666666666667 0.02666666666666667 0.056666666666666664
0 0.7508333333333334 0.2816666666666667 0.018333333333333333 0.06333333333333334
0 0.8433333333333334 0.275 0.043333333333333335 0.05
0 0.8666666666666667 0.27416666666666667 0.03 0.03166666666666667
0 0.9016666666666666 0.2733333333333333 0.03 0.05333333333333334
0 0.9608333333333333 0.24916666666666668 0.045 0.041666666666666664
0 0.91 0.23583333333333334 0.02666666666666667 0.04833333333333333
0 0.2125 0.23583333333333334 0.018333333333333333 0.06833333333333333
0 0.8341666666666666 0.23666666666666666 0.03833333333333333 0.04
0 0.7533333333333333 0.23416666666666666 0.02666666666666667 0.041666666666666664
0 0.8575 0.23333333333333334 0.03166666666666667 0.04666666666666667
0 0.87 0.23166666666666666 0.03333333333333333 0.04666666666666667
0 0.19083333333333333 0.21916666666666668 0.021666666666666667 0.045
0 0.7941666666666667 0.22 0.03166666666666667 0.03666666666666667
0 0.8766666666666667 0.21666666666666667 0.03333333333333333 0.05
0 0.73 0.21 0.02666666666666667 0.04666666666666667
0 0.8891666666666667 0.20833333333333334 0.028333333333333332 0.06666666666666667
0 0.8225 0.20416666666666666 0.041666666666666664 0.028333333333333332
0 0.8316666666666667 0.19333333333333333 0.05 0.03
0 0.18666666666666668 0.17833333333333334 0.02666666666666667 0.06333333333333334
0 0.7225 0.17083333333333334 0.035 0.03166666666666667
0 0.10583333333333333 0.9666666666666667 0.051666666666666666 0.03666666666666667
0 0.06916666666666667 0.9375 0.03166666666666667 0.035
0 0.07916666666666666 0.9183333333333333 0.051666666666666666 0.07333333333333333
0 0.11916666666666667 0.8358333333333333 0.04833333333333333 0.03166666666666667
0 0.43333333333333335 0.7833333333333333 0.016666666666666666 0.08333333333333333
0 0.3616666666666667 0.7833333333333333 0.03666666666666667 0.06666666666666667
0 0.37166666666666665 0.7675 0.02666666666666667 0.07833333333333334
0 0.35333333333333333 0.7683333333333333 0.03333333333333333 0.06
0 0.3883333333333333 0.765 0.016666666666666666 0.06
0 0.35 0.7383333333333333 0.04 0.03666666666666667
0 0.4216666666666667 0.7316666666666667 0.02 0.07666666666666666
0 0.3975 0.7183333333333334 0.021666666666666667 0.07666666666666666
0 0.33916666666666667 0.7116666666666667 0.035 0.04666666666666667
0 0.37166666666666665 0.7033333333333334 0.02666666666666667 0.05
0 0.42916666666666664 0.6941666666666667 0.025 0.075
0 0.3875 0.6683333333333333 0.011666666666666667 0.05
0 0.37083333333333335 0.6541666666666667 0.025 0.051666666666666666
0 0.39666666666666667 0.6441666666666667 0.016666666666666666 0.07166666666666667
0 0.3441666666666667 0.6408333333333334 0.035 0.028333333333333332
0 0.235 0.6391666666666667 0.02 0.07166666666666667
0 0.435 0.6366666666666667 0.02 0.07333333333333333
0 0.07333333333333333 0.6366666666666667 0.04666666666666667 0.05
0 0.4091666666666667 0.6166666666666667 0.018333333333333333 0.07666666666666666
0 0.041666666666666664 0.615 0.03333333333333333 0.05333333333333334
0 0.42 0.6116666666666667 0.013333333333333334 0.07
0 0.06666666666666667 0.6016666666666667 0.03666666666666667 0.06
0 0.36916666666666664 0.5983333333333334 0.025 0.08
0 0.3875 0.5975 0.018333333333333333 0.06833333333333333
