0 0.5541666666666667 0.4891666666666667 0.021666666666666667 0.08833333333333333
0 0.605 0.5091666666666667 0.023333333333333334 0.06166666666666667
0 0.625 0.5258333333333334 0.02666666666666667 0.07166666666666667
0 0.585 0.5466666666666666 0.03666666666666667 0.056666666666666664
0 0.5458333333333333 0.5483333333333333 0.025 0.08
0 0.615 0.5541666666666667 0.04 0.051666666666666666
0 0.5741666666666667 0.5758333333333333 0.041666666666666664 0.041666666666666664
0 0.6575 0.5775 0.045 0.035
0 0.2733333333333333 0.5958333333333333 0.03333333333333333 0.025
0 0.6266666666666667 0.5941666666666666 0.04 0.035
0 0.6725 0.6033333333333334 0.03833333333333333 0.023333333333333334
0 0.5833333333333334 0.6191666666666666 0.043333333333333335 0.051666666666666666
0 0.26416666666666666 0.6233333333333333 0.06833333333333333 0.03333333333333333
0 0.28 0.6241666666666666 0.04 0.035
0 0.32416666666666666 0.6341666666666667 0.055 0.04833333333333333
0 0.15416666666666667 0.6383333333333333 0.055 0.03333333333333333
0 0.635 0.6516666666666666 0.03666666666666667 0.07333333333333333
0 0.5691666666666667 0.6566666666666666 0.03166666666666667 0.06666666666666667
0 0.5008333333333334 0.6558333333333334 0.041666666666666664 0.04833333333333333
0 0.11333333333333333 0.6566666666666666 0.056666666666666664 0.03333333333333333
0 0.605 0.67 0.04 0.06333333333333334
0 0.6141666666666666 0.7083333333333334 0.04833333333333333 0.04
0 0.6608333333333334 0.7158333333333333 0.045 0.04833333333333333
0 0.7308333333333333 0.7183333333333334 0.03166666666666667 0.04
0 0.7058333333333333 0.73 0.041666666666666664 0.03333333333333333
0 0.4875 0.7316666666666667 0.03833333333333333 0.05
0 0.5858333333333333 0.7375 0.03833333333333333 0.041666666666666664
0 0.7675 0.745 0.03833333333333333 0.04666666666666667
0 0.7475 0.7583333333333333 0.045 0.03666666666666667
0 0.5375 0.7575 0.035 0.055
0 0.6991666666666667 0.7666666666666667 0.035 0.02666666666666667
0 0.45916666666666667 0.77 0.051666666666666666 0.04
0 0.6083333333333333 0.7733333333333333 0.04 0.03333333333333333
0 0.7175 0.7875 0.03166666666666667 0.018333333333333333
0 0.8025 0.79 0.045 0.03666666666666667
0 0.5075 0.795 0.041666666666666664 0.056666666666666664
0 0.47333333333333333 0.7925 0.04 0.03166666666666667
0 0.7833333333333333 0.795 0.03333333333333333 0.03333333333333333
0 0.505 0.81 0.03666666666666667 0.03
0 0.6225 0.8058333333333333 0.03166666666666667 0.03833333333333333
0 0.6058333333333333 0.82 0.035 0.06
0 0.5708333333333333 0.8225 0.035 0.058333333333333334
0 0.535 0.8316666666666667 0.04666666666666667 0.04
0 0.6408333333333334 0.8575 0.03833333333333333 0.065
0 0.4625 0.86 0.041666666666666664 0.03333333333333333
0 0.5991666666666666 0.86 0.018333333333333333 0.06333333333333334
0 0.505 0.8833333333333333 0.03666666666666667 0.06666666666666667
0 0.4583333333333333 0.8883333333333333 0.03666666666666667 0.02666666666666667
0 0.35 0.96 0.043333333333333335 0.04666666666666667
0 0.3283333333333333 0.1075 0.03666666666666667 0.035
0 0.3575 0.1175 0.04833333333333333 0.03166666666666667
0 0.6241666666666666 0.125 0.025 0.043333333333333335
0 0.6125 0.15416666666666667 0.021666666666666667 0.035
0 0.6341666666666667 0.1625 0.03166666666666667 0.041666666666666664
0 0.6658333333333334 0.1775 0.03833333333333333 0.051666666666666666
0 0.6183333333333333 0.1875 0.03 0.04833333333333333
0 0.6433333333333333 0.19583333333333333 0.03 0.03166666666666667
0 0.6 0.2 0.03666666666666667 0.03666666666666667
0 0.7175 0.20166666666666666 0.041666666666666664 0.03333333333333333
0 0.6658333333333334 0.20166666666666666 0.03833333333333333 0.04666666666666667
0 0.6525 0.22583333333333333 0.035 0.045
0 0.5633333333333334 0.22666666666666666 0.03333333333333333 0.03
0 0.6191666666666666 0.23166666666666666 0.03833333333333333 0.03333333333333333
0 0.6783333333333333 0.24166666666666667 0.016666666666666666 0.04
0 0.6525 0.25083333333333335 0.041666666666666664 0.03166666666666667
0 0.5625 0.25666666666666665 0.028333333333333332 0.04
0 0.5866666666666667 0.26 0.043333333333333335 0.05333333333333334
0 0.6841666666666667 0.2916666666666667 0.03833333333333333 0.05
0 0.5858333333333333 0.4658333333333333 0.045 0.028333333333333332
