0 0.6241666666666666 0.5533333333333333 0.04833333333333333 0.04
0 0.55 0.55 0.023333333333333334 0.06
0 0.5891666666666666 0.5433333333333333 0.03833333333333333 0.05333333333333334
0 0.6933333333333334 0.5308333333333334 0.04 0.035
0 0.3875 0.52 0.028333333333333332 0.05333333333333334
0 0.7116666666666667 0.5141666666666667 0.04 0.041666666666666664
0 0.7333333333333333 0.5066666666666667 0.04 0.04
0 0.25083333333333335 0.4975 0.041666666666666664 0.041666666666666664
0 0.6775 0.495 0.028333333333333332 0.04
0 0.2825 0.49166666666666664 0.018333333333333333 0.08333333333333333
0 0.21333333333333335 0.465 0.04 0.043333333333333335
0 0.2791666666666667 0.44583333333333336 0.03166666666666667 0.08833333333333333
0 0.22083333333333333 0.4825 0.0016666666666666668 0.0016666666666666668
0 0.26166666666666666 0.445 0.02 0.06
0 0.23583333333333334 0.43916666666666665 0.025 0.08166666666666667
0 0.24666666666666667 0.4266666666666667 0.02 0.09666666666666666
0 0.25916666666666666 0.4216666666666667 0.021666666666666667 0.06
0 0.20166666666666666 0.3875 0.02 0.09833333333333333
0 0.22166666666666668 0.37333333333333335 0.02 0.06
0 0.20416666666666666 0.3233333333333333 0.028333333333333332 0.06666666666666667
0 0.23166666666666666 0.31916666666666665 0.023333333333333334 0.10166666666666667
0 0.89 0.29833333333333334 0.043333333333333335 0.03
0 0.84 0.2808333333333333 0.02666666666666667 0.07166666666666667
0 0.5133333333333333 0.9041666666666667 0.03333333333333333 0.06833333333333333
0 0.645 0.8575 0.043333333333333335 0.041666666666666664
0 0.48583333333333334 0.855 0.025 0.06333333333333334
0 0.65 0.8258333333333333 0.043333333333333335 0.045
0 0.49333333333333335 0.8275 0.023333333333333334 0.08166666666666667
0 0.6591666666666667 0.7858333333333334 0.041666666666666664 0.035
0 0.6583333333333333 0.75 0.03666666666666667 0.05333333333333334
0 0.6066666666666667 0.6125 0.03333333333333333 0.08166666666666667
0 0.615 0.6116666666666667 0.016666666666666666 0.08
0 0.5983333333333334 0.6116666666666667 0.02 0.08333333333333333
0 0.58 0.605 0.03 0.056666666666666664
0 0.5625 0.6016666666666667 0.03833333333333333 0.05
0 0.5708333333333333 0.5616666666666666 0.028333333333333332 0.04666666666666667
