0 0.8375 0.5308333333333334 0.025 0.035
0 0.8775 0.5341666666666667 0.018333333333333333 0.07166666666666667
0 0.5641666666666667 0.5166666666666667 0.035 0.05
0 0.5775 0.5166666666666667 0.035 0.05333333333333334
0 0.82 0.5141666666666667 0.03333333333333333 0.03833333333333333
0 0.8566666666666667 0.5083333333333333 0.013333333333333334 0.043333333333333335
0 0.5541666666666667 0.5 0.015 0.02
0 0.8483333333333334 0.49 0.02666666666666667 0.05
0 0.8066666666666666 0.4875 0.02666666666666667 0.051666666666666666
0 0.8666666666666667 0.48 0.02 0.05333333333333334
0 0.8375 0.4675 0.035 0.028333333333333332
0 0.5458333333333333 0.465 0.03166666666666667 0.043333333333333335
0 0.5658333333333333 0.46 0.028333333333333332 0.06666666666666667
0 0.8341666666666666 0.44166666666666665 0.03166666666666667 0.023333333333333334
0 0.8558333333333333 0.43416666666666665 0.025 0.041666666666666664
0 0.8825 0.43083333333333335 0.018333333333333333 0.07833333333333334
0 0.8641666666666666 0.4141666666666667 0.021666666666666667 0.051666666666666666
0 0.5925 0.4041666666666667 0.028333333333333332 0.04833333333333333
0 0.8708333333333333 0.3641666666666667 0.018333333333333333 0.065
0 0.8533333333333334 0.36 0.02666666666666667 0.056666666666666664
0 0.8483333333333334 0.31416666666666665 0.03 0.045
0 0.7558333333333334 0.3075 0.028333333333333332 0.06166666666666667
0 0.2625 0.2475 0.028333333333333332 0.03833333333333333
0 0.19083333333333333 0.24333333333333335 0.03166666666666667 0.023333333333333334
0 0.065 0.22083333333333333 0.02666666666666667 0.07833333333333334
0 0.18333333333333332 0.21083333333333334 0.02666666666666667 0.045
0 0.16833333333333333 0.21 0.043333333333333335 0.056666666666666664
0 0.6091666666666666 0.205 0.03166666666666667 0.03333333333333333
0 0.008333333333333333 0.20416666666666666 0.016666666666666666 0.065
0 0.5808333333333333 0.1875 0.028333333333333332 0.045
0 0.20916666666666667 0.18333333333333332 0.035 0.07333333333333333
0 0.16083333333333333 0.17833333333333334 0.028333333333333332 0.04
0 0.6033333333333334 0.18 0.03 0.04
0 0.6266666666666667 0.17166666666666666 0.03 0.043333333333333335
0 0.19333333333333333 0.16333333333333333 0.04 0.043333333333333335
0 0.18 0.14916666666666667 0.03333333333333333 0.021666666666666667
0 0.5966666666666667 0.14833333333333334 0.03666666666666667 0.03666666666666667
0 0.6366666666666667 0.1425 0.04 0.03833333333333333
0 0.19166666666666668 0.1325 0.03333333333333333 0.028333333333333332
0 0.1725 0.12166666666666667 0.035 0.03
0 0.006666666666666667 0.12416666666666666 0.013333333333333334 0.09166666666666666
0 0.059166666666666666 0.11666666666666667 0.03833333333333333 0.056666666666666664
0 0.21416666666666667 0.11166666666666666 0.055 0.03333333333333333
0 0.17166666666666666 0.1 0.03333333333333333 0.02
0 0.18916666666666668 0.08416666666666667 0.028333333333333332 0.025
0 0.034166666666666665 0.0525 0.025 0.058333333333333334
0 0.005 0.051666666666666666 0.01 0.05333333333333334
0 0.7808333333333334 0.0275 0.035 0.04833333333333333
0 0.8166666666666667 0.025833333333333333 0.03333333333333333 0.045
0 0.87 0.8658333333333333 0.03333333333333333 0.045
0 0.8783333333333333 0.825 0.02666666666666667 0.04666666666666667
0 0.8633333333333333 0.805 0.023333333333333334 0.06333333333333334
0 0.8825 0.7775 0.018333333333333333 0.055
0 0.8658333333333333 0.765 0.021666666666666667 0.04666666666666667
0 0.8483333333333334 0.76 0.016666666666666666 0.04
0 0.6516666666666666 0.7408333333333333 0.02 0.08166666666666667
0 0.8716666666666667 0.7258333333333333 0.016666666666666666 0.051666666666666666
0 0.17416666666666666 0.7116666666666667 0.041666666666666664 0.056666666666666664
0 0.8558333333333333 0.6975 0.021666666666666667 0.06166666666666667
0 0.8683333333333333 0.6775 0.016666666666666666 0.04833333333333333
0 0.20583333333333334 0.6675 0.041666666666666664 0.045
0 0.8383333333333334 0.63 0.016666666666666666 0.06333333333333334
0 0.8633333333333333 0.63 0.02 0.05333333333333334
0 0.14166666666666666 0.6025 0.03666666666666667 0.065
0 0.8475 0.5975 0.018333333333333333 0.058333333333333334
0 0.8825 0.5875 0.021666666666666667 0.055
0 0.8333333333333334 0.5775 0.023333333333333334 0.065
0 0.8458333333333333 0.555 0.015 0.05
0 0.8133333333333334 0.5575 0.023333333333333334 0.055
0 0.8625 0.5358333333333334 0.018333333333333333 0.058333333333333334
