0 0.23333333333333334 0.5375 0.02 0.06833333333333333
0 0.37 0.9625 0.043333333333333335 0.035
0 0.5383333333333333 0.5166666666666667 0.04 0.03
0 0.20916666666666667 0.515 0.008333333333333333 0.03333333333333333
0 0.21833333333333332 0.5141666666666667 0.02666666666666667 0.06833333333333333
0 0.32166666666666666 0.5108333333333334 0.02 0.06833333333333333
0 0.1875 0.5008333333333334 0.03166666666666667 0.055
0 0.5725 0.49833333333333335 0.028333333333333332 0.03666666666666667
0 0.5658333333333333 0.48583333333333334 0.035 0.03166666666666667
0 0.34 0.4775 0.016666666666666666 0.04833333333333333
0 0.3575 0.4633333333333333 0.021666666666666667 0.05333333333333334
0 0.3375 0.43916666666666665 0.021666666666666667 0.041666666666666664
0 0.37666666666666665 0.44 0.016666666666666666 0.023333333333333334
0 0.3566666666666667 0.43416666666666665 0.023333333333333334 0.045
0 0.39666666666666667 0.42083333333333334 0.02 0.04833333333333333
0 0.375 0.41083333333333333 0.013333333333333334 0.03833333333333333
0 0.3541666666666667 0.4033333333333333 0.015 0.03333333333333333
0 0.39166666666666666 0.39916666666666667 0.023333333333333334 0.051666666666666666
0 0.37 0.3933333333333333 0.023333333333333334 0.04
0 0.42333333333333334 0.37333333333333335 0.023333333333333334 0.04
0 0.4866666666666667 0.37916666666666665 0.02666666666666667 0.041666666666666664
0 0.5041666666666667 0.37833333333333335 0.025 0.03666666666666667
0 0.39416666666666667 0.3591666666666667 0.025 0.041666666666666664
0 0.4625 0.3591666666666667 0.025 0.041666666666666664
0 0.525 0.36083333333333334 0.02 0.04833333333333333
0 0.3775 0.3566666666666667 0.025 0.03
0 0.41083333333333333 0.3541666666666667 0.018333333333333333 0.051666666666666666
0 0.45166666666666666 0.3516666666666667 0.03333333333333333 0.03666666666666667
0 0.43 0.345 0.03 0.03666666666666667
0 0.5 0.3375 0.04 0.041666666666666664
0 0.525 0.33166666666666667 0.02666666666666667 0.04
0 0.475 0.3175 0.03666666666666667 0.03166666666666667
0 0.5441666666666667 0.31666666666666665 0.015 0.05
0 0.43916666666666665 0.315 0.03833333333333333 0.03
0 0.5441666666666667 0.2775 0.021666666666666667 0.041666666666666664
0 0.56 0.26666666666666666 0.016666666666666666 0.07
0 0.34 0.7383333333333333 0.023333333333333334 0.03666666666666667
0 0.3591666666666667 0.7333333333333333 0.018333333333333333 0.02666666666666667
0 0.2683333333333333 0.5883333333333334 0.016666666666666666 0.05333333333333334
0 0.23416666666666666 0.5916666666666667 0.018333333333333333 0.05333333333333334
0 0.25166666666666665 0.5658333333333333 0.02 0.07166666666666667
0 0.21916666666666668 0.57 0.015 0.04666666666666667
0 0.2816666666666667 0.545 0.03333333333333333 0.03666666666666667
