0 0.31416666666666665 0.275 0.03166666666666667 0.05
0 0.4066666666666667 0.24583333333333332 0.03666666666666667 0.041666666666666664
0 0.8533333333333334 0.20666666666666667 0.023333333333333334 0.07
0 0.6316666666666667 0.18166666666666667 0.03333333333333333 0.06
0 0.7566666666666667 0.1775 0.02 0.075
0 0.30333333333333334 0.16916666666666666 0.03333333333333333 0.055
0 0.7891666666666667 0.15666666666666668 0.021666666666666667 0.07
0 0.44083333333333335 0.14 0.018333333333333333 0.07333333333333333
0 0.66 0.14166666666666666 0.016666666666666666 0.07333333333333333
0 0.41 0.09 0.02666666666666667 0.06333333333333334
0 0.9841666666666666 0.08166666666666667 0.03166666666666667 0.04666666666666667
0 0.99 0.0525 0.02 0.051666666666666666
