0 0.8125 0.485 0.028333333333333332 0.043333333333333335
0 0.8441666666666666 0.47833333333333333 0.028333333333333332 0.07
0 0.855 0.49166666666666664 0.02666666666666667 0.07333333333333333
0 0.23416666666666666 0.49333333333333335 0.015 0.056666666666666664
0 0.7866666666666666 0.5091666666666667 0.03 0.058333333333333334
0 0.27166666666666667 0.5041666666666667 0.03666666666666667 0.07166666666666667
0 0.3225 0.5075 0.028333333333333332 0.06166666666666667
0 0.7883333333333333 0.5083333333333333 0.03 0.06
0 0.8141666666666667 0.5091666666666667 0.021666666666666667 0.041666666666666664
0 0.24583333333333332 0.5166666666666667 0.018333333333333333 0.06666666666666667
0 0.35 0.5175 0.03666666666666667 0.035
0 0.7566666666666667 0.535 0.03333333333333333 0.056666666666666664
0 0.8625 0.5333333333333333 0.035 0.08333333333333333
0 0.8383333333333334 0.5458333333333333 0.03 0.035
0 0.25916666666666666 0.5458333333333333 0.018333333333333333 0.065
0 0.8141666666666667 0.5466666666666666 0.028333333333333332 0.04666666666666667
0 0.7891666666666667 0.5591666666666667 0.025 0.065
0 0.7541666666666667 0.5658333333333333 0.035 0.04833333333333333
0 0.7591666666666667 0.5833333333333334 0.025 0.08
0 0.7708333333333334 0.5958333333333333 0.021666666666666667 0.06166666666666667
0 0.6608333333333334 0.6058333333333333 0.03833333333333333 0.058333333333333334
0 0.7383333333333333 0.6416666666666667 0.023333333333333334 0.07333333333333333
0 0.7841666666666667 0.6616666666666666 0.028333333333333332 0.06333333333333334
0 0.7491666666666666 0.6691666666666667 0.015 0.06166666666666667
0 0.755 0.6675 0.02666666666666667 0.075
0 0.645 0.6675 0.02666666666666667 0.07833333333333334
0 0.6325 0.6891666666666667 0.021666666666666667 0.07166666666666667
0 0.31 0.7525 0.03666666666666667 0.065
0 0.6716666666666666 0.785 0.02 0.07
0 0.5425 0.815 0.028333333333333332 0.06666666666666667
0 0.29 0.9816666666666667 0.02 0.03666666666666667
0 0.27166666666666667 0.15166666666666667 0.03 0.06
0 0.28583333333333333 0.16083333333333333 0.028333333333333332 0.051666666666666666
0 0.245 0.19916666666666666 0.02 0.075
0 0.26166666666666666 0.21666666666666667 0.02666666666666667 0.06
0 0.29833333333333334 0.23916666666666667 0.016666666666666666 0.06833333333333333
0 0.25083333333333335 0.2783333333333333 0.018333333333333333 0.06333333333333334
0 0.30916666666666665 0.2816666666666667 0.018333333333333333 0.07666666666666666
0 0.28583333333333333 0.28583333333333333 0.018333333333333333 0.06833333333333333
0 0.8433333333333334 0.3025 0.02 0.06833333333333333
0 0.8041666666666667 0.30666666666666664 0.028333333333333332 0.05
0 0.8225 0.3075 0.0016666666666666668 0.0016666666666666668
0 0.8341666666666666 0.32416666666666666 0.018333333333333333 0.075
0 0.31833333333333336 0.3233333333333333 0.013333333333333334 0.056666666666666664
0 0.3025 0.33 0.018333333333333333 0.07
0 0.815 0.3258333333333333 0.03 0.065
0 0.8516666666666667 0.3425 0.02 0.055
0 0.8783333333333333 0.3466666666666667 0.03666666666666667 0.06333333333333334
0 0.3175 0.36583333333333334 0.018333333333333333 0.065
0 0.8025 0.37416666666666665 0.03833333333333333 0.028333333333333332
0 0.2775 0.37333333333333335 0.018333333333333333 0.08
0 0.3416666666666667 0.37916666666666665 0.03333333333333333 0.03833333333333333
0 0.8216666666666667 0.38333333333333336 0.03333333333333333 0.043333333333333335
0 0.8716666666666667 0.3925 0.03333333333333333 0.035
0 0.8266666666666667 0.4008333333333333 0.03333333333333333 0.07166666666666667
0 0.8458333333333333 0.3958333333333333 0.021666666666666667 0.055
0 0.2733333333333333 0.4058333333333333 0.023333333333333334 0.06833333333333333
0 0.3491666666666667 0.41333333333333333 0.03166666666666667 0.04
0 0.22833333333333333 0.4216666666666667 0.023333333333333334 0.06666666666666667
0 0.7866666666666666 0.425 0.03 0.04666666666666667
0 0.23916666666666667 0.43666666666666665 0.021666666666666667 0.08333333333333333
0 0.8408333333333333 0.43666666666666665 0.028333333333333332 0.05333333333333334
0 0.7991666666666667 0.44166666666666665 0.021666666666666667 0.06333333333333334
0 0.30333333333333334 0.45 0.023333333333333334 0.05
0 0.82 0.44666666666666666 0.03 0.043333333333333335
0 0.40166666666666667 0.4508333333333333 0.043333333333333335 0.035
0 0.4266666666666667 0.455 0.03666666666666667 0.06
0 0.32 0.4583333333333333 0.03666666666666667 0.06333333333333334
0 0.84 0.46416666666666667 0.03 0.055
0 0.7741666666666667 0.4658333333333333 0.03166666666666667 0.041666666666666664
