0 0.62 0.49333333333333335 0.016666666666666666 0.04666666666666667
0 0.6408333333333334 0.4841666666666667 0.025 0.045
0 0.5958333333333333 0.4725 0.015 0.075
0 0.5833333333333334 0.465 0.016666666666666666 0.07333333333333333
0 0.605 0.45916666666666667 0.016666666666666666 0.065
0 0.6225 0.445 0.015 0.06
0 0.5158333333333334 0.44 0.025 0.06333333333333334
0 0.48083333333333333 0.4266666666666667 0.028333333333333332 0.04666666666666667
0 0.5316666666666666 0.4275 0.023333333333333334 0.065
0 0.5058333333333334 0.42083333333333334 0.015 0.045
0 0.6133333333333333 0.405 0.016666666666666666 0.05333333333333334
0 0.48083333333333333 0.3983333333333333 0.021666666666666667 0.06333333333333334
0 0.5008333333333334 0.38416666666666666 0.018333333333333333 0.065
0 0.5833333333333334 0.38916666666666666 0.016666666666666666 0.07833333333333334
0 0.4716666666666667 0.3883333333333333 0.016666666666666666 0.07333333333333333
0 0.53 0.38416666666666666 0.02666666666666667 0.04833333333333333
0 0.5225 0.365 0.018333333333333333 0.06
0 0.4608333333333333 0.36083333333333334 0.015 0.06166666666666667
0 0.49583333333333335 0.345 0.018333333333333333 0.056666666666666664
0 0.5891666666666666 0.3541666666666667 0.018333333333333333 0.07166666666666667
0 0.5291666666666667 0.3416666666666667 0.011666666666666667 0.04666666666666667
0 0.5391666666666667 0.32916666666666666 0.015 0.065
0 0.4558333333333333 0.3233333333333333 0.015 0.07333333333333333
0 0.4691666666666667 0.31916666666666665 0.015 0.058333333333333334
0 0.5941666666666666 0.31916666666666665 0.015 0.07166666666666667
0 0.5708333333333333 0.31 0.021666666666666667 0.056666666666666664
0 0.4841666666666667 0.30916666666666665 0.025 0.051666666666666666
0 0.5616666666666666 0.2783333333333333 0.023333333333333334 0.06333333333333334
0 0.47 0.2825 0.02 0.03833333333333333
0 0.5783333333333334 0.27666666666666667 0.016666666666666666 0.06
0 0.49166666666666664 0.26666666666666666 0.02666666666666667 0.04
0 0.4658333333333333 0.2475 0.018333333333333333 0.065
0 0.5016666666666667 0.22333333333333333 0.02666666666666667 0.05
0 0.4866666666666667 0.22333333333333333 0.023333333333333334 0.07
0 0.48333333333333334 0.18916666666666668 0.02 0.058333333333333334
0 0.45916666666666667 0.1975 0.025 0.06833333333333333
0 0.5033333333333333 0.1825 0.016666666666666666 0.041666666666666664
0 0.4791666666666667 0.16166666666666665 0.018333333333333333 0.056666666666666664
0 0.4625 0.14416666666666667 0.018333333333333333 0.04833333333333333
0 0.5 0.12916666666666668 0.02 0.058333333333333334
0 0.49333333333333335 0.09416666666666666 0.02666666666666667 0.06833333333333333
0 0.5183333333333333 0.06166666666666667 0.02666666666666667 0.07
0 0.5166666666666667 0.008333333333333333 0.023333333333333334 0.016666666666666666
0 0.5716666666666667 0.8391666666666666 0.04 0.03166666666666667
0 0.6141666666666666 0.8291666666666667 0.035 0.028333333333333332
0 0.3616666666666667 0.8308333333333333 0.023333333333333334 0.051666666666666666
0 0.5591666666666667 0.8258333333333333 0.03833333333333333 0.025
0 0.30916666666666665 0.8191666666666667 0.018333333333333333 0.065
0 0.33416666666666667 0.82 0.025 0.04666666666666667
0 0.42333333333333334 0.8133333333333334 0.03333333333333333 0.02666666666666667
0 0.6008333333333333 0.8133333333333334 0.03166666666666667 0.03333333333333333
0 0.39666666666666667 0.805 0.02666666666666667 0.03
0 0.37583333333333335 0.8033333333333333 0.03166666666666667 0.06
0 0.57 0.8008333333333333 0.03666666666666667 0.035
0 0.35833333333333334 0.8 0.023333333333333334 0.05
0 0.6008333333333333 0.7933333333333333 0.028333333333333332 0.03666666666666667
0 0.43083333333333335 0.7891666666666667 0.03833333333333333 0.028333333333333332
0 0.39166666666666666 0.7833333333333333 0.03666666666666667 0.03666666666666667
0 0.3375 0.7766666666666666 0.025 0.06333333333333334
0 0.31833333333333336 0.7783333333333333 0.02 0.08
0 0.43916666666666665 0.7991666666666667 0.0016666666666666668 0.0016666666666666668
0 0.4691666666666667 0.7683333333333333 0.035 0.03333333333333333
0 0.8533333333333334 0.7608333333333334 0.02 0.065
0 0.4525 0.7633333333333333 0.028333333333333332 0.03666666666666667
0 0.5125 0.745 0.021666666666666667 0.07
0 0.8358333333333333 0.7425 0.025 0.07833333333333334
0 0.535 0.74 0.023333333333333334 0.04666666666666667
0 0.2816666666666667 0.735 0.02 0.07666666666666666
0 0.48333333333333334 0.7341666666666666 0.03666666666666667 0.03833333333333333
0 0.2966666666666667 0.7241666666666666 0.016666666666666666 0.08166666666666667
0 0.5541666666666667 0.7166666666666667 0.028333333333333332 0.023333333333333334
0 0.575 0.7075 0.013333333333333334 0.025
0 0.5658333333333333 0.6875 0.03833333333333333 0.041666666666666664
0 0.9708333333333333 0.6758333333333333 0.025 0.025
0 0.29583333333333334 0.6641666666666667 0.015 0.041666666666666664
0 0.5133333333333333 0.6575 0.03 0.055
0 0.5975 0.66 0.021666666666666667 0.04
0 0.5641666666666667 0.6583333333333333 0.025 0.056666666666666664
0 0.585 0.6466666666666666 0.02666666666666667 0.04
0 0.9808333333333333 0.6391666666666667 0.018333333333333333 0.045
0 0.30583333333333335 0.6366666666666667 0.015 0.06666666666666667
0 0.5333333333333333 0.6225 0.02 0.041666666666666664
0 0.285 0.6183333333333333 0.02666666666666667 0.043333333333333335
0 0.5875 0.6083333333333333 0.021666666666666667 0.043333333333333335
0 0.5716666666666667 0.6075 0.023333333333333334 0.051666666666666666
0 0.6125 0.6025 0.025 0.058333333333333334
0 0.2825 0.5841666666666666 0.041666666666666664 0.028333333333333332
0 0.8233333333333334 0.5841666666666666 0.03666666666666667 0.045
0 0.6375 0.575 0.025 0.043333333333333335
0 0.5941666666666666 0.5716666666666667 0.025 0.04
0 0.5691666666666667 0.5633333333333334 0.018333333333333333 0.06333333333333334
0 0.6366666666666667 0.5883333333333334 0.013333333333333334 0.013333333333333334
0 0.62 0.5441666666666667 0.02 0.058333333333333334
0 0.5858333333333333 0.54 0.015 0.06
0 0.5983333333333334 0.5333333333333333 0.016666666666666666 0.04666666666666667
0 0.6391666666666667 0.5158333333333334 0.021666666666666667 0.045
0 0.8508333333333333 0.9525 0.025 0.03833333333333333
0 0.61 0.5183333333333333 0.016666666666666666 0.04666666666666667
0 0.5775 0.5108333333333334 0.015 0.058333333333333334
