0 0.5008333333333334 0.2816666666666667 0.06833333333333333 0.06666666666666667
0 0.6458333333333334 0.21416666666666667 0.06833333333333333 0.08166666666666667
0 0.19083333333333333 0.2 0.065 0.08
0 0.3458333333333333 0.19916666666666666 0.07833333333333334 0.06166666666666667
0 0.45916666666666667 0.16583333333333333 0.051666666666666666 0.115
0 0.32666666666666666 0.11833333333333333 0.06666666666666667 0.07
0 0.6691666666666667 0.10083333333333333 0.07166666666666667 0.06833333333333333
0 0.5108333333333334 0.08416666666666667 0.075 0.055
0 0.6033333333333334 0.02666666666666667 0.03666666666666667 0.05333333333333334
0 0.01 0.9266666666666666 0.02 0.09
0 0.37666666666666665 0.925 0.07333333333333333 0.056666666666666664
0 0.465 0.9275 0.08 0.065
0 0.4483333333333333 0.9933333333333333 0.023333333333333334 0.013333333333333334
0 0.5125 0.9875 0.07833333333333334 0.025
0 0.3858333333333333 0.9733333333333334 0.07166666666666667 0.05333333333333334
0 0.3616666666666667 0.5483333333333333 0.07 0.06666666666666667
