0 0.17916666666666667 0.5416666666666666 0.07166666666666667 0.06
0 0.15166666666666667 0.47583333333333333 0.07 0.095
0 0.1175 0.475 0.041666666666666664 0.11
0 0.9808333333333333 0.4625 0.03833333333333333 0.07833333333333334
0 0.17833333333333334 0.4266666666666667 0.06666666666666667 0.10333333333333333
0 0.4891666666666667 0.32416666666666666 0.075 0.06166666666666667
0 0.7491666666666666 0.9483333333333334 0.065 0.07666666666666666
0 0.5916666666666667 0.23166666666666666 0.06 0.1
0 0.58 0.14583333333333334 0.06666666666666667 0.065
0 0.5583333333333333 0.07833333333333334 0.07 0.07333333333333333
0 0.4925 0.06166666666666667 0.06833333333333333 0.07
0 0.78 0.05333333333333334 0.03 0.10666666666666667
0 0.9158333333333334 0.8675 0.065 0.075
0 0.5133333333333333 0.8066666666666666 0.05333333333333334 0.09666666666666666
0 0.76 0.7616666666666667 0.07333333333333333 0.06
0 0.10916666666666666 0.7025 0.06166666666666667 0.07833333333333334
0 0.8791666666666667 0.6883333333333334 0.06833333333333333 0.07333333333333333
0 0.08583333333333333 0.625 0.058333333333333334 0.07666666666666666
0 0.8466666666666667 0.6108333333333333 0.07 0.051666666666666666
0 0.14833333333333334 0.6108333333333333 0.07666666666666666 0.06166666666666667
