0 0.4266666666666667 0.5458333333333333 0.03 0.085
0 0.44333333333333336 0.5233333333333333 0.02 0.09
0 0.4608333333333333 0.5108333333333334 0.03166666666666667 0.07833333333333334
0 0.4025 0.5133333333333333 0.021666666666666667 0.08333333333333333
0 0.4325 0.49583333333333335 0.018333333333333333 0.065
0 0.24 0.48333333333333334 0.03666666666666667 0.05333333333333334
0 0.2025 0.4741666666666667 0.041666666666666664 0.035
0 0.36083333333333334 0.4725 0.045 0.03833333333333333
0 0.4608333333333333 0.4683333333333333 0.021666666666666667 0.056666666666666664
0 0.1825 0.4666666666666667 0.035 0.04666666666666667
0 0.22333333333333333 0.44666666666666666 0.03666666666666667 0.03333333333333333
0 0.63 0.3958333333333333 0.03 0.058333333333333334
0 0.7333333333333333 0.38916666666666666 0.023333333333333334 0.08833333333333333
0 0.7641666666666667 0.36666666666666664 0.03833333333333333 0.03666666666666667
0 0.755 0.3333333333333333 0.02 0.056666666666666664
0 0.8033333333333333 0.33166666666666667 0.03666666666666667 0.04666666666666667
0 0.7775 0.31833333333333336 0.025 0.06666666666666667
0 0.8016666666666666 0.30666666666666664 0.03333333333333333 0.05
0 0.7675 0.2866666666666667 0.018333333333333333 0.07
0 0.7483333333333333 0.2758333333333333 0.02 0.058333333333333334
0 0.7925 0.25083333333333335 0.018333333333333333 0.06833333333333333
0 0.7758333333333334 0.24416666666666667 0.021666666666666667 0.07833333333333334
0 0.8125 0.24583333333333332 0.021666666666666667 0.07833333333333334
0 0.10666666666666667 0.22333333333333333 0.03666666666666667 0.03666666666666667
0 0.8058333333333333 0.19416666666666665 0.025 0.07166666666666667
0 0.15916666666666668 0.20333333333333334 0.03833333333333333 0.03666666666666667
0 0.5033333333333333 0.8358333333333333 0.02 0.085
0 0.5233333333333333 0.7925 0.02 0.058333333333333334
0 0.5183333333333333 0.7525 0.02 0.06833333333333333
0 0.40166666666666667 0.7575 0.043333333333333335 0.041666666666666664
0 0.38666666666666666 0.7316666666666667 0.043333333333333335 0.03333333333333333
0 0.3616666666666667 0.7066666666666667 0.04 0.03666666666666667
0 0.355 0.6625 0.03333333333333333 0.058333333333333334
0 0.41333333333333333 0.5566666666666666 0.02666666666666667 0.07666666666666666
