0 0.4041666666666667 0.44 0.018333333333333333 0.06333333333333334
0 0.35333333333333333 0.44416666666666665 0.016666666666666666 0.06166666666666667
0 0.24916666666666668 0.44333333333333336 0.025 0.07666666666666666
0 0.44333333333333336 0.4425 0.02 0.075
0 0.41833333333333333 0.45916666666666667 0.016666666666666666 0.06166666666666667
0 0.31833333333333336 0.4625 0.016666666666666666 0.058333333333333334
0 0.22833333333333333 0.46416666666666667 0.023333333333333334 0.055
0 0.20833333333333334 0.4708333333333333 0.023333333333333334 0.055
0 0.33166666666666667 0.47 0.016666666666666666 0.056666666666666664
0 0.3016666666666667 0.4766666666666667 0.02 0.06
0 0.3425 0.48583333333333334 0.015 0.055
0 0.22666666666666666 0.49916666666666665 0.023333333333333334 0.065
0 0.475 0.5091666666666667 0.016666666666666666 0.07166666666666667
0 0.32666666666666666 0.5141666666666667 0.02 0.04833333333333333
0 0.30416666666666664 0.5158333333333334 0.03166666666666667 0.04833333333333333
0 0.23583333333333334 0.5308333333333334 0.018333333333333333 0.065
0 0.35333333333333333 0.5325 0.03666666666666667 0.055
0 0.30833333333333335 0.5333333333333333 0.02 0.056666666666666664
0 0.4608333333333333 0.5425 0.015 0.07166666666666667
0 0.48583333333333334 0.5458333333333333 0.015 0.08166666666666667
0 0.26666666666666666 0.5533333333333333 0.013333333333333334 0.04666666666666667
0 0.5 0.5533333333333333 0.016666666666666666 0.07
0 0.3233333333333333 0.5558333333333333 0.03333333333333333 0.058333333333333334
0 0.47333333333333333 0.5666666666666667 0.016666666666666666 0.05
0 0.33166666666666667 0.5875 0.013333333333333334 0.06166666666666667
0 0.29833333333333334 0.5991666666666666 0.016666666666666666 0.06833333333333333
0 0.5066666666666667 0.6083333333333333 0.02 0.05333333333333334
0 0.4558333333333333 0.6108333333333333 0.021666666666666667 0.065
0 0.435 0.615 0.016666666666666666 0.056666666666666664
0 0.48333333333333334 0.6266666666666667 0.016666666666666666 0.07
0 0.3225 0.635 0.018333333333333333 0.06666666666666667
0 0.465 0.6333333333333333 0.016666666666666666 0.07666666666666666
0 0.49666666666666665 0.6341666666666667 0.016666666666666666 0.07833333333333334
0 0.5083333333333333 0.6408333333333334 0.016666666666666666 0.045
0 0.5366666666666666 0.6441666666666667 0.016666666666666666 0.07833333333333334
0 0.30583333333333335 0.6608333333333334 0.018333333333333333 0.07833333333333334
0 0.4425 0.66 0.028333333333333332 0.03666666666666667
0 0.3458333333333333 0.665 0.035 0.06333333333333334
0 0.4741666666666667 0.6808333333333333 0.015 0.06166666666666667
0 0.45 0.685 0.02 0.06
0 0.48833333333333334 0.6875 0.016666666666666666 0.055
0 0.29083333333333333 0.6875 0.021666666666666667 0.075
0 0.5641666666666667 0.6866666666666666 0.018333333333333333 0.07666666666666666
0 0.43416666666666665 0.6916666666666667 0.018333333333333333 0.03666666666666667
0 0.5433333333333333 0.6916666666666667 0.02 0.06666666666666667
0 0.5225 0.7083333333333334 0.015 0.08
0 0.5375 0.7391666666666666 0.018333333333333333 0.058333333333333334
0 0.5083333333333333 0.7358333333333333 0.016666666666666666 0.075
0 0.57 0.7525 0.016666666666666666 0.06166666666666667
0 0.5516666666666666 0.7666666666666667 0.016666666666666666 0.07
0 0.5358333333333334 0.7791666666666667 0.021666666666666667 0.06166666666666667
0 0.5233333333333333 0.7858333333333334 0.016666666666666666 0.075
0 0.5466666666666666 0.8408333333333333 0.02666666666666667 0.055
0 0.06583333333333333 0.905 0.041666666666666664 0.07
0 0.03166666666666667 0.9366666666666666 0.03 0.06666666666666667
0 0.12583333333333332 0.9825 0.03833333333333333 0.035
0 0.4658333333333333 0.13 0.025 0.06666666666666667
0 0.47333333333333333 0.13916666666666666 0.01 0.041666666666666664
0 0.49166666666666664 0.14333333333333334 0.03 0.06333333333333334
0 0.5216666666666666 0.19583333333333333 0.03333333333333333 0.03166666666666667
0 0.5466666666666666 0.1925 0.03 0.025
0 0.44 0.2025 0.043333333333333335 0.035
0 0.4116666666666667 0.21166666666666667 0.04 0.03333333333333333
0 0.5408333333333334 0.21666666666666667 0.041666666666666664 0.03333333333333333
0 0.5683333333333334 0.22 0.04 0.03333333333333333
0 0.5808333333333333 0.22583333333333333 0.035 0.041666666666666664
0 0.5008333333333334 0.2275 0.03166666666666667 0.035
0 0.38916666666666666 0.23083333333333333 0.03166666666666667 0.028333333333333332
0 0.5966666666666667 0.23416666666666666 0.04 0.041666666666666664
0 0.4216666666666667 0.24 0.04 0.03
0 0.5266666666666666 0.245 0.03 0.02666666666666667
0 0.5525 0.25166666666666665 0.035 0.03
0 0.6133333333333333 0.25166666666666665 0.02666666666666667 0.04666666666666667
0 0.38333333333333336 0.25666666666666665 0.03333333333333333 0.02666666666666667
0 0.5925 0.25583333333333336 0.03166666666666667 0.03833333333333333
0 0.505 0.25833333333333336 0.03666666666666667 0.03333333333333333
0 0.405 0.2625 0.03333333333333333 0.025
0 0.56 0.275 0.03 0.03333333333333333
0 0.53 0.2825 0.03666666666666667 0.028333333333333332
0 0.36666666666666664 0.2875 0.03333333333333333 0.03833333333333333
0 0.35083333333333333 0.29083333333333333 0.03166666666666667 0.055
0 0.405 0.30583333333333335 0.02666666666666667 0.058333333333333334
0 0.3775 0.30833333333333335 0.03833333333333333 0.03666666666666667
0 0.38333333333333336 0.3275 0.04 0.041666666666666664
0 0.3433333333333333 0.33 0.023333333333333334 0.04
0 0.43583333333333335 0.3325 0.028333333333333332 0.075
0 0.3258333333333333 0.34833333333333333 0.018333333333333333 0.05
0 0.3441666666666667 0.33166666666666667 0.025 0.04
0 0.4066666666666667 0.3491666666666667 0.04 0.035
0 0.37916666666666665 0.3725 0.03166666666666667 0.03833333333333333
0 0.030833333333333334 0.38083333333333336 0.041666666666666664 0.07166666666666667
0 0.35333333333333333 0.38416666666666666 0.02 0.045
0 0.3983333333333333 0.38333333333333336 0.04 0.04
0 0.4275 0.3925 0.028333333333333332 0.06166666666666667
0 0.32083333333333336 0.3958333333333333 0.028333333333333332 0.065
0 0.33416666666666667 0.4008333333333333 0.025 0.06166666666666667
0 0.25166666666666665 0.39666666666666667 0.03 0.06666666666666667
0 0.3616666666666667 0.41583333333333333 0.016666666666666666 0.058333333333333334
0 0.009166666666666667 0.4225 0.018333333333333333 0.058333333333333334
0 0.22833333333333333 0.425 0.023333333333333334 0.07
0 0.3425 0.42916666666666664 0.015 0.051666666666666666
