0 0.435 0.475 0.016666666666666666 0.06333333333333334
0 0.2966666666666667 0.4708333333333333 0.0033333333333333335 0.0016666666666666668
0 0.74 0.7416666666666667 0.02666666666666667 0.05333333333333334
0 0.705 0.715 0.03666666666666667 0.03
0 0.475 0.7083333333333334 0.02 0.06333333333333334
0 0.6725 0.7075 0.03166666666666667 0.03166666666666667
0 0.7308333333333333 0.7 0.035 0.03333333333333333
0 0.495 0.7 0.02666666666666667 0.02666666666666667
0 0.4716666666666667 0.6816666666666666 0.023333333333333334 0.05333333333333334
0 0.6908333333333333 0.6875 0.035 0.028333333333333332
0 0.45 0.6666666666666666 0.016666666666666666 0.06666666666666667
0 0.5358333333333334 0.6675 0.03166666666666667 0.04833333333333333
0 0.6741666666666667 0.6658333333333334 0.03166666666666667 0.025
0 0.4975 0.66 0.035 0.03666666666666667
0 0.475 0.6466666666666666 0.03 0.05
0 0.43666666666666665 0.6541666666666667 0.016666666666666666 0.07166666666666667
0 0.5033333333333333 0.6366666666666667 0.03 0.05
0 0.5691666666666667 0.6266666666666667 0.035 0.05
0 0.5283333333333333 0.63 0.04 0.03666666666666667
0 0.4633333333333333 0.615 0.02 0.06
0 0.4825 0.6075 0.028333333333333332 0.045
0 0.46166666666666667 0.5808333333333333 0.02666666666666667 0.051666666666666666
0 0.44583333333333336 0.5308333333333334 0.035 0.03166666666666667
