0 0.8475 0.515 0.028333333333333332 0.07333333333333333
0 0.265 0.5016666666666667 0.03 0.06
0 0.20083333333333334 0.405 0.03166666666666667 0.03
0 0.19333333333333333 0.38083333333333336 0.03333333333333333 0.025
0 0.205 0.3641666666666667 0.03333333333333333 0.025
0 0.23666666666666666 0.35583333333333333 0.03333333333333333 0.028333333333333332
0 0.19916666666666666 0.3408333333333333 0.03166666666666667 0.025
0 0.2175 0.3275 0.035 0.03166666666666667
0 0.23416666666666666 0.31333333333333335 0.035 0.03333333333333333
0 0.155 0.30666666666666664 0.02 0.02666666666666667
0 0.1925 0.30416666666666664 0.035 0.025
0 0.1875 0.285 0.028333333333333332 0.016666666666666666
0 0.165 0.285 0.02 0.05333333333333334
0 0.22 0.27166666666666667 0.02666666666666667 0.03
0 0.15083333333333335 0.26916666666666667 0.015 0.051666666666666666
0 0.2275 0.25416666666666665 0.03166666666666667 0.045
0 0.24 0.24416666666666667 0.03333333333333333 0.035
0 0.195 0.23583333333333334 0.03666666666666667 0.03833333333333333
0 0.1575 0.22166666666666668 0.018333333333333333 0.07
0 0.29083333333333333 0.21666666666666667 0.021666666666666667 0.05333333333333334
0 0.21833333333333332 0.21666666666666667 0.03333333333333333 0.02666666666666667
0 0.18666666666666668 0.20166666666666666 0.03333333333333333 0.04
0 0.21083333333333334 0.19166666666666668 0.025 0.02666666666666667
0 0.305 0.18666666666666668 0.023333333333333334 0.043333333333333335
0 0.28833333333333333 0.17833333333333334 0.03 0.04
0 0.3258333333333333 0.1725 0.028333333333333332 0.04833333333333333
0 0.18333333333333332 0.1725 0.02666666666666667 0.045
0 0.2758333333333333 0.16666666666666666 0.03166666666666667 0.03
0 0.16 0.15333333333333332 0.016666666666666666 0.05333333333333334
0 0.20083333333333334 0.15 0.03166666666666667 0.056666666666666664
0 0.27166666666666667 0.14666666666666667 0.03666666666666667 0.03666666666666667
0 0.3025 0.14 0.025 0.04
0 0.17666666666666667 0.1225 0.023333333333333334 0.051666666666666666
0 0.18416666666666667 0.08416666666666667 0.025 0.08166666666666667
0 0.9008333333333334 0.8783333333333333 0.03166666666666667 0.08666666666666667
0 0.7333333333333333 0.8633333333333333 0.02 0.03666666666666667
0 0.75 0.8566666666666667 0.016666666666666666 0.056666666666666664
0 0.7758333333333334 0.8625 0.018333333333333333 0.055
0 0.7616666666666667 0.8308333333333333 0.016666666666666666 0.041666666666666664
0 0.7433333333333333 0.8266666666666667 0.023333333333333334 0.043333333333333335
0 0.775 0.8191666666666667 0.013333333333333334 0.045
0 0.7291666666666666 0.8116666666666666 0.015 0.023333333333333334
0 0.7641666666666667 0.7958333333333333 0.018333333333333333 0.041666666666666664
0 0.6941666666666667 0.9825 0.021666666666666667 0.035
0 0.745 0.7966666666666666 0.02666666666666667 0.03666666666666667
0 0.7975 0.7691666666666667 0.021666666666666667 0.04833333333333333
0 0.7308333333333333 0.7691666666666667 0.025 0.028333333333333332
0 0.24333333333333335 0.7691666666666667 0.013333333333333334 0.025
0 0.7833333333333333 0.765 0.02 0.06333333333333334
0 0.7666666666666667 0.7583333333333333 0.02666666666666667 0.05
0 0.24333333333333335 0.7483333333333333 0.02 0.056666666666666664
0 0.8258333333333333 0.7391666666666666 0.018333333333333333 0.055
0 0.7066666666666667 0.7291666666666666 0.02 0.058333333333333334
0 0.8008333333333333 0.7158333333333333 0.021666666666666667 0.065
0 0.24083333333333334 0.7133333333333334 0.028333333333333332 0.04
0 0.7033333333333334 0.9666666666666667 0.02 0.06666666666666667
0 0.7833333333333333 0.7008333333333333 0.016666666666666666 0.06833333333333333
0 0.2625 0.695 0.025 0.03
0 0.8208333333333333 0.6916666666666667 0.011666666666666667 0.04
0 0.305 0.6825 0.02666666666666667 0.04833333333333333
0 0.23416666666666666 0.6791666666666667 0.028333333333333332 0.035
0 0.8316666666666667 0.6758333333333333 0.013333333333333334 0.06833333333333333
0 0.2575 0.6683333333333333 0.035 0.03
0 0.805 0.6641666666666667 0.02 0.055
0 0.8208333333333333 0.6533333333333333 0.015 0.04666666666666667
0 0.22583333333333333 0.6491666666666667 0.028333333333333332 0.045
0 0.845 0.6441666666666667 0.02 0.06833333333333333
0 0.25 0.6408333333333334 0.03333333333333333 0.028333333333333332
0 0.7916666666666666 0.625 0.013333333333333334 0.04666666666666667
0 0.8216666666666667 0.6166666666666667 0.02 0.04666666666666667
0 0.8341666666666666 0.6108333333333333 0.015 0.03166666666666667
0 0.805 0.6058333333333333 0.016666666666666666 0.075
0 0.49416666666666664 0.6041666666666666 0.021666666666666667 0.07166666666666667
0 0.8658333333333333 0.6 0.021666666666666667 0.05333333333333334
0 0.8416666666666667 0.5791666666666667 0.016666666666666666 0.051666666666666666
0 0.8225 0.5633333333333334 0.021666666666666667 0.07333333333333333
