0 0.5941666666666666 0.5025 0.018333333333333333 0.07166666666666667
0 0.5408333333333334 0.5041666666666667 0.015 0.085
0 0.595 0.0425 0.03333333333333333 0.035
0 0.5158333333333334 0.5441666666666667 0.018333333333333333 0.06833333333333333
0 0.5325 0.5391666666666667 0.015 0.058333333333333334
0 0.5766666666666667 0.5816666666666667 0.016666666666666666 0.08333333333333333
0 0.5291666666666667 0.5891666666666666 0.011666666666666667 0.06166666666666667
0 0.5158333333333334 0.6508333333333334 0.03833333333333333 0.04833333333333333
0 0.023333333333333334 0.6808333333333333 0.04666666666666667 0.058333333333333334
0 0.6108333333333333 0.7108333333333333 0.04833333333333333 0.058333333333333334
0 0.01 0.7266666666666667 0.02 0.05
0 0.6258333333333334 0.7708333333333334 0.025 0.07833333333333334
0 0.010833333333333334 0.7941666666666667 0.021666666666666667 0.09166666666666666
0 0.02 0.8675 0.04 0.085
0 0.010833333333333334 0.9308333333333333 0.021666666666666667 0.03166666666666667
0 0.6141666666666666 0.0875 0.035 0.041666666666666664
0 0.5666666666666667 0.1125 0.016666666666666666 0.065
0 0.585 0.13 0.02666666666666667 0.06
0 0.55 0.1475 0.016666666666666666 0.07166666666666667
0 0.5666666666666667 0.17083333333333334 0.016666666666666666 0.07166666666666667
0 0.5566666666666666 0.21083333333333334 0.016666666666666666 0.075
0 0.5366666666666666 0.245 0.016666666666666666 0.06666666666666667
0 0.5433333333333333 0.26916666666666667 0.013333333333333334 0.075
0 0.5558333333333333 0.2791666666666667 0.018333333333333333 0.075
0 0.5833333333333334 0.29583333333333334 0.023333333333333334 0.06166666666666667
0 0.5216666666666666 0.2966666666666667 0.016666666666666666 0.07333333333333333
0 0.6183333333333333 0.31416666666666665 0.02666666666666667 0.041666666666666664
0 0.5925 0.31416666666666665 0.028333333333333332 0.06833333333333333
0 0.6325 0.31916666666666665 0.03166666666666667 0.04833333333333333
0 0.53 0.33166666666666667 0.016666666666666666 0.08666666666666667
0 0.5975 0.3425 0.018333333333333333 0.051666666666666666
0 0.5533333333333333 0.3433333333333333 0.016666666666666666 0.06333333333333334
0 0.5733333333333334 0.35583333333333333 0.016666666666666666 0.045
0 0.6308333333333334 0.03 0.028333333333333332 0.06
0 0.545 0.37833333333333335 0.016666666666666666 0.07333333333333333
0 0.6133333333333333 0.3725 0.016666666666666666 0.06833333333333333
0 0.585 0.38666666666666666 0.016666666666666666 0.05333333333333334
0 0.5691666666666667 0.4083333333333333 0.018333333333333333 0.06
0 0.615 0.030833333333333334 0.03 0.06166666666666667
0 0.5516666666666666 0.42916666666666664 0.016666666666666666 0.06833333333333333
0 0.5825 0.43416666666666665 0.018333333333333333 0.058333333333333334
0 0.5975 0.435 0.018333333333333333 0.06
0 0.6225 0.4658333333333333 0.025 0.07833333333333334
0 0.5783333333333334 0.4841666666666667 0.02 0.06833333333333333
0 0.5625 0.4925 0.018333333333333333 0.07833333333333334
0 0.5091666666666667 0.49583333333333335 0.03833333333333333 0.055
