0 0.5658333333333333 0.4666666666666667 0.021666666666666667 0.07666666666666666
0 0.5516666666666666 0.49583333333333335 0.02 0.058333333333333334
0 0.5366666666666666 0.49583333333333335 0.03333333333333333 0.06833333333333333
0 0.5825 0.5216666666666666 0.018333333333333333 0.07333333333333333
0 0.5533333333333333 0.5283333333333333 0.023333333333333334 0.05333333333333334
0 0.6158333333333333 0.5341666666666667 0.041666666666666664 0.035
0 0.76 0.5416666666666666 0.043333333333333335 0.03333333333333333
0 0.5291666666666667 0.5466666666666666 0.021666666666666667 0.05333333333333334
0 0.67 0.5533333333333333 0.04 0.03
0 0.7058333333333333 0.5666666666666667 0.03833333333333333 0.043333333333333335
0 0.6683333333333333 0.5741666666666667 0.04 0.03833333333333333
0 0.37916666666666665 0.5983333333333334 0.025 0.06
0 0.2833333333333333 0.6091666666666666 0.02 0.08166666666666667
0 0.25333333333333335 0.6175 0.03666666666666667 0.041666666666666664
0 0.265 0.65 0.02 0.056666666666666664
0 0.21666666666666667 0.6516666666666666 0.03666666666666667 0.05
0 0.2841666666666667 0.6666666666666666 0.025 0.06
0 0.24166666666666667 0.6658333333333334 0.023333333333333334 0.058333333333333334
0 0.26416666666666666 0.6625 0.018333333333333333 0.07833333333333334
0 0.22333333333333333 0.6725 0.03 0.051666666666666666
0 0.25333333333333335 0.695 0.02 0.06333333333333334
0 0.22833333333333333 0.7241666666666666 0.016666666666666666 0.058333333333333334
0 0.21166666666666667 0.7283333333333334 0.023333333333333334 0.07333333333333333
0 0.245 0.7383333333333333 0.02 0.06333333333333334
0 0.215 0.775 0.023333333333333334 0.06
0 0.845 0.7733333333333333 0.04 0.03
0 0.8016666666666666 0.785 0.03333333333333333 0.04666666666666667
0 0.49666666666666665 0.2025 0.02 0.06833333333333333
0 0.47833333333333333 0.23666666666666666 0.016666666666666666 0.05333333333333334
0 0.48083333333333333 0.2733333333333333 0.018333333333333333 0.06333333333333334
0 0.6025 0.275 0.03833333333333333 0.03333333333333333
0 0.6125 0.3025 0.041666666666666664 0.035
0 0.6191666666666666 0.3325 0.03833333333333333 0.03833333333333333
0 0.6208333333333333 0.35833333333333334 0.03166666666666667 0.056666666666666664
0 0.5766666666666667 0.45666666666666667 0.02666666666666667 0.07
