0 0.8158333333333333 0.5483333333333333 0.065 0.06666666666666667
0 0.76 0.6516666666666666 0.03666666666666667 0.11333333333333333
0 0.49916666666666665 0.6675 0.04833333333333333 0.10833333333333334
0 0.3 0.7108333333333333 0.05333333333333334 0.09833333333333333
0 0.37833333333333335 0.8516666666666667 0.06666666666666667 0.06666666666666667
0 0.46416666666666667 0.9833333333333333 0.065 0.03333333333333333
0 0.5725 0.1 0.045 0.10333333333333333
0 0.6316666666666667 0.20666666666666667 0.03666666666666667 0.11
0 0.7391666666666666 0.21333333333333335 0.065 0.07666666666666666
0 0.8033333333333333 0.23666666666666666 0.05 0.10333333333333333
0 0.5258333333333334 0.2816666666666667 0.055 0.08333333333333333
0 0.7333333333333333 0.30666666666666664 0.06333333333333334 0.07
0 0.8341666666666666 0.31 0.07833333333333334 0.05
