0 0.8516666666666667 0.4675 0.023333333333333334 0.04833333333333333
0 0.8358333333333333 0.49333333333333335 0.028333333333333332 0.07333333333333333
0 0.7025 0.02666666666666667 0.025 0.05333333333333334
0 0.9075 0.515 0.028333333333333332 0.05
0 0.83 0.5308333333333334 0.03666666666666667 0.07833333333333334
0 0.1975 0.5316666666666666 0.03166666666666667 0.07
0 0.8633333333333333 0.58 0.03333333333333333 0.07666666666666666
0 0.10916666666666666 0.6408333333333334 0.03833333333333333 0.03833333333333333
0 0.8291666666666667 0.6483333333333333 0.028333333333333332 0.06333333333333334
0 0.8016666666666666 0.6608333333333334 0.03 0.06166666666666667
0 0.08416666666666667 0.6758333333333333 0.03833333333333333 0.045
0 0.7691666666666667 0.675 0.028333333333333332 0.03666666666666667
0 0.11583333333333333 0.6841666666666667 0.035 0.028333333333333332
0 0.14583333333333334 0.7 0.03833333333333333 0.03
0 0.77 0.7 0.02666666666666667 0.03333333333333333
0 0.8025 0.7075 0.03166666666666667 0.055
0 0.11916666666666667 0.7108333333333333 0.035 0.028333333333333332
0 0.7625 0.7325 0.051666666666666666 0.03166666666666667
0 0.10416666666666667 0.7383333333333333 0.035 0.03666666666666667
0 0.12416666666666666 0.7458333333333333 0.035 0.03833333333333333
0 0.7925 0.7508333333333334 0.041666666666666664 0.045
0 0.0675 0.7783333333333333 0.011666666666666667 0.04
0 0.1 0.7775 0.02 0.058333333333333334
0 0.08 0.79 0.02 0.07
0 0.09916666666666667 0.8108333333333333 0.018333333333333333 0.03833333333333333
0 0.12583333333333332 0.8333333333333334 0.025 0.043333333333333335
0 0.10416666666666667 0.8425 0.03166666666666667 0.051666666666666666
0 0.22833333333333333 0.8575 0.02666666666666667 0.058333333333333334
0 0.12666666666666668 0.8591666666666666 0.02666666666666667 0.041666666666666664
0 0.08166666666666667 0.8616666666666667 0.02 0.06
0 0.09916666666666667 0.8833333333333333 0.028333333333333332 0.05333333333333334
0 0.24333333333333335 0.8941666666666667 0.03333333333333333 0.035
0 0.16083333333333333 0.8966666666666666 0.03166666666666667 0.06
0 0.21833333333333332 0.8991666666666667 0.03666666666666667 0.03833333333333333
0 0.21 0.9091666666666667 0.03333333333333333 0.045
0 0.10333333333333333 0.9083333333333333 0.03 0.05333333333333334
0 0.2075 0.9341666666666667 0.025 0.03166666666666667
0 0.08166666666666667 0.9325 0.023333333333333334 0.065
0 0.24083333333333334 0.94 0.028333333333333332 0.05
0 0.10416666666666667 0.9666666666666667 0.025 0.06666666666666667
0 0.1225 0.9716666666666667 0.025 0.056666666666666664
0 0.26166666666666666 0.9933333333333333 0.02 0.013333333333333334
0 0.7525 0.15166666666666667 0.021666666666666667 0.05
0 0.7525 0.18 0.025 0.05
0 0.7333333333333333 0.19333333333333333 0.02666666666666667 0.04
0 0.7733333333333333 0.19 0.02 0.07333333333333333
0 0.755 0.2575 0.0033333333333333335 0.005
0 0.7491666666666666 0.24666666666666667 0.021666666666666667 0.03333333333333333
0 0.9566666666666667 0.25166666666666665 0.02666666666666667 0.07666666666666666
0 0.7783333333333333 0.25916666666666666 0.02 0.085
0 0.7033333333333334 0.013333333333333334 0.023333333333333334 0.02666666666666667
0 0.7058333333333333 0.2825 0.025 0.07166666666666667
0 0.13333333333333333 0.2816666666666667 0.02 0.02
0 0.8266666666666667 0.2991666666666667 0.023333333333333334 0.065
0 0.15416666666666667 0.305 0.03166666666666667 0.03333333333333333
0 0.12833333333333333 0.31083333333333335 0.023333333333333334 0.07166666666666667
0 0.15083333333333335 0.33 0.028333333333333332 0.03
0 0.7916666666666666 0.3383333333333333 0.023333333333333334 0.09
0 0.27666666666666667 0.3416666666666667 0.04 0.04
0 0.15333333333333332 0.3541666666666667 0.03333333333333333 0.045
0 0.8366666666666667 0.36666666666666664 0.013333333333333334 0.06
0 0.12416666666666666 0.3625 0.028333333333333332 0.045
0 0.8225 0.36833333333333335 0.018333333333333333 0.08666666666666667
0 0.81 0.38 0.016666666666666666 0.08333333333333333
0 0.855 0.38416666666666666 0.023333333333333334 0.07166666666666667
0 0.8691666666666666 0.38166666666666665 0.021666666666666667 0.07
0 0.1225 0.4 0.03166666666666667 0.05333333333333334
0 0.14083333333333334 0.4025 0.03166666666666667 0.035
0 0.8316666666666667 0.415 0.02 0.08
0 0.8483333333333334 0.435 0.023333333333333334 0.03333333333333333
0 0.44583333333333336 0.44333333333333336 0.035 0.056666666666666664
0 0.8775 0.47833333333333333 0.008333333333333333 0.016666666666666666
0 0.8733333333333333 0.4583333333333333 0.023333333333333334 0.06
