0 0.33 0.5441666666666667 0.016666666666666666 0.07166666666666667
0 0.7391666666666666 0.5375 0.021666666666666667 0.055
0 0.6983333333333334 0.53 0.023333333333333334 0.03333333333333333
0 0.7575 0.5316666666666666 0.018333333333333333 0.056666666666666664
0 0.7383333333333333 0.5058333333333334 0.02666666666666667 0.025
0 0.7091666666666666 0.48833333333333334 0.028333333333333332 0.06
0 0.6808333333333333 0.47833333333333333 0.018333333333333333 0.06666666666666667
0 0.7491666666666666 0.4816666666666667 0.028333333333333332 0.04
0 0.7291666666666666 0.475 0.021666666666666667 0.03666666666666667
0 0.7691666666666667 0.45916666666666667 0.015 0.06833333333333333
0 0.755 0.4558333333333333 0.02 0.06166666666666667
0 0.7383333333333333 0.445 0.02 0.03333333333333333
0 0.7058333333333333 0.4425 0.021666666666666667 0.055
0 0.7758333333333334 0.42583333333333334 0.018333333333333333 0.065
0 0.715 0.4191666666666667 0.02666666666666667 0.058333333333333334
0 0.7508333333333334 0.40166666666666667 0.025 0.05
0 0.7333333333333333 0.3958333333333333 0.03 0.06166666666666667
0 0.7691666666666667 0.37166666666666665 0.021666666666666667 0.07666666666666666
0 0.7558333333333334 0.3433333333333333 0.025 0.06666666666666667
0 0.37 0.3475 0.02666666666666667 0.06833333333333333
0 0.7583333333333333 0.3383333333333333 0.0033333333333333335 0.0033333333333333335
0 0.7525 0.3333333333333333 0.03166666666666667 0.08666666666666667
0 0.3933333333333333 0.3233333333333333 0.03333333333333333 0.05
0 0.2633333333333333 0.9625 0.02 0.075
0 0.4191666666666667 0.315 0.03833333333333333 0.06333333333333334
0 0.48 0.30833333333333335 0.016666666666666666 0.08333333333333333
0 0.7141666666666666 0.31166666666666665 0.025 0.08
0 0.74 0.29583333333333334 0.0033333333333333335 0.008333333333333333
0 0.7225 0.2816666666666667 0.028333333333333332 0.05333333333333334
0 0.425 0.27416666666666667 0.02 0.051666666666666666
0 0.41 0.26916666666666667 0.023333333333333334 0.06166666666666667
0 0.7516666666666667 0.25916666666666666 0.023333333333333334 0.045
0 0.44416666666666665 0.25083333333333335 0.021666666666666667 0.06166666666666667
0 0.7291666666666666 0.22666666666666666 0.008333333333333333 0.013333333333333334
0 0.7258333333333333 0.23666666666666666 0.028333333333333332 0.056666666666666664
0 0.7233333333333334 0.20333333333333334 0.03 0.06666666666666667
0 0.7308333333333333 0.18083333333333335 0.025 0.085
0 0.7441666666666666 0.17583333333333334 0.018333333333333333 0.075
0 0.36083333333333334 0.05583333333333333 0.028333333333333332 0.075
0 0.7541666666666667 0.0475 0.018333333333333333 0.07166666666666667
0 0.3725 0.01 0.018333333333333333 0.02
0 0.41 0.9191666666666667 0.02 0.058333333333333334
0 0.31416666666666665 0.905 0.03166666666666667 0.03
0 0.42916666666666664 0.8908333333333334 0.025 0.041666666666666664
0 0.2733333333333333 0.8958333333333334 0.02 0.06166666666666667
0 0.4033333333333333 0.8741666666666666 0.04 0.03166666666666667
0 0.38333333333333336 0.865 0.03333333333333333 0.03333333333333333
0 0.4508333333333333 0.8633333333333333 0.028333333333333332 0.03333333333333333
0 0.29083333333333333 0.8533333333333334 0.025 0.056666666666666664
0 0.5875 0.8433333333333334 0.028333333333333332 0.05333333333333334
0 0.4775 0.8441666666666666 0.035 0.055
0 0.42916666666666664 0.8383333333333334 0.035 0.03666666666666667
0 0.4533333333333333 0.8316666666666667 0.02666666666666667 0.043333333333333335
0 0.5683333333333334 0.8266666666666667 0.04 0.04666666666666667
0 0.615 0.8283333333333334 0.02666666666666667 0.03333333333333333
0 0.6125 0.8166666666666667 0.025 0.056666666666666664
0 0.54 0.815 0.03666666666666667 0.056666666666666664
0 0.48333333333333334 0.8033333333333333 0.03333333333333333 0.03666666666666667
0 0.6 0.7916666666666666 0.02666666666666667 0.05
0 0.4725 0.7866666666666666 0.035 0.04
0 0.6275 0.7716666666666666 0.03166666666666667 0.03333333333333333
0 0.5991666666666666 0.7558333333333334 0.025 0.065
0 0.35583333333333333 0.7558333333333334 0.025 0.021666666666666667
0 0.39916666666666667 0.7475 0.03833333333333333 0.051666666666666666
0 0.3883333333333333 0.735 0.02666666666666667 0.023333333333333334
0 0.36583333333333334 0.7275 0.03166666666666667 0.035
0 0.62 0.7283333333333334 0.023333333333333334 0.06333333333333334
0 0.3958333333333333 0.7108333333333333 0.03166666666666667 0.025
0 0.37416666666666665 0.7 0.028333333333333332 0.03333333333333333
0 0.35833333333333334 0.695 0.02 0.04666666666666667
0 0.4058333333333333 0.6833333333333333 0.035 0.03
0 0.6291666666666667 0.67 0.015 0.07333333333333333
0 0.38416666666666666 0.6616666666666666 0.028333333333333332 0.043333333333333335
0 0.32 0.6625 0.02 0.065
0 0.6691666666666667 0.66 0.021666666666666667 0.07333333333333333
0 0.4091666666666667 0.6475 0.021666666666666667 0.04833333333333333
0 0.42583333333333334 0.6458333333333334 0.028333333333333332 0.045
0 0.7375 0.6441666666666667 0.035 0.041666666666666664
0 0.7066666666666667 0.6366666666666667 0.02666666666666667 0.023333333333333334
0 0.6825 0.6308333333333334 0.018333333333333333 0.07833333333333334
0 0.32916666666666666 0.6266666666666667 0.011666666666666667 0.043333333333333335
0 0.73 0.6225 0.03333333333333333 0.03166666666666667
0 0.6616666666666666 0.6191666666666666 0.016666666666666666 0.065
0 0.5925 0.6175 0.028333333333333332 0.065
0 0.43583333333333335 0.6058333333333333 0.025 0.041666666666666664
0 0.6516666666666666 0.6016666666666667 0.013333333333333334 0.07666666666666666
0 0.7108333333333333 0.5958333333333333 0.035 0.03833333333333333
0 0.7358333333333333 0.5908333333333333 0.03166666666666667 0.03166666666666667
0 0.7533333333333333 0.5808333333333333 0.016666666666666666 0.065
0 0.4083333333333333 0.58 0.043333333333333335 0.03666666666666667
0 0.7033333333333334 0.5566666666666666 0.03333333333333333 0.03333333333333333
0 0.7266666666666667 0.5583333333333333 0.02666666666666667 0.03666666666666667
