0 0.11 0.4583333333333333 0.08 0.06666666666666667
0 0.9275 0.4741666666666667 0.075 0.055
0 0.19 0.4775 0.08333333333333333 0.065
0 0.175 0.5366666666666666 0.07666666666666666 0.06
0 0.19833333333333333 0.6258333333333334 0.07 0.115
0 0.15916666666666668 0.6275 0.041666666666666664 0.125
0 0.225 0.6741666666666667 0.06333333333333334 0.11166666666666666
0 0.47833333333333333 0.7416666666666667 0.07666666666666666 0.06
0 0.195 0.050833333333333335 0.03333333333333333 0.10166666666666667
0 0.6675 0.8875 0.051666666666666666 0.12166666666666667
0 0.6516666666666666 0.97 0.06666666666666667 0.06
0 0.6708333333333333 0.10333333333333333 0.07166666666666667 0.06333333333333334
0 0.8266666666666667 0.115 0.06666666666666667 0.08666666666666667
0 0.9808333333333333 0.20916666666666667 0.03833333333333333 0.06166666666666667
0 0.575 0.2633333333333333 0.05333333333333334 0.10333333333333333
0 0.6525 0.006666666666666667 0.04833333333333333 0.013333333333333334
0 0.145 0.38416666666666666 0.07333333333333333 0.07166666666666667
0 0.95 0.3983333333333333 0.07333333333333333 0.06333333333333334
