0 0.43916666666666665 0.47 0.03166666666666667 0.056666666666666664
0 0.10833333333333334 0.48583333333333334 0.016666666666666666 0.04833333333333333
0 0.46416666666666667 0.49333333333333335 0.021666666666666667 0.06
0 0.155 0.49416666666666664 0.02666666666666667 0.025
0 0.8975 0.49916666666666665 0.021666666666666667 0.051666666666666666
0 0.1325 0.5075 0.03166666666666667 0.058333333333333334
0 0.135 0.5041666666666667 0.02666666666666667 0.051666666666666666
0 0.10333333333333333 0.5091666666666667 0.02 0.06166666666666667
0 0.09666666666666666 0.5441666666666667 0.016666666666666666 0.051666666666666666
0 0.1225 0.5508333333333333 0.018333333333333333 0.055
0 0.7766666666666666 0.56 0.043333333333333335 0.05
0 0.11 0.5716666666666667 0.02 0.05333333333333334
0 0.7691666666666667 0.5883333333333334 0.041666666666666664 0.03333333333333333
0 0.13166666666666665 0.59 0.02666666666666667 0.03666666666666667
0 0.5025 0.5908333333333333 0.045 0.035
0 0.10583333333333333 0.5983333333333334 0.028333333333333332 0.05333333333333334
0 0.7758333333333334 0.6125 0.03833333333333333 0.045
0 0.7433333333333333 0.6141666666666666 0.043333333333333335 0.03166666666666667
0 0.6975 0.625 0.028333333333333332 0.03333333333333333
0 0.13416666666666666 0.6283333333333333 0.03166666666666667 0.04666666666666667
0 0.8841666666666667 0.6275 0.028333333333333332 0.07833333333333334
0 0.21 0.63 0.02666666666666667 0.06333333333333334
0 0.9433333333333334 0.63 0.02666666666666667 0.06333333333333334
0 0.11 0.060833333333333336 0.03333333333333333 0.041666666666666664
0 0.7816666666666666 0.645 0.03666666666666667 0.06
0 0.7708333333333334 0.6483333333333333 0.015 0.03333333333333333
0 0.755 0.6591666666666667 0.016666666666666666 0.06166666666666667
0 0.1425 0.6675 0.03166666666666667 0.041666666666666664
0 0.7925 0.67 0.021666666666666667 0.056666666666666664
0 0.7458333333333333 0.6741666666666667 0.021666666666666667 0.08166666666666667
0 0.2941666666666667 0.6825 0.018333333333333333 0.07166666666666667
0 0.9491666666666667 0.6916666666666667 0.021666666666666667 0.06666666666666667
0 0.7666666666666667 0.6925 0.03333333333333333 0.03166666666666667
0 0.7716666666666666 0.7108333333333333 0.03333333333333333 0.021666666666666667
0 0.8991666666666667 0.7141666666666666 0.035 0.058333333333333334
0 0.7925 0.7275 0.035 0.051666666666666666
0 0.765 0.7291666666666666 0.04 0.021666666666666667
0 0.275 0.735 0.023333333333333334 0.06333333333333334
0 0.9208333333333333 0.7358333333333333 0.021666666666666667 0.055
0 0.7941666666666667 0.7358333333333333 0.03166666666666667 0.03833333333333333
0 0.30083333333333334 0.7441666666666666 0.015 0.058333333333333334
0 0.7533333333333333 0.7516666666666667 0.05 0.03
0 0.7783333333333333 0.7783333333333333 0.006666666666666667 0.0033333333333333335
0 0.7866666666666666 0.7691666666666667 0.03 0.025
0 0.1525 0.8833333333333333 0.021666666666666667 0.07
0 0.9608333333333333 0.9033333333333333 0.021666666666666667 0.05333333333333334
0 0.14916666666666667 0.9366666666666666 0.03166666666666667 0.07
0 0.7933333333333333 0.11 0.03666666666666667 0.06
0 0.08916666666666667 0.11666666666666667 0.03166666666666667 0.07666666666666666
0 0.785 0.14916666666666667 0.04 0.06166666666666667
0 0.2975 0.1975 0.021666666666666667 0.07833333333333334
0 0.7983333333333333 0.26916666666666667 0.03 0.07166666666666667
0 0.1025 0.2891666666666667 0.025 0.025
0 0.12166666666666667 0.30833333333333335 0.02 0.06
0 0.09833333333333333 0.33916666666666667 0.013333333333333334 0.055
0 0.125 0.33916666666666667 0.023333333333333334 0.06166666666666667
0 0.10916666666666666 0.33416666666666667 0.018333333333333333 0.06166666666666667
0 0.14916666666666667 0.37166666666666665 0.021666666666666667 0.05
0 0.12 0.37833333333333335 0.023333333333333334 0.06
0 0.44166666666666665 0.385 0.03 0.07
0 0.1025 0.395 0.018333333333333333 0.056666666666666664
0 0.13083333333333333 0.3958333333333333 0.018333333333333333 0.051666666666666666
0 0.16 0.4025 0.02 0.065
0 0.1075 0.4241666666666667 0.005 0.005
0 0.3825 0.4141666666666667 0.015 0.07166666666666667
0 0.12 0.41083333333333333 0.02 0.035
0 0.15333333333333332 0.43166666666666664 0.023333333333333334 0.08666666666666667
0 0.09333333333333334 0.43333333333333335 0.016666666666666666 0.06333333333333334
0 0.44166666666666665 0.4425 0.03666666666666667 0.041666666666666664
0 0.10916666666666666 0.44416666666666665 0.025 0.045
0 0.13833333333333334 0.44666666666666666 0.016666666666666666 0.06333333333333334
0 0.46166666666666667 0.45166666666666666 0.016666666666666666 0.02666666666666667
0 0.12666666666666668 0.45166666666666666 0.016666666666666666 0.05
0 0.175 0.4558333333333333 0.02 0.028333333333333332
0 0.1575 0.465 0.021666666666666667 0.043333333333333335
