0 0.38 0.5266666666666666 0.04 0.05
0 0.35583333333333333 0.52 0.041666666666666664 0.06
0 0.39916666666666667 0.515 0.035 0.043333333333333335
0 0.37166666666666665 0.4741666666666667 0.03333333333333333 0.041666666666666664
0 0.5016666666666667 0.4675 0.023333333333333334 0.07166666666666667
0 0.6475 0.4625 0.03833333333333333 0.045
0 0.4425 0.405 0.015 0.05333333333333334
0 0.4508333333333333 0.4 0.018333333333333333 0.07666666666666666
0 0.06833333333333333 0.335 0.03333333333333333 0.07666666666666666
0 0.5541666666666667 0.92 0.021666666666666667 0.06
0 0.5291666666666667 0.8733333333333333 0.025 0.06666666666666667
0 0.5458333333333333 0.86 0.021666666666666667 0.07333333333333333
0 0.44 0.8583333333333333 0.043333333333333335 0.03666666666666667
0 0.46 0.8225 0.03666666666666667 0.04833333333333333
0 0.5391666666666667 0.7966666666666666 0.018333333333333333 0.07666666666666666
0 0.49083333333333334 0.75 0.025 0.08
0 0.5558333333333333 0.6966666666666667 0.025 0.07666666666666666
0 0.5991666666666666 0.6125 0.025 0.06166666666666667
0 0.5525 0.6025 0.03833333333333333 0.07833333333333334
0 0.44166666666666665 0.5808333333333333 0.03333333333333333 0.06166666666666667
0 0.415 0.5566666666666666 0.03 0.043333333333333335
