0 0.9125 0.5675 0.0016666666666666668 0.0016666666666666668
0 0.8991666666666667 0.5525 0.018333333333333333 0.03833333333333333
0 0.5466666666666666 0.5508333333333333 0.016666666666666666 0.07166666666666667
0 0.8841666666666667 0.535 0.028333333333333332 0.07666666666666666
0 0.21 0.53 0.03333333333333333 0.04
0 0.2175 0.9866666666666667 0.035 0.02666666666666667
0 0.895 0.5225 0.01 0.06833333333333333
0 0.22583333333333333 0.49583333333333335 0.041666666666666664 0.03833333333333333
0 0.8991666666666667 0.49 0.021666666666666667 0.08
0 0.8783333333333333 0.4816666666666667 0.02 0.06
0 0.49916666666666665 0.4775 0.041666666666666664 0.035
0 0.2375 0.4633333333333333 0.03833333333333333 0.03
0 0.21666666666666667 0.4625 0.04 0.04833333333333333
0 0.041666666666666664 0.4583333333333333 0.03 0.06333333333333334
0 0.915 0.4525 0.016666666666666666 0.055
0 0.10416666666666667 0.4508333333333333 0.028333333333333332 0.08166666666666667
0 0.2608333333333333 0.44333333333333336 0.03166666666666667 0.03333333333333333
0 0.9308333333333333 0.9875 0.035 0.025
0 0.905 0.44083333333333335 0.023333333333333334 0.08166666666666667
0 0.8691666666666666 0.44166666666666665 0.021666666666666667 0.06
0 0.21083333333333334 0.43 0.035 0.056666666666666664
0 0.06666666666666667 0.4216666666666667 0.023333333333333334 0.07666666666666666
0 0.8891666666666667 0.4225 0.021666666666666667 0.06166666666666667
0 0.22583333333333333 0.4225 0.021666666666666667 0.041666666666666664
0 0.9233333333333333 0.4191666666666667 0.013333333333333334 0.051666666666666666
0 0.2425 0.42083333333333334 0.018333333333333333 0.04833333333333333
0 0.8575 0.4125 0.018333333333333333 0.065
0 0.19833333333333333 0.4091666666666667 0.02666666666666667 0.06166666666666667
0 0.825 0.4058333333333333 0.03 0.065
0 0.8766666666666667 0.395 0.023333333333333334 0.04666666666666667
0 0.91 0.395 0.016666666666666666 0.056666666666666664
0 0.24833333333333332 0.3875 0.02666666666666667 0.07833333333333334
0 0.03333333333333333 0.3883333333333333 0.023333333333333334 0.08333333333333333
0 0.22583333333333333 0.38416666666666666 0.03166666666666667 0.035
0 0.8916666666666667 0.37 0.02666666666666667 0.043333333333333335
0 0.2225 0.3675 0.03833333333333333 0.025
0 0.06416666666666666 0.36333333333333334 0.021666666666666667 0.06
0 0.19333333333333333 0.3625 0.03 0.07833333333333334
0 0.8566666666666667 0.36083333333333334 0.02666666666666667 0.051666666666666666
0 0.7358333333333333 0.355 0.021666666666666667 0.07
0 0.22833333333333333 0.3441666666666667 0.05 0.025
0 0.7483333333333333 0.3275 0.023333333333333334 0.065
0 0.2275 0.31916666666666665 0.051666666666666666 0.028333333333333332
0 0.19666666666666666 0.31416666666666665 0.02 0.021666666666666667
0 0.7275 0.2975 0.015 0.06833333333333333
0 0.215 0.2991666666666667 0.03 0.018333333333333333
0 0.025833333333333333 0.25333333333333335 0.025 0.06666666666666667
0 0.8875 0.12833333333333333 0.021666666666666667 0.06333333333333334
0 0.94 0.9633333333333334 0.04 0.03666666666666667
0 0.8908333333333334 0.06916666666666667 0.035 0.06833333333333333
0 0.22083333333333333 0.9591666666666666 0.041666666666666664 0.08166666666666667
0 0.7333333333333333 0.8658333333333333 0.023333333333333334 0.07833333333333334
0 0.2075 0.8216666666666667 0.03166666666666667 0.06666666666666667
0 0.9408333333333333 0.7558333333333334 0.028333333333333332 0.03166666666666667
0 0.9166666666666666 0.745 0.023333333333333334 0.06
0 0.9158333333333334 0.7191666666666666 0.025 0.07833333333333334
0 0.9333333333333333 0.7116666666666667 0.02 0.06666666666666667
0 0.6458333333333334 0.7008333333333333 0.015 0.08166666666666667
0 0.5725 0.6975 0.025 0.08166666666666667
0 0.8883333333333333 0.6783333333333333 0.02666666666666667 0.056666666666666664
0 0.9241666666666667 0.6783333333333333 0.025 0.06
0 0.9375 0.6716666666666666 0.018333333333333333 0.06
0 0.9091666666666667 0.6516666666666666 0.018333333333333333 0.05333333333333334
0 0.8658333333333333 0.6158333333333333 0.0016666666666666668 0.0016666666666666668
0 0.9216666666666666 0.6291666666666667 0.016666666666666666 0.03833333333333333
0 0.8916666666666667 0.6191666666666666 0.016666666666666666 0.06833333333333333
0 0.8675 0.6133333333333333 0.015 0.04
0 0.57 0.6108333333333333 0.03666666666666667 0.055
0 0.55 0.6033333333333334 0.02 0.03333333333333333
0 0.9033333333333333 0.6025 0.02 0.06166666666666667
0 0.09666666666666666 0.5883333333333334 0.023333333333333334 0.05333333333333334
0 0.8841666666666667 0.5833333333333334 0.018333333333333333 0.04
0 0.9141666666666667 0.5741666666666667 0.018333333333333333 0.07166666666666667
0 0.5683333333333334 0.5783333333333334 0.03333333333333333 0.06
0 0.8666666666666667 0.5708333333333333 0.02 0.055
