0 0.37083333333333335 0.5558333333333333 0.035 0.051666666666666666
0 0.33 0.535 0.04 0.03333333333333333
0 0.28 0.5333333333333333 0.03666666666666667 0.04666666666666667
0 0.8725 0.525 0.015 0.06333333333333334
0 0.25416666666666665 0.5225 0.028333333333333332 0.055
0 0.3541666666666667 0.5133333333333333 0.018333333333333333 0.06
0 0.8833333333333333 0.5175 0.023333333333333334 0.07833333333333334
0 0.2966666666666667 0.5133333333333333 0.03666666666666667 0.043333333333333335
0 0.31833333333333336 0.5025 0.03666666666666667 0.03166666666666667
0 0.8366666666666667 0.4875 0.023333333333333334 0.075
0 0.3725 0.48833333333333334 0.028333333333333332 0.07333333333333333
0 0.3516666666666667 0.48333333333333334 0.02666666666666667 0.056666666666666664
0 0.25666666666666665 0.48833333333333334 0.03666666666666667 0.04
0 0.21583333333333332 0.4741666666666667 0.03166666666666667 0.03833333333333333
0 0.3225 0.4766666666666667 0.035 0.03333333333333333
0 0.19916666666666666 0.47583333333333333 0.025 0.055
0 0.3025 0.47 0.03833333333333333 0.05
0 0.27 0.47333333333333333 0.03666666666666667 0.02666666666666667
0 0.86 0.4666666666666667 0.03 0.04
0 0.2841666666666667 0.4483333333333333 0.041666666666666664 0.03
0 0.3541666666666667 0.44333333333333336 0.035 0.04666666666666667
0 0.9166666666666666 0.44416666666666665 0.03666666666666667 0.065
0 0.22166666666666668 0.4533333333333333 0.03333333333333333 0.05
0 0.8633333333333333 0.43833333333333335 0.02666666666666667 0.05
0 0.23333333333333334 0.44 0.03666666666666667 0.03
0 0.3333333333333333 0.44333333333333336 0.02666666666666667 0.04666666666666667
0 0.2625 0.44 0.03166666666666667 0.02666666666666667
0 0.19833333333333333 0.4325 0.03333333333333333 0.051666666666666666
0 0.8383333333333334 0.42833333333333334 0.03666666666666667 0.04
0 0.12333333333333334 0.41833333333333333 0.03 0.07666666666666666
0 0.3283333333333333 0.4225 0.02666666666666667 0.04833333333333333
0 0.31 0.4166666666666667 0.03333333333333333 0.043333333333333335
0 0.2875 0.41333333333333333 0.03166666666666667 0.03666666666666667
0 0.22583333333333333 0.4141666666666667 0.03833333333333333 0.025
0 0.27666666666666667 0.395 0.03333333333333333 0.056666666666666664
0 0.21416666666666667 0.39416666666666667 0.03833333333333333 0.025
0 0.24916666666666668 0.39916666666666667 0.03166666666666667 0.035
0 0.35583333333333333 0.38666666666666666 0.021666666666666667 0.06666666666666667
0 0.335 0.37583333333333335 0.02666666666666667 0.055
0 0.31833333333333336 0.37583333333333335 0.02 0.041666666666666664
0 0.2175 0.37083333333333335 0.041666666666666664 0.03166666666666667
0 0.2658333333333333 0.355 0.045 0.05
0 0.875 0.3416666666666667 0.02666666666666667 0.07666666666666666
0 0.3775 0.3325 0.025 0.07166666666666667
0 0.3925 0.32166666666666666 0.03166666666666667 0.07666666666666666
0 0.955 0.9758333333333333 0.02 0.04833333333333333
0 0.3983333333333333 0.2633333333333333 0.02666666666666667 0.06
0 0.42583333333333334 0.2675 0.03833333333333333 0.035
0 0.8841666666666667 0.09 0.028333333333333332 0.08
0 0.9758333333333333 0.97 0.021666666666666667 0.06
0 0.635 0.018333333333333333 0.02666666666666667 0.03666666666666667
0 0.9608333333333333 0.945 0.021666666666666667 0.056666666666666664
0 0.9408333333333333 0.92 0.021666666666666667 0.06666666666666667
0 0.9516666666666667 0.8983333333333333 0.02 0.04
0 0.9191666666666667 0.8891666666666667 0.021666666666666667 0.08166666666666667
0 0.9466666666666667 0.8525 0.03333333333333333 0.06166666666666667
0 0.92 0.8133333333333334 0.02 0.08
0 0.9158333333333334 0.7325 0.021666666666666667 0.07833333333333334
0 0.9266666666666666 0.655 0.023333333333333334 0.07
0 0.38083333333333336 0.6025 0.04833333333333333 0.03833333333333333
