0 0.5616666666666666 0.5416666666666666 0.03666666666666667 0.03333333333333333
0 0.5716666666666667 0.4875 0.02 0.07166666666666667
0 0.5166666666666667 0.14666666666666667 0.02666666666666667 0.08666666666666667
0 0.5116666666666667 0.09166666666666666 0.013333333333333334 0.043333333333333335
0 0.25916666666666666 0.7516666666666667 0.021666666666666667 0.06
0 0.2866666666666667 0.7433333333333333 0.03333333333333333 0.05
0 0.5233333333333333 0.73 0.02 0.07
0 0.5033333333333333 0.72 0.023333333333333334 0.03333333333333333
0 0.32416666666666666 0.7158333333333333 0.035 0.035
0 0.26916666666666667 0.7075 0.035 0.035
0 0.5325 0.6983333333333334 0.021666666666666667 0.056666666666666664
0 0.30333333333333334 0.7025 0.03 0.035
0 0.5633333333333334 0.6833333333333333 0.02 0.06666666666666667
0 0.5541666666666667 0.6816666666666666 0.018333333333333333 0.07333333333333333
0 0.4691666666666667 0.6783333333333333 0.035 0.05
0 0.31833333333333336 0.6766666666666666 0.03333333333333333 0.02666666666666667
0 0.5075 0.6741666666666667 0.035 0.03833333333333333
0 0.5325 0.665 0.028333333333333332 0.056666666666666664
0 0.42833333333333334 0.6433333333333333 0.03 0.06333333333333334
0 0.505 0.6408333333333334 0.03 0.035
0 0.4766666666666667 0.6391666666666667 0.043333333333333335 0.035
0 0.5425 0.625 0.021666666666666667 0.06333333333333334
0 0.5225 0.6175 0.028333333333333332 0.04833333333333333
0 0.5541666666666667 0.6158333333333333 0.028333333333333332 0.065
