0 0.3775 0.4725 0.03833333333333333 0.03833333333333333
0 0.05333333333333334 0.4725 0.016666666666666666 0.058333333333333334
0 0.38916666666666666 0.49083333333333334 0.0016666666666666668 0.0016666666666666668
0 0.9875 0.48 0.025 0.05
0 0.04083333333333333 0.495 0.015 0.06333333333333334
0 0.07 0.4925 0.016666666666666666 0.03833333333333333
0 0.8491666666666666 0.49583333333333335 0.021666666666666667 0.051666666666666666
0 0.38166666666666665 0.5016666666666667 0.03333333333333333 0.056666666666666664
0 0.0875 0.5041666666666667 0.018333333333333333 0.055
0 0.0425 0.52 0.018333333333333333 0.03666666666666667
0 0.05416666666666667 0.5233333333333333 0.015 0.04
0 0.07416666666666667 0.5316666666666666 0.021666666666666667 0.04666666666666667
0 0.40166666666666667 0.5275 0.016666666666666666 0.07166666666666667
0 0.735 0.5533333333333333 0.03333333333333333 0.03666666666666667
0 0.060833333333333336 0.5516666666666666 0.018333333333333333 0.056666666666666664
0 0.075 0.5841666666666666 0.02 0.055
0 0.7191666666666666 0.5883333333333334 0.041666666666666664 0.03666666666666667
0 0.4483333333333333 0.605 0.04 0.03666666666666667
0 0.06166666666666667 0.6083333333333333 0.016666666666666666 0.05333333333333334
0 0.043333333333333335 0.6158333333333333 0.02 0.065
0 0.9016666666666666 0.6275 0.02666666666666667 0.06166666666666667
0 0.7 0.6233333333333333 0.043333333333333335 0.03
0 0.725 0.6258333333333334 0.03666666666666667 0.045
0 0.08583333333333333 0.6325 0.021666666666666667 0.04833333333333333
0 0.8408333333333333 0.6325 0.028333333333333332 0.07833333333333334
0 0.06416666666666666 0.6466666666666666 0.025 0.06
0 0.030833333333333334 0.6516666666666666 0.011666666666666667 0.05
0 0.05333333333333334 0.6516666666666666 0.016666666666666666 0.04666666666666667
0 0.735 0.6525 0.03 0.065
0 0.6733333333333333 0.6533333333333333 0.03333333333333333 0.02666666666666667
0 0.7183333333333334 0.6608333333333334 0.02 0.03833333333333333
0 0.12833333333333333 0.6666666666666666 0.03 0.06333333333333334
0 0.8725 0.6683333333333333 0.028333333333333332 0.07
0 0.07666666666666666 0.6741666666666667 0.03 0.041666666666666664
0 0.04416666666666667 0.6766666666666666 0.018333333333333333 0.056666666666666664
0 0.7433333333333333 0.68 0.02 0.056666666666666664
0 0.08833333333333333 0.6866666666666666 0.03333333333333333 0.043333333333333335
0 0.9916666666666667 0.7 0.016666666666666666 0.056666666666666664
0 0.91 0.6925 0.023333333333333334 0.06166666666666667
0 0.6975 0.6933333333333334 0.025 0.06666666666666667
0 0.7166666666666667 0.7025 0.03333333333333333 0.03166666666666667
0 0.06333333333333334 0.7033333333333334 0.02666666666666667 0.04666666666666667
0 0.21583333333333332 0.7166666666666667 0.018333333333333333 0.06666666666666667
0 0.04416666666666667 0.7158333333333333 0.035 0.045
0 0.7175 0.7225 0.041666666666666664 0.021666666666666667
0 0.7508333333333334 0.73 0.021666666666666667 0.05333333333333334
0 0.7491666666666666 0.7283333333333334 0.025 0.06
0 0.20333333333333334 0.7416666666666667 0.02 0.06
0 0.715 0.7425 0.04666666666666667 0.021666666666666667
0 0.8808333333333334 0.7391666666666666 0.021666666666666667 0.058333333333333334
0 0.715 0.765 0.05 0.03
0 0.745 0.77 0.02 0.02
0 0.22416666666666665 0.775 0.015 0.07
0 0.7308333333333333 0.7825 0.025 0.018333333333333333
0 0.9283333333333333 0.8825 0.023333333333333334 0.055
0 0.06666666666666667 0.9383333333333334 0.023333333333333334 0.06
0 0.055 0.9816666666666667 0.02666666666666667 0.03666666666666667
0 0.0275 0.0825 0.035 0.041666666666666664
0 0.7333333333333333 0.08583333333333333 0.04 0.051666666666666666
0 0.020833333333333332 0.11916666666666667 0.041666666666666664 0.041666666666666664
0 0.7275 0.13333333333333333 0.03833333333333333 0.06666666666666667
0 0.22083333333333333 0.21333333333333335 0.021666666666666667 0.07666666666666666
0 0.74 0.26 0.03 0.07
0 0.0175 0.315 0.025 0.02666666666666667
0 0.03833333333333333 0.32416666666666666 0.02 0.045
0 0.020833333333333332 0.38666666666666666 0.0016666666666666668 0.0033333333333333335
0 0.041666666666666664 0.37083333333333335 0.02 0.055
0 0.375 0.3875 0.02666666666666667 0.075
0 0.305 0.385 0.016666666666666666 0.07666666666666666
0 0.07333333333333333 0.39416666666666667 0.03666666666666667 0.051666666666666666
0 0.0325 0.3958333333333333 0.021666666666666667 0.055
0 0.019166666666666665 0.4025 0.018333333333333333 0.055
0 0.0475 0.42583333333333334 0.018333333333333333 0.051666666666666666
0 0.07333333333333333 0.42583333333333334 0.023333333333333334 0.065
0 0.035 0.44416666666666665 0.016666666666666666 0.03833333333333333
0 0.065 0.44916666666666666 0.016666666666666666 0.06166666666666667
0 0.0875 0.4608333333333333 0.018333333333333333 0.035
