0 0.6216666666666667 0.5616666666666666 0.02 0.05
0 0.61 0.5516666666666666 0.016666666666666666 0.05333333333333334
0 0.5833333333333334 0.5391666666666667 0.02 0.055
0 0.635 0.5283333333333333 0.016666666666666666 0.05
0 0.6041666666666666 0.5233333333333333 0.015 0.06
0 0.5933333333333334 0.5175 0.013333333333333334 0.055
0 0.6183333333333333 0.5108333333333334 0.013333333333333334 0.03833333333333333
0 0.6233333333333333 0.4925 0.01 0.04833333333333333
0 0.5508333333333333 0.4866666666666667 0.018333333333333333 0.07
0 0.5391666666666667 0.4841666666666667 0.011666666666666667 0.04833333333333333
0 0.5108333333333334 0.48083333333333333 0.021666666666666667 0.04833333333333333
0 0.5833333333333334 0.4816666666666667 0.016666666666666666 0.06333333333333334
0 0.6141666666666666 0.4691666666666667 0.011666666666666667 0.051666666666666666
0 0.6025 0.4658333333333333 0.015 0.055
0 0.5066666666666667 0.4575 0.02666666666666667 0.058333333333333334
0 0.6308333333333334 0.4508333333333333 0.015 0.06166666666666667
0 0.5666666666666667 0.44583333333333336 0.016666666666666666 0.075
0 0.5266666666666666 0.44333333333333336 0.016666666666666666 0.06666666666666667
0 0.5891666666666666 0.44666666666666666 0.015 0.07
0 0.6241666666666666 0.4241666666666667 0.015 0.055
0 0.6033333333333334 0.4116666666666667 0.016666666666666666 0.06
0 0.5058333333333334 0.41083333333333333 0.018333333333333333 0.06833333333333333
0 0.5783333333333334 0.4091666666666667 0.016666666666666666 0.065
0 0.525 0.38666666666666666 0.013333333333333334 0.06
0 0.5975 0.3775 0.025 0.045
0 0.5425 0.3725 0.025 0.045
0 0.8158333333333333 0.9858333333333333 0.015 0.028333333333333332
0 0.5725 0.3725 0.018333333333333333 0.058333333333333334
0 0.5033333333333333 0.37166666666666665 0.023333333333333334 0.05333333333333334
0 0.6166666666666667 0.36583333333333334 0.02 0.055
0 0.5991666666666666 0.35083333333333333 0.028333333333333332 0.041666666666666664
0 0.5483333333333333 0.345 0.03333333333333333 0.04
0 0.6 0.34833333333333333 0.02666666666666667 0.03666666666666667
0 0.6 0.31833333333333336 0.02 0.043333333333333335
0 0.5508333333333333 0.31166666666666665 0.021666666666666667 0.04666666666666667
0 0.5883333333333334 0.31666666666666665 0.02 0.06
0 0.5508333333333333 0.2866666666666667 0.025 0.05
0 0.5741666666666667 0.2633333333333333 0.018333333333333333 0.05333333333333334
0 0.5491666666666667 0.255 0.021666666666666667 0.056666666666666664
0 0.5708333333333333 0.225 0.021666666666666667 0.043333333333333335
0 0.5441666666666667 0.225 0.021666666666666667 0.07
0 0.5675 0.20416666666666666 0.028333333333333332 0.041666666666666664
0 0.545 0.1875 0.03 0.058333333333333334
0 0.5983333333333334 0.1725 0.03 0.035
0 0.5775 0.17 0.028333333333333332 0.03333333333333333
0 0.8008333333333333 0.9675 0.018333333333333333 0.065
0 0.5558333333333333 0.14666666666666667 0.028333333333333332 0.03666666666666667
0 0.5791666666666667 0.145 0.028333333333333332 0.03666666666666667
0 0.6083333333333333 0.1375 0.02666666666666667 0.03833333333333333
0 0.6091666666666666 0.15083333333333335 0.0016666666666666668 0.0016666666666666668
0 0.6108333333333333 0.11416666666666667 0.025 0.051666666666666666
0 0.5925 0.10166666666666667 0.03166666666666667 0.05333333333333334
0 0.6258333333333334 0.06416666666666666 0.025 0.04833333333333333
0 0.62 0.04833333333333333 0.03333333333333333 0.043333333333333335
0 0.5858333333333333 0.9383333333333334 0.035 0.02666666666666667
0 0.9383333333333334 0.9325 0.03333333333333333 0.055
0 0.5441666666666667 0.9266666666666666 0.03833333333333333 0.043333333333333335
0 0.5625 0.9175 0.03833333333333333 0.035
0 0.5908333333333333 0.9108333333333334 0.03166666666666667 0.025
0 0.5691666666666667 0.8941666666666667 0.041666666666666664 0.03166666666666667
0 0.6066666666666667 0.8841666666666667 0.03333333333333333 0.035
0 0.3358333333333333 0.85 0.021666666666666667 0.03
0 0.35583333333333333 0.8375 0.03166666666666667 0.028333333333333332
0 0.48583333333333334 0.8341666666666666 0.03166666666666667 0.028333333333333332
0 0.33166666666666667 0.8241666666666667 0.03 0.028333333333333332
0 0.445 0.8241666666666667 0.03666666666666667 0.03166666666666667
0 0.30666666666666664 0.8233333333333334 0.03 0.06
0 0.5133333333333333 0.8208333333333333 0.03 0.041666666666666664
0 0.2891666666666667 0.8225 0.018333333333333333 0.058333333333333334
0 0.315 0.8125 0.02 0.015
0 0.4875 0.81 0.041666666666666664 0.02666666666666667
0 0.5358333333333334 0.8033333333333333 0.025 0.02
0 0.8058333333333333 0.7933333333333333 0.03166666666666667 0.05
0 0.4691666666666667 0.7908333333333334 0.03166666666666667 0.035
0 0.5508333333333333 0.78 0.041666666666666664 0.03333333333333333
0 0.5008333333333334 0.7766666666666666 0.03166666666666667 0.04
0 0.5175 0.78 0.028333333333333332 0.04666666666666667
0 0.5733333333333334 0.7691666666666667 0.013333333333333334 0.021666666666666667
0 0.2775 0.7741666666666667 0.018333333333333333 0.051666666666666666
0 0.5383333333333333 0.7616666666666667 0.02 0.05
0 0.5558333333333333 0.7491666666666666 0.025 0.045
0 0.5741666666666667 0.7441666666666666 0.028333333333333332 0.035
0 0.6008333333333333 0.7391666666666666 0.028333333333333332 0.035
0 0.2775 0.735 0.018333333333333333 0.05333333333333334
0 0.5591666666666667 0.7175 0.025 0.03833333333333333
0 0.6041666666666666 0.7125 0.028333333333333332 0.045
0 0.58 0.7083333333333334 0.023333333333333334 0.043333333333333335
0 0.27 0.7091666666666666 0.023333333333333334 0.04833333333333333
0 0.6308333333333334 0.7025 0.028333333333333332 0.04833333333333333
0 0.5983333333333334 0.7 0.023333333333333334 0.05333333333333334
0 0.6275 0.6891666666666667 0.021666666666666667 0.041666666666666664
0 0.2841666666666667 0.6808333333333333 0.015 0.03833333333333333
0 0.6216666666666667 0.6641666666666667 0.02666666666666667 0.04833333333333333
0 0.29333333333333333 0.6475 0.02 0.06166666666666667
0 0.6483333333333333 0.6433333333333333 0.02666666666666667 0.03666666666666667
0 0.6125 0.6133333333333333 0.03833333333333333 0.03
0 0.6475 0.6141666666666666 0.035 0.028333333333333332
0 0.5716666666666667 0.5941666666666666 0.03333333333333333 0.058333333333333334
0 0.30666666666666664 0.59 0.016666666666666666 0.08
0 0.6491666666666667 0.5833333333333334 0.03833333333333333 0.04666666666666667
0 0.6016666666666667 0.5816666666666667 0.02 0.043333333333333335
0 0.5841666666666666 0.5808333333333333 0.03166666666666667 0.041666666666666664
0 0.635 0.5725 0.03 0.04833333333333333
