0 0.19 0.5591666666666667 0.03333333333333333 0.04833333333333333
0 0.15416666666666667 0.5541666666666667 0.028333333333333332 0.055
0 0.57 0.5483333333333333 0.03333333333333333 0.056666666666666664
0 0.22 0.5425 0.03 0.058333333333333334
0 0.17833333333333334 0.5408333333333334 0.02666666666666667 0.035
0 0.14083333333333334 0.5325 0.018333333333333333 0.075
0 0.7816666666666666 0.5291666666666667 0.016666666666666666 0.06166666666666667
0 0.6891666666666667 0.5225 0.025 0.06166666666666667
0 0.15833333333333333 0.5158333333333334 0.023333333333333334 0.04833333333333333
0 0.7425 0.5183333333333333 0.03833333333333333 0.06666666666666667
0 0.18166666666666667 0.5116666666666667 0.023333333333333334 0.03333333333333333
0 0.6608333333333334 0.5108333333333334 0.03833333333333333 0.03166666666666667
0 0.77 0.51 0.016666666666666666 0.07666666666666666
0 0.1975 0.5025 0.0016666666666666668 0.0016666666666666668
0 0.20333333333333334 0.49166666666666664 0.023333333333333334 0.056666666666666664
0 0.1825 0.48583333333333334 0.025 0.051666666666666666
0 0.755 0.4825 0.016666666666666666 0.058333333333333334
0 0.23333333333333334 0.4816666666666667 0.02666666666666667 0.06
0 0.14583333333333334 0.47333333333333333 0.028333333333333332 0.05333333333333334
0 0.1675 0.4741666666666667 0.03166666666666667 0.041666666666666664
0 0.20583333333333334 0.4533333333333333 0.021666666666666667 0.06
0 0.2633333333333333 0.43333333333333335 0.03 0.08333333333333333
0 0.24 0.425 0.02666666666666667 0.06
0 0.22083333333333333 0.42 0.015 0.07333333333333333
0 0.34 0.41833333333333333 0.04 0.056666666666666664
0 0.23583333333333334 0.4083333333333333 0.018333333333333333 0.09
0 0.2633333333333333 0.36833333333333335 0.023333333333333334 0.07333333333333333
0 0.24583333333333332 0.3383333333333333 0.018333333333333333 0.07333333333333333
0 0.225 0.3383333333333333 0.02 0.06333333333333334
0 0.36083333333333334 0.3283333333333333 0.018333333333333333 0.09
0 0.23333333333333334 0.3 0.016666666666666666 0.06666666666666667
0 0.37833333333333335 0.29333333333333333 0.02 0.07333333333333333
0 0.18833333333333332 0.2758333333333333 0.02 0.075
0 0.7008333333333333 0.26416666666666666 0.035 0.06833333333333333
0 0.20916666666666667 0.26416666666666666 0.025 0.08166666666666667
0 0.46166666666666667 0.20083333333333334 0.03 0.07166666666666667
0 0.3625 0.059166666666666666 0.018333333333333333 0.08166666666666667
0 0.8125 0.9575 0.021666666666666667 0.06833333333333333
0 0.7241666666666666 0.021666666666666667 0.021666666666666667 0.043333333333333335
0 0.7475 0.015833333333333335 0.025 0.03166666666666667
0 0.8083333333333333 0.8925 0.02 0.085
0 0.7491666666666666 0.8783333333333333 0.025 0.05333333333333334
0 0.7325 0.8716666666666667 0.025 0.05
0 0.7325 0.8566666666666667 0.0016666666666666668 0.0033333333333333335
0 0.7708333333333334 0.8333333333333334 0.025 0.06666666666666667
0 0.7675 0.8325 0.028333333333333332 0.06833333333333333
0 0.7125 0.7991666666666667 0.021666666666666667 0.07166666666666667
0 0.7575 0.7966666666666666 0.028333333333333332 0.07
0 0.7275 0.7508333333333334 0.021666666666666667 0.06833333333333333
0 0.7008333333333333 0.7291666666666666 0.018333333333333333 0.08166666666666667
0 0.7108333333333333 0.7025 0.021666666666666667 0.08166666666666667
0 0.6883333333333334 0.7041666666666667 0.013333333333333334 0.06166666666666667
0 0.15333333333333332 0.6891666666666667 0.03 0.055
0 0.19083333333333333 0.6883333333333334 0.035 0.03666666666666667
0 0.19666666666666666 0.66 0.03666666666666667 0.03666666666666667
0 0.74 0.6575 0.02 0.08166666666666667
0 0.67 0.6541666666666667 0.03333333333333333 0.035
0 0.175 0.65 0.02666666666666667 0.06666666666666667
0 0.6875 0.6483333333333333 0.028333333333333332 0.06333333333333334
0 0.15166666666666667 0.6558333333333334 0.02 0.051666666666666666
0 0.20583333333333334 0.6658333333333334 0.0016666666666666668 0.0016666666666666668
0 0.74 0.6291666666666667 0.02 0.07166666666666667
0 0.66 0.6208333333333333 0.03 0.041666666666666664
0 0.7558333333333334 0.6233333333333333 0.021666666666666667 0.07666666666666666
0 0.16833333333333333 0.6225 0.02 0.055
0 0.7858333333333334 0.6141666666666666 0.028333333333333332 0.06833333333333333
0 0.1475 0.6116666666666667 0.025 0.056666666666666664
0 0.20583333333333334 0.5991666666666666 0.028333333333333332 0.045
0 0.19166666666666668 0.5941666666666666 0.02666666666666667 0.041666666666666664
0 0.7766666666666666 0.5966666666666667 0.02 0.08
0 0.22916666666666666 0.5941666666666666 0.018333333333333333 0.058333333333333334
0 0.165 0.5816666666666667 0.02 0.05
0 0.7091666666666666 0.5808333333333333 0.021666666666666667 0.051666666666666666
0 0.605 0.5808333333333333 0.04666666666666667 0.035
0 0.6891666666666667 0.57 0.03166666666666667 0.07
