0 0.4841666666666667 0.4225 0.041666666666666664 0.055
0 0.4575 0.41333333333333333 0.03166666666666667 0.056666666666666664
0 0.49083333333333334 0.3883333333333333 0.025 0.09
0 0.46166666666666667 0.37083333333333335 0.023333333333333334 0.051666666666666666
0 0.44333333333333336 0.36666666666666664 0.03 0.043333333333333335
0 0.47333333333333333 0.3675 0.02 0.065
0 0.205 0.345 0.03666666666666667 0.06666666666666667
0 0.1725 0.3333333333333333 0.021666666666666667 0.08
0 0.47583333333333333 0.31666666666666665 0.021666666666666667 0.056666666666666664
0 0.2075 0.31166666666666665 0.025 0.07666666666666666
0 0.19583333333333333 0.285 0.028333333333333332 0.05333333333333334
0 0.5825 0.285 0.025 0.08
0 0.2683333333333333 0.2425 0.043333333333333335 0.06166666666666667
0 0.0675 0.18666666666666668 0.035 0.056666666666666664
0 0.05 0.17 0.03333333333333333 0.056666666666666664
0 0.7241666666666666 0.16916666666666666 0.018333333333333333 0.08833333333333333
0 0.7525 0.10916666666666666 0.028333333333333332 0.06166666666666667
0 0.7333333333333333 0.10166666666666667 0.02 0.06666666666666667
0 0.6983333333333334 0.11166666666666666 0.03 0.03333333333333333
0 0.7658333333333334 0.09 0.025 0.05
0 0.5008333333333334 0.9216666666666666 0.041666666666666664 0.04
0 0.7466666666666667 0.05 0.023333333333333334 0.06333333333333334
0 0.795 0.050833333333333335 0.04 0.03833333333333333
0 0.7633333333333333 0.035833333333333335 0.02666666666666667 0.06166666666666667
0 0.8208333333333333 0.03166666666666667 0.035 0.03666666666666667
0 0.8058333333333333 0.019166666666666665 0.025 0.03833333333333333
0 0.7808333333333334 0.016666666666666666 0.028333333333333332 0.03333333333333333
0 0.44 0.8958333333333334 0.023333333333333334 0.06833333333333333
0 0.5008333333333334 0.8975 0.03166666666666667 0.03833333333333333
0 0.535 0.87 0.023333333333333334 0.07
0 0.5066666666666667 0.8666666666666667 0.02666666666666667 0.08
0 0.5341666666666667 0.8508333333333333 0.025 0.06833333333333333
0 0.5566666666666666 0.8366666666666667 0.02 0.07
0 0.5416666666666666 0.78 0.016666666666666666 0.09333333333333334
0 0.5541666666666667 0.7841666666666667 0.015 0.075
