0 0.7425 0.57 0.018333333333333333 0.06666666666666667
0 0.5366666666666666 0.565 0.04666666666666667 0.03333333333333333
0 0.455 0.5666666666666667 0.03666666666666667 0.03333333333333333
0 0.395 0.5675 0.03 0.041666666666666664
0 0.5625 0.555 0.035 0.04
0 0.42333333333333334 0.5533333333333333 0.03666666666666667 0.05
0 0.38333333333333336 0.5525 0.02666666666666667 0.035
0 0.475 0.5491666666666667 0.04 0.028333333333333332
0 0.5033333333333333 0.55 0.03 0.04
0 0.585 0.5483333333333333 0.03333333333333333 0.03
0 0.7608333333333334 0.545 0.018333333333333333 0.05333333333333334
0 0.525 0.5366666666666666 0.03333333333333333 0.03
0 0.4658333333333333 0.5266666666666666 0.03833333333333333 0.02
0 0.6125 0.5333333333333333 0.035 0.03
0 0.78 0.5275 0.02666666666666667 0.06166666666666667
0 0.5625 0.5225 0.041666666666666664 0.03166666666666667
0 0.42083333333333334 0.515 0.041666666666666664 0.03333333333333333
0 0.4725 0.5108333333333334 0.045 0.035
0 0.49916666666666665 0.5108333333333334 0.035 0.045
0 0.5266666666666666 0.49916666666666665 0.04 0.03166666666666667
0 0.41583333333333333 0.48083333333333333 0.018333333333333333 0.06166666666666667
0 0.46166666666666667 0.48583333333333334 0.03666666666666667 0.041666666666666664
0 0.44166666666666665 0.475 0.03333333333333333 0.043333333333333335
0 0.6525 0.4775 0.03166666666666667 0.07166666666666667
0 0.48833333333333334 0.4633333333333333 0.03333333333333333 0.03333333333333333
0 0.44083333333333335 0.44083333333333335 0.025 0.07166666666666667
0 0.4725 0.44083333333333335 0.025 0.055
0 0.7291666666666666 0.435 0.021666666666666667 0.03666666666666667
0 0.6416666666666667 0.505 0.01 0.006666666666666667
0 0.45916666666666667 0.4241666666666667 0.021666666666666667 0.055
0 0.435 0.4191666666666667 0.03333333333333333 0.058333333333333334
0 0.6825 0.4175 0.028333333333333332 0.08166666666666667
0 0.42083333333333334 0.38916666666666666 0.035 0.051666666666666666
0 0.4816666666666667 0.39416666666666667 0.02666666666666667 0.051666666666666666
0 0.4683333333333333 0.37583333333333335 0.02666666666666667 0.051666666666666666
0 0.43916666666666665 0.3475 0.018333333333333333 0.07166666666666667
0 0.4575 0.3333333333333333 0.025 0.08666666666666667
0 0.4266666666666667 0.3 0.02 0.06666666666666667
0 0.4091666666666667 0.3075 0.018333333333333333 0.08166666666666667
0 0.44916666666666666 0.2866666666666667 0.018333333333333333 0.056666666666666664
0 0.43583333333333335 0.27416666666666667 0.018333333333333333 0.058333333333333334
0 0.42333333333333334 0.23666666666666666 0.016666666666666666 0.06333333333333334
0 0.44416666666666665 0.2275 0.018333333333333333 0.06833333333333333
0 0.4033333333333333 0.21083333333333334 0.02 0.06833333333333333
0 0.43083333333333335 0.1975 0.015 0.07166666666666667
0 0.9266666666666666 0.0625 0.04666666666666667 0.03166666666666667
0 0.9858333333333333 0.024166666666666666 0.028333333333333332 0.04833333333333333
0 0.8783333333333333 0.005833333333333334 0.04 0.011666666666666667
0 0.49333333333333335 0.9283333333333333 0.02666666666666667 0.07
0 0.48833333333333334 0.9125 0.013333333333333334 0.041666666666666664
0 0.30416666666666664 0.8758333333333334 0.018333333333333333 0.08833333333333333
0 0.5166666666666667 0.855 0.023333333333333334 0.06333333333333334
0 0.475 0.84 0.03 0.07666666666666666
0 0.3425 0.8375 0.03166666666666667 0.028333333333333332
0 0.5041666666666667 0.8266666666666667 0.018333333333333333 0.07
0 0.33 0.8183333333333334 0.03666666666666667 0.04
0 0.39916666666666667 0.8125 0.025 0.025
0 0.36333333333333334 0.8125 0.03 0.03166666666666667
0 0.5316666666666666 0.8041666666666667 0.03666666666666667 0.035
0 0.31833333333333336 0.7933333333333333 0.03666666666666667 0.03
0 0.4141666666666667 0.7883333333333333 0.041666666666666664 0.03
0 0.2941666666666667 0.7875 0.03833333333333333 0.025
0 0.4508333333333333 0.7758333333333334 0.028333333333333332 0.03833333333333333
0 0.535 0.7708333333333334 0.03666666666666667 0.04833333333333333
0 0.4008333333333333 0.7633333333333333 0.041666666666666664 0.03
0 0.35833333333333334 0.7566666666666667 0.02666666666666667 0.06666666666666667
0 0.3308333333333333 0.7583333333333333 0.028333333333333332 0.043333333333333335
0 0.5408333333333334 0.78 0.0016666666666666668 0.0033333333333333335
0 0.38333333333333336 0.7525 0.03333333333333333 0.035
0 0.5675 0.745 0.028333333333333332 0.03333333333333333
0 0.42 0.7433333333333333 0.04 0.03
0 0.38666666666666666 0.73 0.03 0.02666666666666667
0 0.4666666666666667 0.7233333333333334 0.03666666666666667 0.03333333333333333
0 0.42833333333333334 0.7225 0.03666666666666667 0.025
0 0.5025 0.7183333333333334 0.035 0.02666666666666667
0 0.7016666666666667 0.7058333333333333 0.04 0.058333333333333334
0 0.3983333333333333 0.7041666666666667 0.04 0.028333333333333332
0 0.4375 0.7033333333333334 0.03833333333333333 0.03
0 0.5016666666666667 0.6975 0.04666666666666667 0.028333333333333332
0 0.46166666666666667 0.6875 0.03333333333333333 0.028333333333333332
0 0.42833333333333334 0.6766666666666666 0.03666666666666667 0.03
0 0.39166666666666666 0.6766666666666666 0.043333333333333335 0.03333333333333333
0 0.5016666666666667 0.6691666666666667 0.04666666666666667 0.028333333333333332
0 0.3675 0.6566666666666666 0.03166666666666667 0.06
0 0.7116666666666667 0.6575 0.03333333333333333 0.06833333333333333
0 0.46416666666666667 0.6516666666666666 0.035 0.03
0 0.4216666666666667 0.6516666666666666 0.043333333333333335 0.03
0 0.3975 0.6458333333333334 0.03833333333333333 0.045
0 0.9608333333333333 0.6525 0.04833333333333333 0.075
0 0.7341666666666666 0.6341666666666667 0.018333333333333333 0.06833333333333333
0 0.465 0.625 0.03666666666666667 0.03
0 0.4375 0.6225 0.035 0.028333333333333332
0 0.3958333333333333 0.6141666666666666 0.03833333333333333 0.021666666666666667
0 0.36916666666666664 0.6033333333333334 0.018333333333333333 0.07666666666666666
0 0.5116666666666667 0.6066666666666667 0.04 0.03666666666666667
0 0.44083333333333335 0.6008333333333333 0.045 0.041666666666666664
0 0.3958333333333333 0.6041666666666666 0.041666666666666664 0.041666666666666664
0 0.9891666666666666 0.5975 0.021666666666666667 0.065
0 0.7566666666666667 0.5916666666666667 0.023333333333333334 0.06
0 0.475 0.5916666666666667 0.03 0.03666666666666667
0 0.4891666666666667 0.5783333333333334 0.03166666666666667 0.03333333333333333
0 0.43333333333333335 0.575 0.02666666666666667 0.05
