0 0.13916666666666666 0.49833333333333335 0.075 0.09666666666666666
0 0.10333333333333333 0.49583333333333335 0.04 0.10833333333333334
0 0.975 0.4875 0.05 0.085
0 0.16666666666666666 0.44583333333333336 0.06333333333333334 0.105
0 0.4475 0.3641666666666667 0.08166666666666667 0.058333333333333334
0 0.7375 0.9666666666666667 0.06166666666666667 0.06666666666666667
0 0.5808333333333333 0.25083333333333335 0.058333333333333334 0.10166666666666667
0 0.5691666666666667 0.1675 0.06833333333333333 0.06166666666666667
0 0.5466666666666666 0.09833333333333333 0.07 0.07333333333333333
0 0.48 0.08166666666666667 0.07 0.06666666666666667
0 0.7683333333333333 0.06333333333333334 0.03 0.12666666666666668
0 0.9041666666666667 0.8933333333333333 0.06833333333333333 0.06666666666666667
0 0.5016666666666667 0.8291666666666667 0.05333333333333334 0.09833333333333333
0 0.715 0.8258333333333333 0.06333333333333334 0.095
0 0.09416666666666666 0.725 0.06166666666666667 0.08
0 0.8683333333333333 0.7116666666666667 0.07 0.07
0 0.14 0.9916666666666667 0.016666666666666666 0.016666666666666666
0 0.07083333333333333 0.6425 0.065 0.085
0 0.8358333333333333 0.6358333333333334 0.07166666666666667 0.051666666666666666
0 0.13416666666666666 0.6333333333333333 0.07833333333333334 0.06333333333333334
0 0.9783333333333334 0.985 0.04 0.03
0 0.13666666666666666 0.5766666666666667 0.08333333333333333 0.05333333333333334
