0 0.48083333333333333 0.54 0.021666666666666667 0.06666666666666667
0 0.44 0.5275 0.02 0.065
0 0.3925 0.5266666666666666 0.015 0.06
0 0.2825 0.5216666666666666 0.021666666666666667 0.07
0 0.4533333333333333 0.5058333333333334 0.016666666666666666 0.058333333333333334
0 0.26416666666666666 0.505 0.025 0.05333333333333334
0 0.3541666666666667 0.5033333333333333 0.018333333333333333 0.056666666666666664
0 0.36666666666666664 0.49916666666666665 0.016666666666666666 0.055
0 0.38 0.49083333333333334 0.016666666666666666 0.055
0 0.2425 0.49583333333333335 0.021666666666666667 0.051666666666666666
0 0.335 0.48583333333333334 0.02 0.051666666666666666
0 0.2608333333333333 0.4633333333333333 0.025 0.056666666666666664
0 0.36333333333333334 0.455 0.02 0.056666666666666664
0 0.5108333333333334 0.45666666666666667 0.018333333333333333 0.07333333333333333
0 0.33916666666666667 0.45166666666666666 0.028333333333333332 0.04666666666666667
0 0.3466666666666667 0.43583333333333335 0.023333333333333334 0.055
0 0.39416666666666667 0.43833333333333335 0.03166666666666667 0.056666666666666664
0 0.27 0.435 0.02 0.07
0 0.5358333333333334 0.425 0.015 0.05
0 0.36916666666666664 0.425 0.035 0.05
0 0.49583333333333335 0.42 0.015 0.06333333333333334
0 0.5216666666666666 0.4191666666666667 0.013333333333333334 0.08166666666666667
0 0.51 0.4141666666666667 0.016666666666666666 0.08166666666666667
0 0.30083333333333334 0.4125 0.015 0.045
0 0.5358333333333334 0.415 0.018333333333333333 0.07
0 0.3333333333333333 0.3933333333333333 0.016666666666666666 0.06333333333333334
0 0.4766666666666667 0.3858333333333333 0.016666666666666666 0.051666666666666666
0 0.365 0.37333333333333335 0.013333333333333334 0.056666666666666664
0 0.5416666666666666 0.3625 0.02 0.051666666666666666
0 0.49166666666666664 0.35333333333333333 0.023333333333333334 0.06666666666666667
0 0.52 0.3516666666666667 0.016666666666666666 0.06
0 0.3575 0.3408333333333333 0.018333333333333333 0.08166666666666667
0 0.5308333333333334 0.335 0.015 0.06
0 0.5 0.3325 0.016666666666666666 0.075
0 0.5108333333333334 0.31833333333333336 0.015 0.06333333333333334
0 0.545 0.32 0.016666666666666666 0.04
0 0.5725 0.3225 0.018333333333333333 0.07833333333333334
0 0.3408333333333333 0.30666666666666664 0.018333333333333333 0.08
0 0.4766666666666667 0.305 0.02666666666666667 0.03666666666666667
0 0.38 0.3 0.03333333333333333 0.06
0 0.525 0.2866666666666667 0.016666666666666666 0.05333333333333334
0 0.58 0.2808333333333333 0.016666666666666666 0.06833333333333333
0 0.4866666666666667 0.28 0.016666666666666666 0.056666666666666664
0 0.3275 0.2808333333333333 0.021666666666666667 0.07833333333333334
0 0.5991666666666666 0.2783333333333333 0.018333333333333333 0.07666666666666666
0 0.47 0.2758333333333333 0.02 0.03166666666666667
0 0.5583333333333333 0.25833333333333336 0.016666666666666666 0.08333333333333333
0 0.5725 0.23 0.018333333333333333 0.06
0 0.5425 0.23083333333333333 0.018333333333333333 0.075
0 0.6041666666666666 0.21166666666666667 0.018333333333333333 0.06333333333333334
0 0.5866666666666667 0.20166666666666666 0.016666666666666666 0.06666666666666667
0 0.57 0.185 0.02 0.06333333333333334
0 0.5566666666666666 0.18 0.016666666666666666 0.07333333333333333
0 0.5808333333333333 0.12416666666666666 0.025 0.055
0 0.10083333333333333 0.06333333333333334 0.03833333333333333 0.06333333333333334
0 0.065 0.029166666666666667 0.03333333333333333 0.058333333333333334
0 0.5 0.8358333333333333 0.02666666666666667 0.058333333333333334
0 0.525 0.8208333333333333 0.03 0.065
0 0.5716666666666667 0.7991666666666667 0.03 0.03833333333333333
0 0.4816666666666667 0.775 0.03666666666666667 0.043333333333333335
0 0.5858333333333333 0.7775 0.021666666666666667 0.021666666666666667
0 0.58 0.7541666666666667 0.03666666666666667 0.03166666666666667
0 0.44666666666666666 0.7533333333333333 0.04 0.03333333333333333
0 0.6033333333333334 0.745 0.03666666666666667 0.03333333333333333
0 0.62 0.7425 0.03666666666666667 0.041666666666666664
0 0.5108333333333334 0.7383333333333333 0.041666666666666664 0.03
0 0.5508333333333333 0.7325 0.035 0.028333333333333332
0 0.6341666666666667 0.7325 0.03833333333333333 0.045
0 0.42333333333333334 0.7325 0.03333333333333333 0.028333333333333332
0 0.4725 0.7216666666666667 0.035 0.03
0 0.5775 0.72 0.03833333333333333 0.02666666666666667
0 0.6475 0.7175 0.025 0.051666666666666666
0 0.43583333333333335 0.7133333333333334 0.03833333333333333 0.02666666666666667
0 0.6275 0.7091666666666666 0.03166666666666667 0.03833333333333333
0 0.54 0.7066666666666667 0.03666666666666667 0.03333333333333333
0 0.5925 0.7075 0.035 0.03166666666666667
0 0.5975 0.6883333333333334 0.028333333333333332 0.03
0 0.5641666666666667 0.6875 0.03166666666666667 0.028333333333333332
0 0.39166666666666666 0.6775 0.04 0.051666666666666666
0 0.4083333333333333 0.6758333333333333 0.03666666666666667 0.03833333333333333
0 0.44 0.665 0.02666666666666667 0.05
0 0.42833333333333334 0.6525 0.03666666666666667 0.041666666666666664
0 0.38 0.6391666666666667 0.02666666666666667 0.041666666666666664
0 0.41583333333333333 0.6391666666666667 0.03166666666666667 0.025
0 0.4708333333333333 0.6333333333333333 0.028333333333333332 0.07333333333333333
0 0.405 0.6208333333333333 0.03 0.018333333333333333
0 0.3616666666666667 0.62 0.016666666666666666 0.04666666666666667
0 0.38 0.625 0.023333333333333334 0.05333333333333334
0 0.44166666666666665 0.615 0.04 0.03666666666666667
0 0.41333333333333333 0.5933333333333334 0.03333333333333333 0.04
0 0.39916666666666667 0.5916666666666667 0.035 0.043333333333333335
0 0.06666666666666667 0.5866666666666667 0.04 0.07333333333333333
0 0.4325 0.5816666666666667 0.03833333333333333 0.04
0 0.3566666666666667 0.5766666666666667 0.02666666666666667 0.07
0 0.28583333333333333 0.5741666666666667 0.028333333333333332 0.07166666666666667
0 0.4625 0.5716666666666667 0.028333333333333332 0.06333333333333334
0 0.37083333333333335 0.5666666666666667 0.025 0.06333333333333334
0 0.40166666666666667 0.555 0.023333333333333334 0.056666666666666664
0 0.04083333333333333 0.5466666666666666 0.021666666666666667 0.06
0 0.2633333333333333 0.5425 0.02666666666666667 0.06833333333333333
0 0.37916666666666665 0.5433333333333333 0.015 0.056666666666666664
