0 0.0425 0.30833333333333335 0.055 0.09666666666666666
0 0.029166666666666667 0.25583333333333336 0.058333333333333334 0.07833333333333334
0 0.0875 0.21083333333333334 0.051666666666666666 0.105
0 0.016666666666666666 0.14083333333333334 0.03333333333333333 0.115
0 0.825 0.12583333333333332 0.07333333333333333 0.06166666666666667
0 0.12083333333333333 0.12 0.06833333333333333 0.06666666666666667
0 0.4425 0.10416666666666667 0.065 0.06833333333333333
0 0.875 0.08916666666666667 0.07333333333333333 0.051666666666666666
0 0.025 0.04833333333333333 0.05 0.05
0 0.10833333333333334 0.8825 0.06 0.065
0 0.3541666666666667 0.7283333333333334 0.06166666666666667 0.08666666666666667
