0 0.44583333333333336 0.5091666666666667 0.028333333333333332 0.041666666666666664
0 0.47 0.5458333333333333 0.013333333333333334 0.03166666666666667
0 0.515 0.5241666666666667 0.03666666666666667 0.045
0 0.6308333333333334 0.5358333333333334 0.018333333333333333 0.051666666666666666
0 0.005 0.5708333333333333 0.01 0.055
0 0.5441666666666667 0.5466666666666666 0.035 0.043333333333333335
0 0.4816666666666667 0.5591666666666667 0.016666666666666666 0.07166666666666667
0 0.46 0.5575 0.02 0.07833333333333334
0 0.5833333333333334 0.56 0.04666666666666667 0.03666666666666667
0 0.53 0.56 0.03 0.05333333333333334
0 0.6433333333333333 0.5816666666666667 0.03666666666666667 0.06333333333333334
0 0.6066666666666667 0.5775 0.03 0.075
0 0.5616666666666666 0.58 0.04 0.03333333333333333
0 0.5083333333333333 0.5791666666666667 0.03666666666666667 0.03166666666666667
0 0.465 0.6 0.023333333333333334 0.06
0 0.5766666666666667 0.5991666666666666 0.03666666666666667 0.03833333333333333
0 0.5225 0.6016666666666667 0.03833333333333333 0.03333333333333333
0 0.48583333333333334 0.6125 0.021666666666666667 0.058333333333333334
0 0.6216666666666667 0.605 0.016666666666666666 0.07333333333333333
0 0.5391666666666667 0.6133333333333333 0.03833333333333333 0.03
0 0.6341666666666667 0.6141666666666666 0.015 0.055
0 0.5666666666666667 0.6283333333333333 0.03666666666666667 0.03
0 0.5941666666666666 0.6266666666666667 0.03833333333333333 0.02666666666666667
0 0.465 0.6358333333333334 0.023333333333333334 0.055
0 0.008333333333333333 0.6516666666666666 0.016666666666666666 0.03333333333333333
0 0.605 0.6466666666666666 0.03333333333333333 0.03
0 0.5016666666666667 0.6508333333333334 0.02666666666666667 0.058333333333333334
0 0.5283333333333333 0.6525 0.03333333333333333 0.045
0 0.4866666666666667 0.6516666666666666 0.03 0.07666666666666666
0 0.5725 0.6541666666666667 0.028333333333333332 0.028333333333333332
0 0.6441666666666667 0.655 0.045 0.03333333333333333
0 0.7066666666666667 0.66 0.02666666666666667 0.07
0 0.6 0.6725 0.03666666666666667 0.028333333333333332
0 0.6433333333333333 0.68 0.03666666666666667 0.023333333333333334
0 0.49583333333333335 0.6941666666666667 0.035 0.058333333333333334
0 0.6233333333333333 0.6941666666666667 0.03 0.03166666666666667
0 0.6841666666666667 0.6991666666666667 0.03833333333333333 0.035
0 0.47 0.7141666666666666 0.03 0.051666666666666666
0 0.6533333333333333 0.705 0.04 0.03
0 0.6033333333333334 0.7291666666666666 0.04 0.03833333333333333
0 0.5716666666666667 0.7358333333333333 0.043333333333333335 0.051666666666666666
0 0.7283333333333334 0.8025 0.0033333333333333335 0.0016666666666666668
0 0.4475 0.4791666666666667 0.04833333333333333 0.03166666666666667
