0 0.8941666666666667 0.5516666666666666 0.018333333333333333 0.06
0 0.705 0.55 0.016666666666666666 0.06
0 0.6775 0.51 0.021666666666666667 0.05333333333333334
0 0.7358333333333333 0.38333333333333336 0.025 0.056666666666666664
0 0.555 0.1425 0.02666666666666667 0.055
0 0.6908333333333333 0.125 0.03166666666666667 0.03666666666666667
0 0.5683333333333334 0.11083333333333334 0.03 0.028333333333333332
0 0.525 0.09666666666666666 0.03 0.03333333333333333
0 0.8141666666666667 0.045 0.03833333333333333 0.043333333333333335
0 0.5941666666666666 0.665 0.035 0.03666666666666667
0 0.6741666666666667 0.6441666666666667 0.028333333333333332 0.03833333333333333
0 0.9766666666666667 0.5775 0.02 0.06166666666666667
0 0.5833333333333334 0.5758333333333333 0.03 0.04833333333333333
0 0.8625 0.5675 0.03166666666666667 0.035
0 0.9983333333333333 0.5833333333333334 0.0033333333333333335 0.006666666666666667
