0 0.005 0.8291666666666667 0.01 0.051666666666666666
0 0.0175 0.805 0.035 0.05333333333333334
0 0.005 0.7691666666666667 0.01 0.041666666666666664
0 0.021666666666666667 0.7708333333333334 0.023333333333333334 0.055
0 0.005833333333333334 0.7241666666666666 0.011666666666666667 0.041666666666666664
0 0.015 0.72 0.023333333333333334 0.05333333333333334
0 0.0275 0.7191666666666666 0.015 0.041666666666666664
0 0.0425 0.7108333333333333 0.018333333333333333 0.06166666666666667
0 0.025833333333333333 0.6758333333333333 0.025 0.045
0 0.011666666666666667 0.6525 0.023333333333333334 0.025
