0 0.4191666666666667 0.475 0.015 0.04
0 0.4725 0.4816666666666667 0.018333333333333333 0.06666666666666667
0 0.42083333333333334 0.5158333333333334 0.018333333333333333 0.055
0 0.4533333333333333 0.515 0.016666666666666666 0.07333333333333333
0 0.43416666666666665 0.5183333333333333 0.021666666666666667 0.06
0 0.3958333333333333 0.545 0.021666666666666667 0.07666666666666666
0 0.4608333333333333 0.5541666666666667 0.015 0.06833333333333333
0 0.43666666666666665 0.5741666666666667 0.016666666666666666 0.07166666666666667
0 0.4216666666666667 0.585 0.02 0.06666666666666667
0 0.49916666666666665 0.5891666666666666 0.03166666666666667 0.065
0 0.4483333333333333 0.5916666666666667 0.016666666666666666 0.07
0 0.47333333333333333 0.595 0.016666666666666666 0.08333333333333333
0 0.4766666666666667 0.6308333333333334 0.016666666666666666 0.06833333333333333
0 0.49 0.6491666666666667 0.016666666666666666 0.06166666666666667
0 0.43333333333333335 0.6683333333333333 0.016666666666666666 0.07
0 0.47833333333333333 0.6775 0.013333333333333334 0.055
0 0.49 0.7391666666666666 0.04 0.045
0 0.395 0.785 0.04666666666666667 0.04666666666666667
0 0.38 0.8358333333333333 0.02666666666666667 0.075
0 0.9683333333333334 0.8508333333333333 0.05333333333333334 0.06166666666666667
0 0.9816666666666667 0.9 0.03 0.05
0 0.9675 0.9791666666666666 0.0016666666666666668 0.005
0 0.9716666666666667 0.9825 0.02 0.035
0 0.4125 0.12416666666666666 0.025 0.065
0 0.44333333333333336 0.14583333333333334 0.043333333333333335 0.051666666666666666
0 0.45 0.14916666666666667 0.03333333333333333 0.045
0 0.42583333333333334 0.18333333333333332 0.03166666666666667 0.05
0 0.4675 0.22916666666666666 0.015 0.075
0 0.45 0.23666666666666666 0.02 0.06666666666666667
0 0.48 0.2725 0.016666666666666666 0.07833333333333334
0 0.46166666666666667 0.2925 0.013333333333333334 0.07166666666666667
0 0.4725 0.355 0.018333333333333333 0.07333333333333333
0 0.4875 0.37833333333333335 0.015 0.07333333333333333
0 0.43916666666666665 0.38416666666666666 0.025 0.055
0 0.38916666666666666 0.38916666666666666 0.0016666666666666668 0.0016666666666666668
0 0.49833333333333335 0.3933333333333333 0.016666666666666666 0.07333333333333333
0 0.39416666666666667 0.39916666666666667 0.028333333333333332 0.051666666666666666
0 0.43083333333333335 0.4008333333333333 0.025 0.06833333333333333
0 0.46166666666666667 0.4041666666666667 0.016666666666666666 0.058333333333333334
0 0.47583333333333333 0.41583333333333333 0.015 0.04833333333333333
0 0.42583333333333334 0.4241666666666667 0.015 0.051666666666666666
0 0.4666666666666667 0.4483333333333333 0.016666666666666666 0.056666666666666664
0 0.49 0.44416666666666665 0.016666666666666666 0.065
0 0.4075 0.44916666666666666 0.018333333333333333 0.06833333333333333
0 0.4475 0.4525 0.015 0.06833333333333333
0 0.43333333333333335 0.4716666666666667 0.016666666666666666 0.05
