0 0.5741666666666667 0.5291666666666667 0.025 0.10166666666666667
0 0.6808333333333333 0.5283333333333333 0.025 0.09333333333333334
0 0.7158333333333333 0.4575 0.025 0.085
0 0.4975 0.445 0.021666666666666667 0.08
0 0.5283333333333333 0.4216666666666667 0.023333333333333334 0.09333333333333334
0 0.7691666666666667 0.325 0.03166666666666667 0.09333333333333334
0 0.53 0.32 0.03 0.09666666666666666
0 0.8291666666666667 0.295 0.03166666666666667 0.09
0 0.33166666666666667 0.28583333333333333 0.02666666666666667 0.105
0 0.9933333333333333 0.2866666666666667 0.013333333333333334 0.056666666666666664
0 0.9625 0.2425 0.03833333333333333 0.10166666666666667
0 0.2725 0.17333333333333334 0.028333333333333332 0.09
0 0.21916666666666668 0.125 0.041666666666666664 0.08666666666666667
0 0.335 0.09833333333333333 0.02666666666666667 0.10333333333333333
0 0.25916666666666666 0.09 0.03166666666666667 0.11
0 0.765 0.050833333333333335 0.04 0.10166666666666667
0 0.19166666666666668 0.04666666666666667 0.03666666666666667 0.08666666666666667
0 0.16416666666666666 0.016666666666666666 0.028333333333333332 0.03333333333333333
0 0.5491666666666667 0.6075 0.021666666666666667 0.105
0 0.4608333333333333 0.6016666666666667 0.025 0.09
0 0.4816666666666667 0.5541666666666667 0.03666666666666667 0.07833333333333334
