0 0.7258333333333333 0.48583333333333334 0.03166666666666667 0.025
0 0.755 0.4866666666666667 0.023333333333333334 0.05
0 0.7158333333333333 0.5075 0.03833333333333333 0.025
0 0.7566666666666667 0.52 0.04 0.05333333333333334
0 0.7858333333333334 0.5225 0.035 0.03166666666666667
0 0.8125 0.5241666666666667 0.018333333333333333 0.08833333333333333
0 0.7258333333333333 0.5266666666666666 0.035 0.02666666666666667
0 0.7283333333333334 0.5525 0.03666666666666667 0.03166666666666667
0 0.705 0.5625 0.04 0.03166666666666667
0 0.77 0.5633333333333334 0.04 0.043333333333333335
0 0.72 0.5866666666666667 0.02666666666666667 0.02666666666666667
0 0.74 0.5866666666666667 0.02666666666666667 0.05
0 0.6675 0.5991666666666666 0.035 0.035
0 0.7825 0.6016666666666667 0.021666666666666667 0.03
0 0.7116666666666667 0.6091666666666666 0.03333333333333333 0.03166666666666667
0 0.7541666666666667 0.61 0.03166666666666667 0.04666666666666667
0 0.7825 0.6183333333333333 0.018333333333333333 0.043333333333333335
0 0.6816666666666666 0.6333333333333333 0.03666666666666667 0.02666666666666667
0 0.655 0.6475 0.016666666666666666 0.055
0 0.7483333333333333 0.65 0.03666666666666667 0.04666666666666667
0 0.6816666666666666 0.675 0.02666666666666667 0.04666666666666667
0 0.7375 0.6983333333333334 0.028333333333333332 0.06333333333333334
0 0.6975 0.6975 0.041666666666666664 0.03833333333333333
0 0.6275 0.04416666666666667 0.03166666666666667 0.03166666666666667
0 0.6591666666666667 0.7308333333333333 0.035 0.065
0 0.6816666666666666 0.7316666666666667 0.03333333333333333 0.03666666666666667
0 0.7441666666666666 0.7416666666666667 0.03833333333333333 0.03333333333333333
0 0.7091666666666666 0.7475 0.03166666666666667 0.03833333333333333
0 0.6866666666666666 0.75 0.02666666666666667 0.043333333333333335
0 0.6508333333333334 0.05416666666666667 0.03166666666666667 0.035
0 0.7333333333333333 0.7933333333333333 0.03 0.056666666666666664
0 0.6816666666666666 0.8016666666666666 0.03333333333333333 0.043333333333333335
0 0.6833333333333333 0.825 0.023333333333333334 0.05
0 0.68 0.06 0.03 0.04666666666666667
0 0.19083333333333333 0.9066666666666666 0.04833333333333333 0.05
0 0.2025 0.9225 0.04833333333333333 0.051666666666666666
0 0.7133333333333334 0.075 0.03666666666666667 0.05
0 0.67 0.07166666666666667 0.03333333333333333 0.02666666666666667
0 0.6408333333333334 0.08583333333333333 0.028333333333333332 0.03166666666666667
0 0.7075 0.09 0.021666666666666667 0.023333333333333334
0 0.6733333333333333 0.08833333333333333 0.03333333333333333 0.02666666666666667
0 0.6658333333333334 0.10416666666666667 0.03166666666666667 0.03166666666666667
0 0.6941666666666667 0.115 0.03833333333333333 0.03
0 0.6508333333333334 0.13 0.035 0.03333333333333333
0 0.7266666666666667 0.14333333333333334 0.03333333333333333 0.043333333333333335
0 0.7041666666666667 0.14333333333333334 0.041666666666666664 0.05333333333333334
0 0.6741666666666667 0.1475 0.03833333333333333 0.045
0 0.19083333333333333 0.2783333333333333 0.045 0.06333333333333334
0 0.6791666666666667 0.3416666666666667 0.018333333333333333 0.056666666666666664
0 0.6658333333333334 0.3433333333333333 0.021666666666666667 0.056666666666666664
0 0.7008333333333333 0.37666666666666665 0.021666666666666667 0.056666666666666664
0 0.23 0.38166666666666665 0.03333333333333333 0.06
0 0.72 0.3925 0.023333333333333334 0.07166666666666667
0 0.6891666666666667 0.3908333333333333 0.028333333333333332 0.041666666666666664
0 0.6741666666666667 0.3958333333333333 0.035 0.06166666666666667
0 0.22 0.41 0.016666666666666666 0.03666666666666667
0 0.7 0.43916666666666665 0.013333333333333334 0.015
0 0.68 0.435 0.03 0.043333333333333335
0 0.7083333333333334 0.44 0.03 0.02
0 0.24416666666666667 0.45 0.03833333333333333 0.06666666666666667
0 0.2675 0.46 0.04833333333333333 0.043333333333333335
0 0.7166666666666667 0.4608333333333333 0.04 0.028333333333333332
0 0.7691666666666667 0.465 0.03166666666666667 0.05
0 0.7 0.47333333333333333 0.03 0.03333333333333333
