0 0.7375 0.46416666666666667 0.028333333333333332 0.035
0 0.2375 0.47 0.025 0.05
0 0.805 0.47 0.03 0.06666666666666667
0 0.17416666666666666 0.4791666666666667 0.035 0.035
0 0.13833333333333334 0.4775 0.03 0.035
0 0.11916666666666667 0.48333333333333334 0.028333333333333332 0.05
0 0.265 0.4891666666666667 0.03333333333333333 0.058333333333333334
0 0.19666666666666666 0.48333333333333334 0.03 0.03666666666666667
0 0.7416666666666667 0.49416666666666664 0.023333333333333334 0.04833333333333333
0 0.21916666666666668 0.4891666666666667 0.03166666666666667 0.041666666666666664
0 0.16166666666666665 0.49583333333333335 0.03333333333333333 0.03166666666666667
0 0.8458333333333333 0.49666666666666665 0.025 0.056666666666666664
0 0.7191666666666666 0.5 0.035 0.03666666666666667
0 0.0475 0.5025 0.028333333333333332 0.07166666666666667
0 0.2758333333333333 0.4975 0.0016666666666666668 0.0016666666666666668
0 0.24666666666666667 0.5191666666666667 0.023333333333333334 0.051666666666666666
0 0.6691666666666667 0.5216666666666666 0.03833333333333333 0.05333333333333334
0 0.18833333333333332 0.535 0.03 0.05
0 0.7708333333333334 0.5425 0.025 0.051666666666666666
0 0.23166666666666666 0.5541666666666667 0.03 0.065
0 0.2525 0.5675 0.021666666666666667 0.055
0 0.2225 0.5691666666666667 0.025 0.06166666666666667
0 0.26916666666666667 0.5766666666666667 0.018333333333333333 0.06333333333333334
0 0.7408333333333333 0.5741666666666667 0.03833333333333333 0.06166666666666667
0 0.1875 0.5766666666666667 0.028333333333333332 0.07333333333333333
0 0.7508333333333334 0.5866666666666667 0.018333333333333333 0.08
0 0.2125 0.5883333333333334 0.025 0.06333333333333334
0 0.29 0.6 0.03333333333333333 0.06333333333333334
0 0.25583333333333336 0.6008333333333333 0.021666666666666667 0.035
0 0.24916666666666668 0.6266666666666667 0.041666666666666664 0.05
0 0.24083333333333334 0.6275 0.028333333333333332 0.04833333333333333
0 0.28 0.6366666666666667 0.023333333333333334 0.056666666666666664
0 0.2991666666666667 0.6541666666666667 0.025 0.045
0 0.415 0.6808333333333333 0.03333333333333333 0.065
0 0.4225 0.7383333333333333 0.018333333333333333 0.08333333333333333
0 0.4375 0.7758333333333334 0.021666666666666667 0.075
0 0.76 0.8308333333333333 0.03 0.07166666666666667
0 0.8208333333333333 0.08416666666666667 0.021666666666666667 0.075
0 0.5275 0.9083333333333333 0.028333333333333332 0.07
0 0.8016666666666666 0.16833333333333333 0.02 0.06666666666666667
0 0.8458333333333333 0.019166666666666665 0.025 0.03833333333333333
0 0.7891666666666667 0.21666666666666667 0.018333333333333333 0.08
0 0.8091666666666667 0.25166666666666665 0.028333333333333332 0.07666666666666666
0 0.8141666666666667 0.2425 0.0016666666666666668 0.005
0 0.8466666666666667 0.020833333333333332 0.02666666666666667 0.041666666666666664
0 0.7758333333333334 0.32416666666666666 0.018333333333333333 0.065
0 0.8175 0.33 0.025 0.056666666666666664
0 0.2841666666666667 0.3516666666666667 0.041666666666666664 0.056666666666666664
0 0.7608333333333334 0.35833333333333334 0.021666666666666667 0.07666666666666666
0 0.8133333333333334 0.3625 0.023333333333333334 0.075
0 0.7866666666666666 0.37666666666666665 0.02 0.07666666666666666
0 0.23833333333333334 0.3825 0.043333333333333335 0.035
0 0.2775 0.395 0.018333333333333333 0.04666666666666667
0 0.7691666666666667 0.3975 0.018333333333333333 0.065
0 0.17083333333333334 0.41 0.028333333333333332 0.05
0 0.7541666666666667 0.4175 0.015 0.055
0 0.2075 0.4191666666666667 0.035 0.03833333333333333
0 0.2658333333333333 0.42 0.025 0.056666666666666664
0 0.20666666666666667 0.4225 0.03666666666666667 0.045
0 0.8483333333333334 0.43666666666666665 0.02 0.07333333333333333
0 0.2375 0.43583333333333335 0.03166666666666667 0.035
0 0.7591666666666667 0.43833333333333335 0.018333333333333333 0.08
0 0.14333333333333334 0.44416666666666665 0.03 0.041666666666666664
0 0.16916666666666666 0.4425 0.041666666666666664 0.04833333333333333
0 0.275 0.43333333333333335 0.0033333333333333335 0.02
0 0.11583333333333333 0.45416666666666666 0.028333333333333332 0.045
0 0.18833333333333332 0.45416666666666666 0.03666666666666667 0.028333333333333332
