0 0.8358333333333333 0.4375 0.021666666666666667 0.04833333333333333
0 0.8666666666666667 0.44166666666666665 0.023333333333333334 0.06666666666666667
0 0.8183333333333334 0.44583333333333336 0.016666666666666666 0.058333333333333334
0 0.5016666666666667 0.46416666666666667 0.016666666666666666 0.058333333333333334
0 0.8525 0.4658333333333333 0.015 0.03833333333333333
0 0.175 0.47 0.03 0.03666666666666667
0 0.8316666666666667 0.47833333333333333 0.02 0.07
0 0.8425 0.4975 0.015 0.075
0 0.185 0.5016666666666667 0.03666666666666667 0.03333333333333333
0 0.17416666666666666 0.5291666666666667 0.03166666666666667 0.03833333333333333
0 0.8533333333333334 0.525 0.02 0.06666666666666667
0 0.4525 0.5308333333333334 0.041666666666666664 0.03166666666666667
0 0.2 0.5308333333333334 0.03666666666666667 0.03166666666666667
0 0.01 0.5341666666666667 0.02 0.058333333333333334
0 0.8291666666666667 0.5375 0.018333333333333333 0.065
0 0.14166666666666666 0.5358333333333334 0.02666666666666667 0.041666666666666664
0 0.035 0.5391666666666667 0.02 0.075
0 0.06833333333333333 0.5425 0.03 0.07833333333333334
0 0.2225 0.5541666666666667 0.03166666666666667 0.035
0 0.19 0.5658333333333333 0.03333333333333333 0.03833333333333333
0 0.86 0.5675 0.016666666666666666 0.06166666666666667
0 0.82 0.5716666666666667 0.02 0.056666666666666664
0 0.175 0.5716666666666667 0.03666666666666667 0.04
0 0.13416666666666666 0.5791666666666667 0.025 0.025
0 0.205 0.5775 0.016666666666666666 0.06166666666666667
0 0.1525 0.5775 0.035 0.04833333333333333
0 0.8508333333333333 0.585 0.015 0.06333333333333334
0 0.8716666666666667 0.5941666666666666 0.013333333333333334 0.055
0 0.8066666666666666 0.6008333333333333 0.016666666666666666 0.058333333333333334
0 0.8375 0.5958333333333333 0.018333333333333333 0.06833333333333333
0 0.7833333333333333 0.6025 0.02 0.07166666666666667
0 0.005 0.595 0.01 0.06333333333333334
0 0.18833333333333332 0.605 0.03333333333333333 0.03
0 0.21166666666666667 0.6108333333333333 0.02 0.08166666666666667
0 0.17833333333333334 0.014166666666666666 0.023333333333333334 0.028333333333333332
0 0.8191666666666667 0.6175 0.015 0.06166666666666667
0 0.03 0.625 0.023333333333333334 0.06
0 0.1875 0.6241666666666666 0.03166666666666667 0.025
0 0.8533333333333334 0.6225 0.023333333333333334 0.04833333333333333
0 0.17666666666666667 0.6308333333333334 0.04666666666666667 0.03833333333333333
0 0.8041666666666667 0.6508333333333334 0.025 0.06166666666666667
0 0.6866666666666666 0.6516666666666666 0.02 0.06
0 0.8291666666666667 0.6525 0.028333333333333332 0.045
0 0.1775 0.6591666666666667 0.051666666666666666 0.03166666666666667
0 0.16 0.6766666666666666 0.02666666666666667 0.02
0 0.6983333333333334 0.685 0.02 0.06666666666666667
0 0.17666666666666667 0.6933333333333334 0.03 0.02
0 0.005 0.7016666666666667 0.01 0.04666666666666667
0 0.6775 0.7108333333333333 0.018333333333333333 0.06833333333333333
0 0.8858333333333334 0.02666666666666667 0.035 0.04
0 0.8325 0.8791666666666667 0.025 0.06166666666666667
0 0.8416666666666667 0.9275 0.02666666666666667 0.06833333333333333
0 0.1825 0.041666666666666664 0.045 0.056666666666666664
0 0.89 0.059166666666666666 0.03333333333333333 0.03833333333333333
0 0.6883333333333334 0.15 0.023333333333333334 0.08
0 0.17333333333333334 0.1775 0.03 0.07166666666666667
0 0.8775 0.2916666666666667 0.0016666666666666668 0.0033333333333333335
0 0.8925 0.28583333333333333 0.021666666666666667 0.045
0 0.5983333333333334 0.30416666666666664 0.016666666666666666 0.08166666666666667
0 0.87 0.30583333333333335 0.023333333333333334 0.06833333333333333
0 0.5283333333333333 0.31 0.023333333333333334 0.08
0 0.8883333333333333 0.30583333333333335 0.02666666666666667 0.07833333333333334
0 0.8766666666666667 0.33916666666666667 0.023333333333333334 0.051666666666666666
0 0.8408333333333333 0.3408333333333333 0.025 0.058333333333333334
0 0.8908333333333334 0.3475 0.021666666666666667 0.058333333333333334
0 0.86 0.36833333333333335 0.02 0.05333333333333334
0 0.8216666666666667 0.4125 0.0033333333333333335 0.0016666666666666668
0 0.8725 0.3908333333333333 0.018333333333333333 0.035
0 0.8416666666666667 0.3975 0.016666666666666666 0.06166666666666667
0 0.5191666666666667 0.4041666666666667 0.035 0.058333333333333334
0 0.82 0.40166666666666667 0.016666666666666666 0.03333333333333333
0 0.06166666666666667 0.4058333333333333 0.023333333333333334 0.051666666666666666
0 0.49833333333333335 0.41833333333333333 0.023333333333333334 0.03666666666666667
0 0.8533333333333334 0.415 0.02 0.056666666666666664
0 0.5233333333333333 0.42916666666666664 0.03333333333333333 0.065
