0 0.8066666666666666 0.5266666666666666 0.03666666666666667 0.04666666666666667
0 0.9366666666666666 0.5033333333333333 0.05 0.04
0 0.8716666666666667 0.49416666666666664 0.06 0.041666666666666664
0 0.1875 0.4875 0.028333333333333332 0.09166666666666666
0 0.8933333333333333 0.48583333333333334 0.016666666666666666 0.008333333333333333
0 0.9641666666666666 0.3616666666666667 0.005 0.006666666666666667
0 0.9508333333333333 0.3491666666666667 0.045 0.058333333333333334
0 0.955 0.32 0.013333333333333334 0.013333333333333334
0 0.12083333333333333 0.25833333333333336 0.035 0.09
0 0.14083333333333334 0.09916666666666667 0.035 0.075
0 0.15833333333333333 0.030833333333333334 0.023333333333333334 0.06166666666666667
0 0.6833333333333333 0.7783333333333333 0.05 0.043333333333333335
0 0.4375 0.7741666666666667 0.045 0.04833333333333333
0 0.4075 0.7766666666666666 0.041666666666666664 0.05333333333333334
0 0.255 0.7683333333333333 0.043333333333333335 0.06
0 0.4691666666666667 0.7708333333333334 0.051666666666666666 0.045
0 0.5266666666666666 0.7666666666666667 0.03666666666666667 0.043333333333333335
0 0.7341666666666666 0.7391666666666666 0.041666666666666664 0.06833333333333333
0 0.575 0.6991666666666667 0.04 0.065
0 0.7716666666666666 0.6841666666666667 0.03666666666666667 0.065
0 0.20833333333333334 0.6683333333333333 0.03 0.07666666666666666
0 0.6058333333333333 0.6475 0.035 0.04833333333333333
0 0.8041666666666667 0.6425 0.03166666666666667 0.055
0 0.7483333333333333 0.6116666666666667 0.04666666666666667 0.05333333333333334
0 0.6916666666666667 0.6108333333333333 0.05333333333333334 0.035
0 0.8291666666666667 0.6058333333333333 0.028333333333333332 0.06166666666666667
0 0.6425 0.6016666666666667 0.04833333333333333 0.03666666666666667
0 0.7666666666666667 0.5641666666666667 0.05 0.051666666666666666
