0 0.745 0.44333333333333336 0.02666666666666667 0.056666666666666664
0 0.61 0.455 0.04 0.056666666666666664
0 0.5916666666666667 0.4608333333333333 0.03333333333333333 0.055
0 0.49166666666666664 0.46 0.05 0.06666666666666667
0 0.5416666666666666 0.4875 0.03333333333333333 0.06833333333333333
0 0.5666666666666667 0.495 0.03 0.06333333333333334
0 0.5058333333333334 0.49333333333333335 0.045 0.05
0 0.5883333333333334 0.5 0.03 0.043333333333333335
0 0.5391666666666667 0.535 0.051666666666666666 0.04
0 0.5675 0.29833333333333334 0.041666666666666664 0.056666666666666664
0 0.5291666666666667 0.30666666666666664 0.03833333333333333 0.05333333333333334
0 0.6425 0.32416666666666666 0.055 0.035
0 0.5475 0.3275 0.041666666666666664 0.035
0 0.5925 0.35083333333333333 0.041666666666666664 0.045
0 0.505 0.3525 0.05333333333333334 0.035
0 0.6233333333333333 0.3591666666666667 0.03333333333333333 0.03833333333333333
0 0.6983333333333334 0.3591666666666667 0.04666666666666667 0.055
0 0.5591666666666667 0.36 0.04833333333333333 0.03333333333333333
0 0.6491666666666667 0.36333333333333334 0.045 0.05
0 0.5158333333333334 0.37916666666666665 0.03833333333333333 0.051666666666666666
0 0.4841666666666667 0.3908333333333333 0.04833333333333333 0.058333333333333334
0 0.5566666666666666 0.4 0.04 0.06
0 0.5966666666666667 0.4 0.02666666666666667 0.06
0 0.5758333333333333 0.40166666666666667 0.03166666666666667 0.05333333333333334
0 0.6208333333333333 0.42 0.028333333333333332 0.06333333333333334
0 0.7158333333333333 0.4166666666666667 0.041666666666666664 0.08333333333333333
0 0.6391666666666667 0.42333333333333334 0.03166666666666667 0.08
0 0.6958333333333333 0.42083333333333334 0.045 0.06833333333333333
0 0.47833333333333333 0.43 0.04666666666666667 0.06333333333333334
0 0.6691666666666667 0.43833333333333335 0.035 0.056666666666666664
0 0.5316666666666666 0.43666666666666665 0.03666666666666667 0.04
0 0.5566666666666666 0.44166666666666665 0.03666666666666667 0.06
