0 0.14333333333333334 0.5083333333333333 0.07333333333333333 0.10333333333333333
0 0.10583333333333333 0.5016666666666667 0.041666666666666664 0.12
0 0.9925 0.4666666666666667 0.015 0.03333333333333333
0 0.17166666666666666 0.455 0.06333333333333334 0.11
0 0.43083333333333335 0.38416666666666666 0.07833333333333334 0.058333333333333334
0 0.775 0.9816666666666667 0.05 0.03666666666666667
0 0.605 0.24666666666666667 0.056666666666666664 0.11666666666666667
0 0.59 0.165 0.07 0.06333333333333334
0 0.5666666666666667 0.09166666666666666 0.07333333333333333 0.07666666666666666
0 0.49666666666666665 0.07416666666666667 0.07333333333333333 0.06833333333333333
0 0.7975 0.060833333333333336 0.03166666666666667 0.12166666666666667
0 0.9375 0.92 0.07166666666666667 0.07
0 0.6983333333333334 0.9166666666666666 0.06 0.11666666666666667
0 0.5183333333333333 0.8558333333333333 0.05333333333333334 0.10166666666666667
0 0.09416666666666666 0.7466666666666667 0.065 0.08333333333333333
0 0.9 0.7316666666666667 0.07333333333333333 0.07
0 0.0675 0.6708333333333333 0.08166666666666667 0.065
0 0.8658333333333333 0.6525 0.07166666666666667 0.058333333333333334
0 0.13583333333333333 0.6466666666666666 0.085 0.06666666666666667
0 0.12333333333333334 0.59 0.07333333333333333 0.05333333333333334
