0 0.7158333333333333 0.5108333333333334 0.051666666666666666 0.04833333333333333
0 0.6291666666666667 0.515 0.055 0.04
0 0.81 0.5175 0.04 0.051666666666666666
0 0.8066666666666666 0.5508333333333333 0.05333333333333334 0.055
0 0.855 0.565 0.05333333333333334 0.06
0 0.11666666666666667 0.5933333333333334 0.023333333333333334 0.1
0 0.88 0.6216666666666667 0.056666666666666664 0.03333333333333333
0 0.9225 0.6458333333333334 0.051666666666666666 0.045
0 0.9316666666666666 0.6591666666666667 0.03333333333333333 0.018333333333333333
0 0.9741666666666666 0.6716666666666666 0.051666666666666666 0.05
0 0.815 0.7025 0.04666666666666667 0.07833333333333334
0 0.9558333333333333 0.7775 0.005 0.008333333333333333
0 0.9408333333333333 0.7891666666666667 0.04833333333333333 0.065
0 0.065 0.8 0.03333333333333333 0.08333333333333333
0 0.0375 0.9466666666666667 0.028333333333333332 0.10666666666666667
0 0.225 0.305 0.043333333333333335 0.03333333333333333
0 0.44083333333333335 0.32 0.055 0.03666666666666667
0 0.18166666666666667 0.3283333333333333 0.04666666666666667 0.043333333333333335
0 0.3541666666666667 0.32166666666666666 0.04833333333333333 0.05333333333333334
0 0.6816666666666666 0.345 0.05333333333333334 0.043333333333333335
0 0.495 0.35083333333333333 0.04 0.06166666666666667
0 0.155 0.395 0.02666666666666667 0.09333333333333334
0 0.7175 0.40166666666666667 0.04833333333333333 0.06333333333333334
0 0.5366666666666666 0.4141666666666667 0.04 0.06166666666666667
0 0.77 0.4691666666666667 0.04666666666666667 0.06166666666666667
0 0.5783333333333334 0.4708333333333333 0.05 0.051666666666666666
0 0.6766666666666666 0.475 0.05333333333333334 0.043333333333333335
