0 0.39916666666666667 0.4625 0.021666666666666667 0.075
0 0.10416666666666667 0.47333333333333333 0.021666666666666667 0.06333333333333334
0 0.12916666666666668 0.5008333333333334 0.021666666666666667 0.041666666666666664
0 0.11583333333333333 0.4975 0.018333333333333333 0.07166666666666667
0 0.18166666666666667 0.515 0.02666666666666667 0.05333333333333334
0 0.14083333333333334 0.5141666666666667 0.021666666666666667 0.045
0 0.1275 0.59 0.0016666666666666668 0.006666666666666667
0 0.16416666666666666 0.5575 0.041666666666666664 0.035
0 0.12416666666666666 0.56 0.018333333333333333 0.08
0 0.2025 0.6541666666666667 0.018333333333333333 0.07833333333333334
0 0.17333333333333334 0.7258333333333333 0.04 0.058333333333333334
0 0.2125 0.815 0.021666666666666667 0.06
0 0.21416666666666667 0.8716666666666667 0.025 0.08
0 0.19166666666666668 0.8758333333333334 0.02666666666666667 0.058333333333333334
0 0.13166666666666665 0.8783333333333333 0.04 0.03333333333333333
0 0.645 0.04416666666666667 0.023333333333333334 0.045
0 0.12083333333333333 0.91 0.035 0.03333333333333333
0 0.18083333333333335 0.92 0.035 0.03666666666666667
0 0.13333333333333333 0.925 0.03 0.05333333333333334
0 0.15083333333333335 0.9241666666666667 0.03166666666666667 0.03833333333333333
0 0.1125 0.9366666666666666 0.021666666666666667 0.02666666666666667
0 0.19833333333333333 0.9408333333333333 0.03333333333333333 0.055
0 0.1475 0.9525 0.03833333333333333 0.03166666666666667
0 0.1725 0.9591666666666666 0.028333333333333332 0.04833333333333333
0 0.11666666666666667 0.9783333333333334 0.043333333333333335 0.043333333333333335
0 0.19 0.985 0.03 0.03
0 0.1425 0.9825 0.025 0.028333333333333332
0 0.10166666666666667 0.9841666666666666 0.02 0.03166666666666667
0 0.23666666666666666 0.9833333333333333 0.023333333333333334 0.03333333333333333
0 0.24083333333333334 0.9841666666666666 0.03166666666666667 0.03166666666666667
0 0.13666666666666666 0.9941666666666666 0.0033333333333333335 0.0016666666666666668
0 0.175 0.9975 0.03 0.005
0 0.12666666666666668 0.995 0.03333333333333333 0.01
0 0.6175 0.06666666666666667 0.021666666666666667 0.05333333333333334
0 0.6008333333333333 0.0675 0.021666666666666667 0.03833333333333333
0 0.6375 0.0875 0.021666666666666667 0.03833333333333333
0 0.6625 0.09 0.021666666666666667 0.05333333333333334
0 0.6883333333333334 0.09666666666666666 0.013333333333333334 0.04
0 0.6491666666666667 0.09083333333333334 0.018333333333333333 0.041666666666666664
0 0.6175 0.09916666666666667 0.028333333333333332 0.03166666666666667
0 0.6808333333333333 0.10083333333333333 0.021666666666666667 0.03833333333333333
0 0.7025 0.12 0.015 0.05333333333333334
0 0.6058333333333333 0.12333333333333334 0.011666666666666667 0.03
0 0.6441666666666667 0.12 0.025 0.04
0 0.6225 0.12916666666666668 0.03166666666666667 0.03166666666666667
0 0.6675 0.13916666666666666 0.025 0.055
0 0.685 0.13833333333333334 0.023333333333333334 0.043333333333333335
0 0.7125 0.14166666666666666 0.015 0.05
0 0.6541666666666667 0.15666666666666668 0.03166666666666667 0.04666666666666667
0 0.6083333333333333 0.17 0.023333333333333334 0.02666666666666667
0 0.7058333333333333 0.17333333333333334 0.018333333333333333 0.05
0 0.6916666666666667 0.2 0.016666666666666666 0.06
0 0.725 0.2 0.016666666666666666 0.07666666666666666
0 0.6758333333333333 0.20583333333333334 0.018333333333333333 0.06833333333333333
0 0.7025 0.2075 0.011666666666666667 0.051666666666666666
0 0.7533333333333333 0.21916666666666668 0.016666666666666666 0.058333333333333334
0 0.7408333333333333 0.21916666666666668 0.018333333333333333 0.06166666666666667
0 0.5958333333333333 0.22083333333333333 0.018333333333333333 0.065
0 0.7125 0.2275 0.015 0.06166666666666667
0 0.7033333333333334 0.26166666666666666 0.03333333333333333 0.06333333333333334
0 0.6941666666666667 0.26416666666666666 0.021666666666666667 0.035
0 0.7408333333333333 0.26666666666666666 0.021666666666666667 0.05333333333333334
0 0.7266666666666667 0.2783333333333333 0.02 0.07666666666666666
