0 0.22166666666666668 0.4658333333333333 0.023333333333333334 0.065
0 0.25916666666666666 0.4775 0.028333333333333332 0.03833333333333333
0 0.2808333333333333 0.54 0.018333333333333333 0.07
0 0.31166666666666665 0.5958333333333333 0.013333333333333334 0.028333333333333332
0 0.325 0.6116666666666667 0.016666666666666666 0.056666666666666664
0 0.295 0.6166666666666667 0.016666666666666666 0.056666666666666664
0 0.2525 0.6383333333333333 0.03833333333333333 0.05333333333333334
0 0.7491666666666666 0.0525 0.025 0.041666666666666664
0 0.31 0.6475 0.016666666666666666 0.075
0 0.32666666666666666 0.6541666666666667 0.023333333333333334 0.06166666666666667
0 0.285 0.6666666666666666 0.02 0.06666666666666667
0 0.2975 0.67 0.011666666666666667 0.06333333333333334
0 0.33416666666666667 0.6916666666666667 0.021666666666666667 0.06
0 0.7225 0.05583333333333333 0.03833333333333333 0.058333333333333334
0 0.3125 0.7166666666666667 0.018333333333333333 0.06666666666666667
0 0.355 0.72 0.013333333333333334 0.05333333333333334
0 0.7775 0.0625 0.03166666666666667 0.028333333333333332
0 0.31833333333333336 0.73 0.013333333333333334 0.03666666666666667
0 0.3416666666666667 0.7333333333333333 0.013333333333333334 0.06333333333333334
0 0.32666666666666666 0.7591666666666667 0.02 0.06166666666666667
0 0.35 0.77 0.03 0.04666666666666667
0 0.49916666666666665 0.7908333333333334 0.028333333333333332 0.03833333333333333
0 0.47833333333333333 0.7933333333333333 0.02666666666666667 0.03333333333333333
0 0.4691666666666667 0.8225 0.03166666666666667 0.028333333333333332
0 0.47583333333333333 0.8558333333333333 0.03166666666666667 0.03833333333333333
0 0.43166666666666664 0.8775 0.03666666666666667 0.03166666666666667
0 0.395 0.8866666666666667 0.03666666666666667 0.03333333333333333
0 0.3375 0.8858333333333334 0.035 0.045
0 0.4475 0.8908333333333334 0.035 0.03166666666666667
0 0.42 0.8966666666666666 0.02 0.03333333333333333
0 0.4658333333333333 0.9 0.028333333333333332 0.04
0 0.4058333333333333 0.9116666666666666 0.028333333333333332 0.02666666666666667
0 0.44083333333333335 0.9175 0.028333333333333332 0.025
0 0.7908333333333334 0.08333333333333333 0.018333333333333333 0.04666666666666667
0 0.4166666666666667 0.9333333333333333 0.03 0.02666666666666667
0 0.38166666666666665 0.9383333333333334 0.03333333333333333 0.03333333333333333
0 0.3616666666666667 0.9583333333333334 0.03333333333333333 0.03
0 0.37166666666666665 0.9816666666666667 0.023333333333333334 0.03
0 0.7691666666666667 0.10333333333333333 0.018333333333333333 0.08666666666666667
0 0.7975 0.12166666666666667 0.018333333333333333 0.07333333333333333
0 0.7116666666666667 0.006666666666666667 0.013333333333333334 0.013333333333333334
0 0.6958333333333333 0.008333333333333333 0.025 0.016666666666666666
0 0.6641666666666667 0.1425 0.018333333333333333 0.07166666666666667
0 0.7841666666666667 0.145 0.018333333333333333 0.07666666666666666
0 0.5891666666666666 0.18083333333333335 0.021666666666666667 0.041666666666666664
0 0.7275 0.013333333333333334 0.018333333333333333 0.02666666666666667
0 0.6 0.22083333333333333 0.03 0.058333333333333334
0 0.5875 0.22666666666666666 0.021666666666666667 0.03666666666666667
0 0.7633333333333333 0.020833333333333332 0.02 0.041666666666666664
0 0.745 0.019166666666666665 0.02 0.03833333333333333
0 0.7791666666666667 0.025 0.018333333333333333 0.05
0 0.2 0.30833333333333335 0.02666666666666667 0.02
0 0.7916666666666666 0.024166666666666666 0.013333333333333334 0.04833333333333333
0 0.17916666666666667 0.3325 0.021666666666666667 0.075
0 0.7041666666666667 0.020833333333333332 0.011666666666666667 0.011666666666666667
0 0.7225 0.024166666666666666 0.021666666666666667 0.025
0 0.18833333333333332 0.35 0.013333333333333334 0.06
0 0.4666666666666667 0.38666666666666666 0.016666666666666666 0.07333333333333333
0 0.19583333333333333 0.4008333333333333 0.018333333333333333 0.04833333333333333
0 0.21416666666666667 0.43416666666666665 0.018333333333333333 0.051666666666666666
0 0.2575 0.455 0.028333333333333332 0.03666666666666667
0 0.20083333333333334 0.45666666666666667 0.018333333333333333 0.07333333333333333
