0 0.105 0.5333333333333333 0.006666666666666667 0.006666666666666667
0 0.09666666666666666 0.5233333333333333 0.03666666666666667 0.06333333333333334
0 0.43666666666666665 0.5308333333333334 0.023333333333333334 0.06166666666666667
0 0.11416666666666667 0.5233333333333333 0.028333333333333332 0.03333333333333333
0 0.09 0.5158333333333334 0.02666666666666667 0.04833333333333333
0 0.885 0.5108333333333334 0.023333333333333334 0.06166666666666667
0 0.08333333333333333 0.48833333333333334 0.02666666666666667 0.06
0 0.07333333333333333 0.45416666666666666 0.02 0.051666666666666666
0 0.77 0.43916666666666665 0.0033333333333333335 0.0016666666666666668
0 0.09333333333333334 0.44333333333333336 0.023333333333333334 0.03666666666666667
0 0.06833333333333333 0.42833333333333334 0.023333333333333334 0.05333333333333334
0 0.47333333333333333 0.42583333333333334 0.04 0.03166666666666667
0 0.7508333333333334 0.42583333333333334 0.041666666666666664 0.03833333333333333
0 0.09166666666666666 0.4058333333333333 0.03 0.045
0 0.7266666666666667 0.4041666666666667 0.043333333333333335 0.035
0 0.7575 0.39916666666666667 0.041666666666666664 0.051666666666666666
0 0.17833333333333334 0.3925 0.03 0.065
0 0.6716666666666666 0.38916666666666666 0.03 0.03833333333333333
0 0.8716666666666667 0.385 0.02666666666666667 0.08
0 0.9308333333333333 0.38083333333333336 0.025 0.06833333333333333
0 0.10083333333333333 0.36666666666666664 0.03166666666666667 0.04666666666666667
0 0.7641666666666667 0.3675 0.03833333333333333 0.065
0 0.7508333333333334 0.3616666666666667 0.018333333333333333 0.04
0 0.7358333333333333 0.355 0.015 0.06333333333333334
0 0.07416666666666667 0.9616666666666667 0.035 0.06
0 0.7241666666666666 0.3416666666666667 0.018333333333333333 0.08666666666666667
0 0.775 0.3425 0.023333333333333334 0.058333333333333334
0 0.7483333333333333 0.31833333333333336 0.03333333333333333 0.03333333333333333
0 0.9375 0.31583333333333335 0.021666666666666667 0.06833333333333333
0 0.24666666666666667 0.3025 0.03 0.051666666666666666
0 0.7533333333333333 0.30083333333333334 0.03333333333333333 0.021666666666666667
0 0.8841666666666667 0.2925 0.03833333333333333 0.055
0 0.7725 0.28583333333333333 0.028333333333333332 0.051666666666666666
0 0.745 0.2816666666666667 0.04666666666666667 0.023333333333333334
0 0.7775 0.275 0.03166666666666667 0.03666666666666667
0 0.9058333333333334 0.26666666666666666 0.025 0.056666666666666664
0 0.7341666666666666 0.265 0.04833333333333333 0.03666666666666667
0 0.26916666666666667 0.2608333333333333 0.018333333333333333 0.06166666666666667
0 0.23333333333333334 0.25333333333333335 0.02666666666666667 0.05333333333333334
0 0.7566666666666667 0.24666666666666667 0.02666666666666667 0.02
0 0.7741666666666667 0.24 0.018333333333333333 0.04
0 0.12 0.13416666666666666 0.02666666666666667 0.07166666666666667
0 0.9475 0.09333333333333334 0.021666666666666667 0.06
0 0.11416666666666667 0.07666666666666666 0.03166666666666667 0.07333333333333333
0 0.051666666666666666 0.9133333333333333 0.03 0.07666666666666666
0 0.7608333333333334 0.8841666666666667 0.035 0.065
0 0.7525 0.8433333333333334 0.035 0.07333333333333333
0 0.2708333333333333 0.835 0.021666666666666667 0.08
0 0.07333333333333333 0.7558333333333334 0.023333333333333334 0.03833333333333333
0 0.7841666666666667 0.755 0.03166666666666667 0.07
0 0.09166666666666666 0.7208333333333333 0.023333333333333334 0.06833333333333333
0 0.07166666666666667 0.7033333333333334 0.02666666666666667 0.07
0 0.0925 0.6908333333333333 0.025 0.06166666666666667
0 0.07666666666666666 0.6883333333333334 0.023333333333333334 0.08
0 0.05 0.6775 0.02 0.058333333333333334
0 0.11833333333333333 0.6566666666666666 0.023333333333333334 0.05333333333333334
0 0.08416666666666667 0.6533333333333333 0.018333333333333333 0.06333333333333334
0 0.06333333333333334 0.6441666666666667 0.02 0.051666666666666666
0 0.07166666666666667 0.6425 0.016666666666666666 0.03833333333333333
0 0.09833333333333333 0.6341666666666667 0.02 0.051666666666666666
0 0.12833333333333333 0.6325 0.02 0.07833333333333334
0 0.3825 0.6208333333333333 0.035 0.045
0 0.08416666666666667 0.6191666666666666 0.021666666666666667 0.03833333333333333
0 0.1225 0.5966666666666667 0.025 0.08
0 0.0775 0.5991666666666666 0.018333333333333333 0.045
0 0.05583333333333333 0.5925 0.021666666666666667 0.06166666666666667
0 0.105 0.5866666666666667 0.02 0.06
0 0.42833333333333334 0.5875 0.023333333333333334 0.025
0 0.405 0.5825 0.04 0.035
0 0.3525 0.5833333333333334 0.018333333333333333 0.07
0 0.10166666666666667 0.5783333333333334 0.03333333333333333 0.07
0 0.0675 0.5658333333333333 0.021666666666666667 0.06166666666666667
0 0.0775 0.5691666666666667 0.018333333333333333 0.051666666666666666
0 0.12583333333333332 0.5683333333333334 0.021666666666666667 0.03
0 0.41083333333333333 0.5525 0.035 0.051666666666666666
