0 0.4708333333333333 0.4841666666666667 0.028333333333333332 0.028333333333333332
0 0.4141666666666667 0.4725 0.035 0.041666666666666664
0 0.46 0.47 0.02666666666666667 0.03666666666666667
0 0.44166666666666665 0.465 0.03333333333333333 0.03
0 0.445 0.43666666666666665 0.03 0.04666666666666667
0 0.4033333333333333 0.43416666666666665 0.03333333333333333 0.03166666666666667
0 0.47833333333333333 0.43166666666666664 0.03666666666666667 0.043333333333333335
0 0.4716666666666667 0.41583333333333333 0.02666666666666667 0.041666666666666664
0 0.4216666666666667 0.4166666666666667 0.02666666666666667 0.03
0 0.44166666666666665 0.41333333333333333 0.03666666666666667 0.06
0 0.3883333333333333 0.4125 0.03333333333333333 0.028333333333333332
0 0.375 0.39416666666666667 0.03666666666666667 0.028333333333333332
0 0.4125 0.39 0.03166666666666667 0.02666666666666667
0 0.475 0.38666666666666666 0.03 0.04
0 0.49916666666666665 0.38666666666666666 0.03166666666666667 0.03666666666666667
0 0.44333333333333336 0.38 0.03666666666666667 0.04
0 0.3925 0.37083333333333335 0.041666666666666664 0.028333333333333332
0 0.9216666666666666 0.9333333333333333 0.02666666666666667 0.023333333333333334
0 0.6233333333333333 0.22833333333333333 0.023333333333333334 0.07
0 0.9366666666666666 0.92 0.03 0.04
0 0.73 0.185 0.04 0.03
0 0.755 0.17833333333333334 0.03666666666666667 0.05333333333333334
0 0.7216666666666667 0.135 0.03 0.04666666666666667
0 0.0625 0.13083333333333333 0.041666666666666664 0.051666666666666666
0 0.9708333333333333 0.915 0.028333333333333332 0.03
0 0.9908333333333333 0.9033333333333333 0.018333333333333333 0.03333333333333333
0 0.9658333333333333 0.8916666666666667 0.035 0.02666666666666667
0 0.985 0.86 0.03 0.06
0 0.9766666666666667 0.855 0.02 0.05333333333333334
