0 0.7875 0.9716666666666667 0.028333333333333332 0.056666666666666664
0 0.3725 0.9741666666666666 0.021666666666666667 0.051666666666666666
0 0.8275 0.43083333333333335 0.028333333333333332 0.04833333333333333
0 0.7791666666666667 0.4166666666666667 0.025 0.06333333333333334
0 0.8016666666666666 0.415 0.03 0.07
0 0.335 0.9683333333333334 0.02 0.06333333333333334
0 0.7975 0.41083333333333333 0.021666666666666667 0.051666666666666666
0 0.8308333333333333 0.3958333333333333 0.03166666666666667 0.065
0 0.5183333333333333 0.3933333333333333 0.016666666666666666 0.06666666666666667
0 0.7425 0.39416666666666667 0.028333333333333332 0.03166666666666667
0 0.7516666666666667 0.38083333333333336 0.0033333333333333335 0.0016666666666666668
0 0.48833333333333334 0.37 0.016666666666666666 0.07666666666666666
0 0.8058333333333333 0.3575 0.028333333333333332 0.055
0 0.5125 0.3491666666666667 0.015 0.07833333333333334
0 0.7533333333333333 0.3541666666666667 0.03 0.055
0 0.35333333333333333 0.9708333333333333 0.02666666666666667 0.045
0 0.5208333333333334 0.3333333333333333 0.021666666666666667 0.06333333333333334
0 0.5033333333333333 0.3233333333333333 0.013333333333333334 0.08
0 0.765 0.295 0.023333333333333334 0.06
0 0.515 0.26916666666666667 0.02666666666666667 0.06833333333333333
0 0.76 0.2608333333333333 0.02666666666666667 0.06833333333333333
0 0.7883333333333333 0.24083333333333334 0.02 0.085
0 0.495 0.24083333333333334 0.016666666666666666 0.08166666666666667
0 0.7733333333333333 0.20083333333333334 0.0033333333333333335 0.005
0 0.7575 0.215 0.025 0.07333333333333333
0 0.7766666666666666 0.20083333333333334 0.016666666666666666 0.03833333333333333
0 0.4791666666666667 0.18583333333333332 0.015 0.085
0 0.49833333333333335 0.18166666666666667 0.016666666666666666 0.08666666666666667
0 0.8783333333333333 0.17333333333333334 0.03666666666666667 0.06666666666666667
0 0.4691666666666667 0.17083333333333334 0.011666666666666667 0.07166666666666667
0 0.7683333333333333 0.16166666666666665 0.02 0.04
0 0.7833333333333333 0.13916666666666666 0.023333333333333334 0.075
0 0.4766666666666667 0.10833333333333334 0.02 0.05333333333333334
0 0.4891666666666667 0.11083333333333334 0.018333333333333333 0.07166666666666667
0 0.5091666666666667 0.08083333333333333 0.028333333333333332 0.06833333333333333
0 0.4875 0.0675 0.03166666666666667 0.028333333333333332
0 0.4083333333333333 0.9508333333333333 0.02 0.09833333333333333
0 0.5175 0.03166666666666667 0.035 0.06333333333333334
0 0.5033333333333333 0.030833333333333334 0.023333333333333334 0.045
0 0.3075 0.9025 0.018333333333333333 0.051666666666666666
0 0.39416666666666667 0.9033333333333333 0.018333333333333333 0.09666666666666666
0 0.7941666666666667 0.8958333333333334 0.018333333333333333 0.08166666666666667
0 0.37583333333333335 0.8758333333333334 0.018333333333333333 0.07166666666666667
0 0.30333333333333334 0.8625 0.02666666666666667 0.08833333333333333
0 0.38333333333333336 0.8625 0.016666666666666666 0.06166666666666667
0 0.38916666666666666 0.82 0.021666666666666667 0.06666666666666667
0 0.37083333333333335 0.8075 0.018333333333333333 0.055
0 0.35583333333333333 0.7808333333333334 0.015 0.051666666666666666
0 0.4166666666666667 0.9916666666666667 0.016666666666666666 0.016666666666666666
0 0.36333333333333334 0.755 0.023333333333333334 0.05333333333333334
0 0.35 0.7283333333333334 0.016666666666666666 0.03666666666666667
0 0.33 0.7233333333333334 0.023333333333333334 0.04666666666666667
0 0.30833333333333335 0.6991666666666667 0.02666666666666667 0.045
0 0.3525 0.6941666666666667 0.03166666666666667 0.07166666666666667
0 0.3283333333333333 0.6925 0.03 0.03833333333333333
0 0.30666666666666664 0.6625 0.023333333333333334 0.045
0 0.8825 0.65 0.028333333333333332 0.056666666666666664
0 0.29083333333333333 0.6075 0.0016666666666666668 0.0016666666666666668
0 0.295 0.6208333333333333 0.03333333333333333 0.051666666666666666
0 0.8791666666666667 0.6116666666666667 0.021666666666666667 0.05
0 0.3975 0.595 0.021666666666666667 0.07
0 0.4075 0.9758333333333333 0.018333333333333333 0.04833333333333333
0 0.4825 0.5825 0.025 0.075
0 0.8966666666666666 0.5808333333333333 0.02 0.065
0 0.4691666666666667 0.5716666666666667 0.015 0.05333333333333334
0 0.4475 0.5566666666666666 0.021666666666666667 0.043333333333333335
0 0.8891666666666667 0.5483333333333333 0.025 0.08
0 0.5725 0.5375 0.03166666666666667 0.065
