0 0.5483333333333333 0.4791666666666667 0.03666666666666667 0.025
0 0.5825 0.49083333333333334 0.03833333333333333 0.045
0 0.5791666666666667 0.5008333333333334 0.035 0.028333333333333332
0 0.27166666666666667 0.505 0.02 0.06
0 0.2375 0.53 0.018333333333333333 0.06
0 0.2575 0.5391666666666667 0.018333333333333333 0.07833333333333334
0 0.29083333333333333 0.5425 0.03166666666666667 0.03166666666666667
0 0.33416666666666667 0.5558333333333333 0.018333333333333333 0.06833333333333333
0 0.245 0.5783333333333334 0.016666666666666666 0.07
0 0.3575 0.5825 0.018333333333333333 0.051666666666666666
0 0.37583333333333335 0.5925 0.025 0.04833333333333333
0 0.22583333333333333 0.5983333333333334 0.015 0.03666666666666667
0 0.23333333333333334 0.6016666666666667 0.02 0.043333333333333335
0 0.3975 0.6108333333333333 0.018333333333333333 0.021666666666666667
0 0.2025 0.6191666666666666 0.028333333333333332 0.055
0 0.3775 0.6216666666666667 0.028333333333333332 0.03666666666666667
0 0.36083333333333334 0.6216666666666667 0.028333333333333332 0.03666666666666667
0 0.4191666666666667 0.6233333333333333 0.025 0.043333333333333335
0 0.5316666666666666 0.6283333333333333 0.02666666666666667 0.03333333333333333
0 0.5133333333333333 0.6358333333333334 0.03 0.03833333333333333
0 0.39916666666666667 0.6375 0.018333333333333333 0.035
0 0.2575 0.6441666666666667 0.035 0.04833333333333333
0 0.4166666666666667 0.6458333333333334 0.02666666666666667 0.045
0 0.5566666666666666 0.65 0.023333333333333334 0.056666666666666664
0 0.38 0.6525 0.016666666666666666 0.03166666666666667
0 0.39166666666666666 0.6566666666666666 0.03333333333333333 0.03666666666666667
0 0.4508333333333333 0.66 0.025 0.03666666666666667
0 0.4925 0.6591666666666667 0.03166666666666667 0.035
0 0.5291666666666667 0.6691666666666667 0.035 0.028333333333333332
0 0.48 0.6741666666666667 0.03666666666666667 0.03166666666666667
0 0.5591666666666667 0.6808333333333333 0.028333333333333332 0.045
0 0.44083333333333335 0.6808333333333333 0.021666666666666667 0.04833333333333333
0 0.5783333333333334 0.6816666666666666 0.016666666666666666 0.05
0 0.4241666666666667 0.6825 0.028333333333333332 0.03833333333333333
0 0.4583333333333333 0.6858333333333333 0.03 0.03166666666666667
0 0.4075 0.69 0.028333333333333332 0.02666666666666667
0 0.5075 0.6983333333333334 0.03833333333333333 0.03333333333333333
0 0.5966666666666667 0.7141666666666666 0.023333333333333334 0.065
0 0.47333333333333333 0.7141666666666666 0.04 0.025
0 0.585 0.725 0.03333333333333333 0.04
0 0.3441666666666667 0.0925 0.03833333333333333 0.03166666666666667
0 0.6233333333333333 0.0125 0.01 0.025
0 0.6283333333333333 0.021666666666666667 0.02 0.043333333333333335
0 0.3408333333333333 0.3258333333333333 0.041666666666666664 0.03166666666666667
