0 0.73 0.4725 0.02 0.07833333333333334
0 0.7491666666666666 0.028333333333333332 0.021666666666666667 0.056666666666666664
0 0.675 0.5608333333333333 0.03 0.065
0 0.43166666666666664 0.58 0.02 0.07
0 0.5658333333333333 0.6191666666666666 0.018333333333333333 0.08166666666666667
0 0.4241666666666667 0.6408333333333334 0.018333333333333333 0.058333333333333334
0 0.6041666666666666 0.66 0.015 0.08666666666666667
0 0.7166666666666667 0.04 0.013333333333333334 0.056666666666666664
0 0.6183333333333333 0.6716666666666666 0.013333333333333334 0.05333333333333334
0 0.5741666666666667 0.6841666666666667 0.015 0.07833333333333334
0 0.41083333333333333 0.6983333333333334 0.028333333333333332 0.08
0 0.5808333333333333 0.7058333333333333 0.015 0.07833333333333334
0 0.5608333333333333 0.7066666666666667 0.015 0.07
0 0.5975 0.7191666666666666 0.021666666666666667 0.065
0 0.705 0.041666666666666664 0.016666666666666666 0.056666666666666664
0 0.6158333333333333 0.7425 0.025 0.065
0 0.5975 0.75 0.015 0.043333333333333335
0 0.5658333333333333 0.7691666666666667 0.015 0.075
0 0.5725 0.8183333333333334 0.0016666666666666668 0.0033333333333333335
0 0.37666666666666665 0.8008333333333333 0.02666666666666667 0.07166666666666667
0 0.5766666666666667 0.8166666666666667 0.016666666666666666 0.07666666666666666
0 0.5658333333333333 0.8416666666666667 0.018333333333333333 0.07333333333333333
0 0.5841666666666666 0.8583333333333333 0.015 0.07666666666666666
0 0.36583333333333334 0.8658333333333333 0.028333333333333332 0.06833333333333333
0 0.345 0.8691666666666666 0.03 0.055
0 0.77 0.07416666666666667 0.02666666666666667 0.055
0 0.5708333333333333 0.91 0.015 0.07333333333333333
0 0.3275 0.935 0.025 0.07666666666666666
0 0.6041666666666666 0.94 0.015 0.06666666666666667
0 0.5875 0.9466666666666667 0.015 0.08
0 0.3383333333333333 0.9583333333333334 0.023333333333333334 0.06333333333333334
0 0.3375 0.9858333333333333 0.021666666666666667 0.028333333333333332
0 0.31916666666666665 0.985 0.018333333333333333 0.03
0 0.5991666666666666 0.9866666666666667 0.015 0.02666666666666667
0 0.59 0.9933333333333333 0.016666666666666666 0.013333333333333334
0 0.72 0.085 0.016666666666666666 0.04
0 0.16666666666666666 0.09333333333333334 0.01 0.03
0 0.7516666666666667 0.08833333333333333 0.02666666666666667 0.07333333333333333
0 0.71 0.12 0.02 0.04
0 0.695 0.10916666666666666 0.016666666666666666 0.06833333333333333
0 0.17583333333333334 0.1125 0.028333333333333332 0.07833333333333334
0 0.7225 0.11666666666666667 0.011666666666666667 0.03
0 0.7208333333333333 0.1525 0.018333333333333333 0.041666666666666664
0 0.6866666666666666 0.15416666666666667 0.016666666666666666 0.06833333333333333
0 0.7075 0.16333333333333333 0.015 0.056666666666666664
0 0.22416666666666665 0.17083333333333334 0.021666666666666667 0.07166666666666667
0 0.7416666666666667 0.17 0.023333333333333334 0.07333333333333333
0 0.6941666666666667 0.21666666666666667 0.0016666666666666668 0.0033333333333333335
0 0.68 0.20083333333333334 0.023333333333333334 0.075
0 0.6683333333333333 0.21083333333333334 0.02 0.041666666666666664
0 0.7316666666666667 0.22666666666666666 0.03 0.06333333333333334
0 0.23666666666666666 0.22333333333333333 0.013333333333333334 0.043333333333333335
0 0.7008333333333333 0.24416666666666667 0.018333333333333333 0.06833333333333333
0 0.32666666666666666 0.25083333333333335 0.02666666666666667 0.065
0 0.7591666666666667 0.2525 0.021666666666666667 0.07833333333333334
0 0.7158333333333333 0.25916666666666666 0.018333333333333333 0.04833333333333333
0 0.68 0.2633333333333333 0.02 0.056666666666666664
0 0.245 0.26916666666666667 0.016666666666666666 0.07833333333333334
0 0.6941666666666667 0.2808333333333333 0.015 0.07833333333333334
0 0.2375 0.2925 0.021666666666666667 0.08166666666666667
0 0.3233333333333333 0.2975 0.023333333333333334 0.04833333333333333
0 0.68 0.305 0.03333333333333333 0.07
0 0.7041666666666667 0.31583333333333335 0.015 0.04833333333333333
0 0.7816666666666666 0.3233333333333333 0.016666666666666666 0.06666666666666667
0 0.30333333333333334 0.345 0.016666666666666666 0.06666666666666667
0 0.31833333333333336 0.3441666666666667 0.016666666666666666 0.055
0 0.7041666666666667 0.36333333333333334 0.021666666666666667 0.056666666666666664
0 0.7208333333333333 0.37666666666666665 0.015 0.05
0 0.30833333333333335 0.4 0.023333333333333334 0.043333333333333335
0 0.2916666666666667 0.4058333333333333 0.03 0.051666666666666666
0 0.7158333333333333 0.425 0.018333333333333333 0.06
0 0.29 0.43916666666666665 0.03333333333333333 0.045
