0 0.545 0.5091666666666667 0.06333333333333334 0.09166666666666666
0 0.5016666666666667 0.5466666666666666 0.07666666666666666 0.05333333333333334
0 0.5941666666666666 0.5916666666666667 0.065 0.05
0 0.6091666666666666 0.04833333333333333 0.06166666666666667 0.056666666666666664
0 0.6008333333333333 0.7933333333333333 0.03166666666666667 0.11333333333333333
0 0.6125 0.12 0.065 0.06333333333333334
0 0.43916666666666665 0.008333333333333333 0.0016666666666666668 0.0033333333333333335
0 0.5025 0.0175 0.035 0.035
0 0.49833333333333335 0.2891666666666667 0.05333333333333334 0.08166666666666667
0 0.5908333333333333 0.3308333333333333 0.065 0.06166666666666667
0 0.5433333333333333 0.0225 0.04 0.045
0 0.615 0.38333333333333336 0.06666666666666667 0.05333333333333334
0 0.5766666666666667 0.4533333333333333 0.06333333333333334 0.06666666666666667
