0 0.8091666666666667 0.44 0.03166666666666667 0.04
0 0.33666666666666667 0.44416666666666665 0.016666666666666666 0.07833333333333334
0 0.765 0.4533333333333333 0.04 0.02666666666666667
0 0.815 0.4766666666666667 0.02 0.06666666666666667
0 0.7616666666666667 0.48083333333333333 0.03333333333333333 0.03166666666666667
0 0.7841666666666667 0.49083333333333334 0.025 0.06833333333333333
0 0.725 0.4975 0.03333333333333333 0.06166666666666667
0 0.7933333333333333 0.5083333333333333 0.023333333333333334 0.04666666666666667
0 0.825 0.5241666666666667 0.016666666666666666 0.058333333333333334
0 0.8116666666666666 0.5375 0.016666666666666666 0.06166666666666667
0 0.7916666666666666 0.5458333333333333 0.03 0.051666666666666666
0 0.7608333333333334 0.5566666666666666 0.035 0.06333333333333334
0 0.7925 0.5691666666666667 0.028333333333333332 0.045
0 0.8158333333333333 0.5816666666666667 0.021666666666666667 0.06
0 0.8241666666666667 0.6 0.018333333333333333 0.07666666666666666
0 0.76 0.6041666666666666 0.03333333333333333 0.055
0 0.7933333333333333 0.6083333333333333 0.02666666666666667 0.05333333333333334
0 0.7666666666666667 0.6366666666666667 0.02666666666666667 0.07
0 0.8033333333333333 0.6375 0.02666666666666667 0.04833333333333333
0 0.3725 0.6616666666666666 0.025 0.08
0 0.3925 0.6791666666666667 0.03166666666666667 0.06166666666666667
0 0.825 0.68 0.03333333333333333 0.08
0 0.42083333333333334 0.6941666666666667 0.045 0.055
0 0.7925 0.6933333333333334 0.03833333333333333 0.06666666666666667
0 0.49083333333333334 0.7133333333333334 0.035 0.06
0 0.4225 0.7291666666666666 0.028333333333333332 0.051666666666666666
0 0.40166666666666667 0.7316666666666667 0.03333333333333333 0.06333333333333334
0 0.7891666666666667 0.7391666666666666 0.03166666666666667 0.051666666666666666
0 0.7983333333333333 0.7491666666666666 0.03 0.058333333333333334
0 0.4508333333333333 0.7716666666666666 0.025 0.07333333333333333
0 0.31166666666666665 0.0125 0.023333333333333334 0.025
0 0.7891666666666667 0.7916666666666666 0.028333333333333332 0.04
0 0.7641666666666667 0.8233333333333334 0.035 0.043333333333333335
0 0.79 0.8233333333333334 0.03 0.05333333333333334
0 0.7525 0.8675 0.028333333333333332 0.045
0 0.29083333333333333 0.0175 0.021666666666666667 0.035
0 0.7766666666666666 0.8833333333333333 0.023333333333333334 0.06
0 0.34833333333333333 0.9616666666666667 0.03333333333333333 0.07666666666666666
0 0.3525 0.9766666666666667 0.021666666666666667 0.04666666666666667
0 0.7808333333333334 0.9941666666666666 0.015 0.011666666666666667
0 0.3358333333333333 0.020833333333333332 0.035 0.03833333333333333
0 0.32083333333333336 0.043333333333333335 0.035 0.03666666666666667
0 0.37166666666666665 0.0525 0.04 0.03833333333333333
0 0.28583333333333333 0.05333333333333334 0.021666666666666667 0.06666666666666667
0 0.35583333333333333 0.06666666666666667 0.03833333333333333 0.03
0 0.3016666666666667 0.07 0.016666666666666666 0.06
0 0.3858333333333333 0.08666666666666667 0.035 0.03
0 0.41583333333333333 0.09416666666666666 0.03166666666666667 0.028333333333333332
0 0.33166666666666667 0.10166666666666667 0.02 0.07666666666666666
0 0.49666666666666665 0.11833333333333333 0.03666666666666667 0.07666666666666666
0 0.5625 0.12333333333333334 0.035 0.06666666666666667
0 0.44166666666666665 0.12666666666666668 0.043333333333333335 0.03333333333333333
0 0.6116666666666667 0.13333333333333333 0.03 0.043333333333333335
0 0.32083333333333336 0.13333333333333333 0.021666666666666667 0.03666666666666667
0 0.635 0.14916666666666667 0.03333333333333333 0.06833333333333333
0 0.4791666666666667 0.15 0.03833333333333333 0.04
0 0.5975 0.15833333333333333 0.03833333333333333 0.056666666666666664
0 0.655 0.16083333333333333 0.023333333333333334 0.03833333333333333
0 0.3375 0.1675 0.028333333333333332 0.028333333333333332
0 0.63 0.18 0.03333333333333333 0.05
0 0.66 0.20583333333333334 0.02666666666666667 0.041666666666666664
0 0.35083333333333333 0.2075 0.03166666666666667 0.058333333333333334
0 0.6275 0.21833333333333332 0.028333333333333332 0.06666666666666667
0 0.37666666666666665 0.2275 0.02666666666666667 0.04833333333333333
0 0.6683333333333333 0.2475 0.02666666666666667 0.04833333333333333
0 0.6525 0.24666666666666667 0.025 0.06666666666666667
0 0.35583333333333333 0.25416666666666665 0.025 0.04833333333333333
0 0.765 0.26666666666666666 0.02 0.07666666666666666
0 0.37833333333333335 0.27666666666666667 0.03333333333333333 0.07
0 0.4125 0.2866666666666667 0.04833333333333333 0.05
0 0.32666666666666666 0.2925 0.02 0.08166666666666667
0 0.6716666666666666 0.315 0.02 0.08
0 0.7775 0.315 0.021666666666666667 0.06333333333333334
0 0.42583333333333334 0.3383333333333333 0.028333333333333332 0.056666666666666664
0 0.44333333333333336 0.3416666666666667 0.03333333333333333 0.05333333333333334
0 0.3383333333333333 0.35333333333333333 0.013333333333333334 0.05333333333333334
0 0.7966666666666666 0.3566666666666667 0.023333333333333334 0.07
0 0.7166666666666667 0.375 0.03333333333333333 0.11666666666666667
0 0.8208333333333333 0.38 0.028333333333333332 0.07
0 0.455 0.38916666666666666 0.02666666666666667 0.04833333333333333
0 0.7558333333333334 0.3875 0.03166666666666667 0.025
0 0.7225 0.3958333333333333 0.021666666666666667 0.07833333333333334
0 0.7 0.39666666666666667 0.02 0.08
0 0.6241666666666666 0.395 0.028333333333333332 0.07333333333333333
0 0.41583333333333333 0.4 0.03833333333333333 0.05333333333333334
0 0.7 0.4008333333333333 0.02 0.075
0 0.7591666666666667 0.38083333333333336 0.0016666666666666668 0.0016666666666666668
0 0.7933333333333333 0.42083333333333334 0.03 0.058333333333333334
