0 0.45916666666666667 0.525 0.015 0.06666666666666667
0 0.4975 0.5291666666666667 0.021666666666666667 0.06833333333333333
0 0.48583333333333334 0.5558333333333333 0.021666666666666667 0.065
0 0.4891666666666667 0.5941666666666666 0.021666666666666667 0.06166666666666667
0 0.475 0.605 0.023333333333333334 0.06333333333333334
0 0.4508333333333333 0.6075 0.015 0.065
0 0.43833333333333335 0.6283333333333333 0.01 0.06666666666666667
0 0.4791666666666667 0.6458333333333334 0.03166666666666667 0.028333333333333332
0 0.4666666666666667 0.6483333333333333 0.016666666666666666 0.06
0 0.4525 0.6533333333333333 0.018333333333333333 0.043333333333333335
0 0.445 0.6791666666666667 0.03666666666666667 0.03833333333333333
0 0.49083333333333334 0.6841666666666667 0.028333333333333332 0.025
0 0.4425 0.6925 0.028333333333333332 0.028333333333333332
0 0.49333333333333335 0.7041666666666667 0.023333333333333334 0.021666666666666667
0 0.47583333333333333 0.7066666666666667 0.025 0.043333333333333335
0 0.44666666666666666 0.7066666666666667 0.03666666666666667 0.05333333333333334
0 0.5033333333333333 0.7158333333333333 0.023333333333333334 0.025
0 0.4741666666666667 0.7241666666666666 0.025 0.03833333333333333
0 0.4716666666666667 0.76 0.02666666666666667 0.056666666666666664
0 0.49416666666666664 0.765 0.028333333333333332 0.03333333333333333
0 0.29833333333333334 0.07583333333333334 0.023333333333333334 0.058333333333333334
0 0.49166666666666664 0.8041666666666667 0.02 0.055
0 0.5125 0.8025 0.03166666666666667 0.045
0 0.5083333333333333 0.8375 0.016666666666666666 0.055
0 0.5283333333333333 0.8483333333333334 0.02666666666666667 0.03
0 0.5083333333333333 0.87 0.03 0.05
0 0.5325 0.8733333333333333 0.028333333333333332 0.03333333333333333
0 0.54 0.9033333333333333 0.02666666666666667 0.03333333333333333
0 0.5166666666666667 0.9075 0.02666666666666667 0.028333333333333332
0 0.5708333333333333 0.9083333333333333 0.03166666666666667 0.03666666666666667
0 0.5166666666666667 0.9183333333333333 0.03333333333333333 0.05333333333333334
0 0.5525 0.9308333333333333 0.03166666666666667 0.03166666666666667
0 0.5541666666666667 0.955 0.03166666666666667 0.02666666666666667
0 0.32083333333333336 0.12333333333333334 0.035 0.03333333333333333
0 0.31666666666666665 0.135 0.03 0.056666666666666664
0 0.35583333333333333 0.155 0.028333333333333332 0.05
0 0.37333333333333335 0.15416666666666667 0.03 0.03833333333333333
0 0.3416666666666667 0.15666666666666668 0.02666666666666667 0.04
0 0.38333333333333336 0.18666666666666668 0.03 0.03
0 0.405 0.19333333333333333 0.03333333333333333 0.05
0 0.36666666666666664 0.205 0.03333333333333333 0.05333333333333334
0 0.39 0.21 0.02666666666666667 0.03333333333333333
0 0.4191666666666667 0.24416666666666667 0.03166666666666667 0.04833333333333333
0 0.3958333333333333 0.25166666666666665 0.021666666666666667 0.06333333333333334
0 0.44 0.24833333333333332 0.03 0.06333333333333334
0 0.42083333333333334 0.2608333333333333 0.035 0.075
0 0.4141666666666667 0.27166666666666667 0.021666666666666667 0.056666666666666664
0 0.44916666666666666 0.30333333333333334 0.025 0.056666666666666664
0 0.445 0.36666666666666664 0.03 0.06666666666666667
0 0.45916666666666667 0.43083333333333335 0.021666666666666667 0.065
0 0.475 0.4475 0.016666666666666666 0.07166666666666667
0 0.48583333333333334 0.455 0.021666666666666667 0.07666666666666666
0 0.44416666666666665 0.4558333333333333 0.015 0.04833333333333333
0 0.45166666666666666 0.46 0.03 0.07
