0 0.014166666666666666 0.48583333333333334 0.0016666666666666668 0.0016666666666666668
0 0.4691666666666667 0.49916666666666665 0.025 0.04833333333333333
0 0.024166666666666666 0.5166666666666667 0.021666666666666667 0.06333333333333334
0 0.57 0.5175 0.023333333333333334 0.07166666666666667
0 0.38916666666666666 0.52 0.025 0.07
0 0.6266666666666667 0.04666666666666667 0.02666666666666667 0.08
0 0.01 0.5533333333333333 0.02 0.07
0 0.7275 0.5575 0.045 0.041666666666666664
0 0.009166666666666667 0.565 0.018333333333333333 0.056666666666666664
0 0.029166666666666667 0.5733333333333334 0.025 0.06
0 0.7383333333333333 0.5825 0.02666666666666667 0.041666666666666664
0 0.7558333333333334 0.5841666666666666 0.028333333333333332 0.04833333333333333
0 0.07916666666666666 0.5991666666666666 0.0016666666666666668 0.0016666666666666668
0 0.006666666666666667 0.5925 0.013333333333333334 0.03166666666666667
0 0.7075 0.6025 0.041666666666666664 0.04833333333333333
0 0.07 0.6125 0.03 0.06166666666666667
0 0.7341666666666666 0.6183333333333333 0.041666666666666664 0.03
0 0.0325 0.6216666666666667 0.021666666666666667 0.04666666666666667
0 0.395 0.62 0.023333333333333334 0.07
0 0.6958333333333333 0.6575 0.041666666666666664 0.055
0 0.06583333333333333 0.6833333333333333 0.03166666666666667 0.07
0 0.07083333333333333 0.6891666666666667 0.028333333333333332 0.06833333333333333
0 0.05416666666666667 0.7191666666666666 0.018333333333333333 0.058333333333333334
0 0.005833333333333334 0.7458333333333333 0.011666666666666667 0.04833333333333333
0 0.06916666666666667 0.7466666666666667 0.041666666666666664 0.07333333333333333
0 0.5783333333333334 0.8033333333333333 0.03333333333333333 0.056666666666666664
0 0.5475 0.8233333333333334 0.028333333333333332 0.043333333333333335
0 0.5708333333333333 0.885 0.025 0.056666666666666664
0 0.5591666666666667 0.8883333333333333 0.018333333333333333 0.07
0 0.5766666666666667 0.9575 0.02666666666666667 0.07833333333333334
0 0.725 0.19833333333333333 0.043333333333333335 0.03
0 0.7166666666666667 0.22833333333333333 0.04666666666666667 0.03666666666666667
0 0.4116666666666667 0.23 0.04666666666666667 0.03
0 0.3825 0.23083333333333333 0.018333333333333333 0.06166666666666667
0 0.45416666666666666 0.24083333333333334 0.021666666666666667 0.065
0 0.7508333333333334 0.2633333333333333 0.03166666666666667 0.05
0 0.41583333333333333 0.27166666666666667 0.035 0.03333333333333333
0 0.7391666666666666 0.2808333333333333 0.03833333333333333 0.06833333333333333
0 0.36916666666666664 0.2841666666666667 0.018333333333333333 0.06833333333333333
0 0.38416666666666666 0.2891666666666667 0.018333333333333333 0.065
0 0.4825 0.30083333333333334 0.028333333333333332 0.045
0 0.41333333333333333 0.30333333333333334 0.02666666666666667 0.05333333333333334
0 0.45416666666666666 0.3025 0.03833333333333333 0.051666666666666666
0 0.3625 0.3075 0.021666666666666667 0.075
0 0.39416666666666667 0.315 0.021666666666666667 0.07333333333333333
0 0.44916666666666666 0.34 0.028333333333333332 0.03666666666666667
0 0.4625 0.3441666666666667 0.03166666666666667 0.041666666666666664
0 0.3858333333333333 0.3441666666666667 0.028333333333333332 0.04833333333333333
0 0.4191666666666667 0.3525 0.028333333333333332 0.028333333333333332
0 0.7016666666666667 0.3575 0.043333333333333335 0.028333333333333332
0 0.010833333333333334 0.3575 0.021666666666666667 0.03833333333333333
0 0.4683333333333333 0.3675 0.03 0.045
0 0.013333333333333334 0.3725 0.02666666666666667 0.06166666666666667
0 0.42916666666666664 0.38916666666666666 0.025 0.06166666666666667
0 0.4666666666666667 0.38916666666666666 0.02666666666666667 0.03166666666666667
0 0.4058333333333333 0.38916666666666666 0.015 0.03833333333333333
0 0.44166666666666665 0.3958333333333333 0.02666666666666667 0.055
0 0.47833333333333333 0.41083333333333333 0.03 0.025
0 0.4 0.4125 0.02 0.055
0 0.04666666666666667 0.42 0.023333333333333334 0.08
0 0.015833333333333335 0.425 0.028333333333333332 0.07333333333333333
0 0.425 0.42333333333333334 0.01 0.03
0 0.45666666666666667 0.425 0.02666666666666667 0.03333333333333333
0 0.455 0.4483333333333333 0.02666666666666667 0.04666666666666667
0 0.41 0.4658333333333333 0.016666666666666666 0.06833333333333333
0 0.43 0.47333333333333333 0.02 0.07666666666666666
0 0.45 0.48 0.02 0.06333333333333334
