0 0.5591666666666667 0.44916666666666666 0.015 0.041666666666666664
0 0.5058333333333334 0.45666666666666667 0.018333333333333333 0.06666666666666667
0 0.5575 0.48833333333333334 0.018333333333333333 0.056666666666666664
0 0.525 0.48833333333333334 0.016666666666666666 0.07333333333333333
0 0.5441666666666667 0.49166666666666664 0.021666666666666667 0.06
0 0.5816666666666667 0.5166666666666667 0.02 0.07333333333333333
0 0.5166666666666667 0.53 0.016666666666666666 0.06666666666666667
0 0.5416666666666666 0.5491666666666667 0.016666666666666666 0.07166666666666667
0 0.5566666666666666 0.5583333333333333 0.02 0.07
0 0.4791666666666667 0.5625 0.03166666666666667 0.06166666666666667
0 0.53 0.5641666666666667 0.016666666666666666 0.07166666666666667
0 0.5058333333333334 0.5683333333333334 0.015 0.08333333333333333
0 0.5016666666666667 0.605 0.016666666666666666 0.07
0 0.4891666666666667 0.625 0.018333333333333333 0.06
0 0.545 0.6366666666666667 0.016666666666666666 0.08
0 0.49916666666666665 0.6525 0.015 0.051666666666666666
0 0.4875 0.7133333333333334 0.041666666666666664 0.043333333333333335
0 0.5833333333333334 0.7583333333333333 0.04666666666666667 0.04666666666666667
0 0.5991666666666666 0.81 0.025 0.07666666666666666
0 0.018333333333333333 0.8233333333333334 0.03666666666666667 0.056666666666666664
0 0.006666666666666667 0.8675 0.013333333333333334 0.04833333333333333
0 0.0075 0.9691666666666666 0.015 0.06166666666666667
0 0.5658333333333333 0.09583333333333334 0.025 0.065
0 0.5391666666666667 0.11916666666666667 0.035 0.04833333333333333
0 0.5233333333333333 0.1225 0.023333333333333334 0.045
0 0.5525 0.15666666666666668 0.03166666666666667 0.04666666666666667
0 0.5108333333333334 0.20416666666666666 0.015 0.075
0 0.5275 0.21 0.018333333333333333 0.06333333333333334
0 0.49833333333333335 0.24583333333333332 0.016666666666666666 0.07833333333333334
0 0.5166666666666667 0.26666666666666666 0.016666666666666666 0.07333333333333333
0 0.505 0.33 0.016666666666666666 0.07333333333333333
0 0.49 0.35083333333333333 0.016666666666666666 0.07166666666666667
0 0.5391666666666667 0.35833333333333334 0.025 0.056666666666666664
0 0.5716666666666667 0.3675 0.023333333333333334 0.045
0 0.48 0.36666666666666664 0.016666666666666666 0.07666666666666666
0 0.5841666666666666 0.3725 0.028333333333333332 0.051666666666666666
0 0.5475 0.37333333333333335 0.025 0.07
0 0.5166666666666667 0.37666666666666665 0.016666666666666666 0.06
0 0.5025 0.39 0.015 0.05
0 0.5533333333333333 0.3975 0.016666666666666666 0.051666666666666666
0 0.5108333333333334 0.42083333333333334 0.015 0.058333333333333334
0 0.48833333333333334 0.4191666666666667 0.016666666666666666 0.06166666666666667
0 0.5708333333333333 0.4241666666666667 0.018333333333333333 0.06833333333333333
0 0.5291666666666667 0.4275 0.015 0.06833333333333333
0 0.545 0.44166666666666665 0.016666666666666666 0.056666666666666664
