0 0.5466666666666666 0.5191666666666667 0.016666666666666666 0.058333333333333334
0 0.5758333333333333 0.5066666666666667 0.018333333333333333 0.07666666666666666
0 0.785 0.5066666666666667 0.03666666666666667 0.04
0 0.8008333333333333 0.4925 0.03166666666666667 0.04833333333333333
0 0.5275 0.49083333333333334 0.018333333333333333 0.065
0 0.74 0.49 0.03333333333333333 0.043333333333333335
0 0.77 0.47 0.03333333333333333 0.04
0 0.655 0.4583333333333333 0.04 0.04666666666666667
0 0.27416666666666667 0.38166666666666665 0.018333333333333333 0.07666666666666666
0 0.24583333333333332 0.37333333333333335 0.035 0.03
0 0.36666666666666664 0.37083333333333335 0.02 0.055
0 0.25 0.3383333333333333 0.02 0.05333333333333334
0 0.2325 0.32916666666666666 0.018333333333333333 0.058333333333333334
0 0.8941666666666667 0.3325 0.021666666666666667 0.085
0 0.2708333333333333 0.31666666666666665 0.025 0.06
0 0.1975 0.30666666666666664 0.035 0.04666666666666667
0 0.20083333333333334 0.2991666666666667 0.041666666666666664 0.06166666666666667
0 0.2425 0.2891666666666667 0.018333333333333333 0.058333333333333334
0 0.23083333333333333 0.275 0.021666666666666667 0.06333333333333334
0 0.26166666666666666 0.2783333333333333 0.016666666666666666 0.05333333333333334
0 0.8666666666666667 0.26 0.03333333333333333 0.043333333333333335
0 0.9025 0.25916666666666666 0.028333333333333332 0.09166666666666666
0 0.22 0.24583333333333332 0.02 0.051666666666666666
0 0.2025 0.23916666666666667 0.021666666666666667 0.075
0 0.8108333333333333 0.23583333333333334 0.03833333333333333 0.045
0 0.20916666666666667 0.19166666666666668 0.025 0.06333333333333334
0 0.4841666666666667 0.8433333333333334 0.028333333333333332 0.04
0 0.4675 0.845 0.021666666666666667 0.06666666666666667
0 0.5075 0.8425 0.03166666666666667 0.03833333333333333
0 0.49666666666666665 0.8016666666666666 0.03333333333333333 0.043333333333333335
0 0.46416666666666667 0.795 0.018333333333333333 0.05333333333333334
0 0.4708333333333333 0.7691666666666667 0.018333333333333333 0.07166666666666667
0 0.5066666666666667 0.7608333333333334 0.04 0.03166666666666667
0 0.5508333333333333 0.6133333333333333 0.03166666666666667 0.06333333333333334
0 0.5508333333333333 0.5791666666666667 0.021666666666666667 0.07166666666666667
0 0.5383333333333333 0.5558333333333333 0.016666666666666666 0.058333333333333334
0 0.5233333333333333 0.5433333333333333 0.02 0.07666666666666666
