0 0.41 0.4891666666666667 0.023333333333333334 0.04833333333333333
0 0.4633333333333333 0.48833333333333334 0.016666666666666666 0.06333333333333334
0 0.4141666666666667 0.4891666666666667 0.028333333333333332 0.04833333333333333
0 0.4191666666666667 0.4975 0.021666666666666667 0.03166666666666667
0 0.43 0.5108333333333334 0.023333333333333334 0.045
0 0.445 0.51 0.023333333333333334 0.04666666666666667
0 0.41583333333333333 0.5433333333333333 0.015 0.05
0 0.44416666666666665 0.5466666666666666 0.021666666666666667 0.06
0 0.47 0.5458333333333333 0.016666666666666666 0.075
0 0.425 0.5666666666666667 0.023333333333333334 0.06
0 0.4 0.5733333333333334 0.02666666666666667 0.05333333333333334
0 0.4475 0.5825 0.021666666666666667 0.075
0 0.43416666666666665 0.585 0.015 0.06666666666666667
0 0.455 0.6008333333333333 0.016666666666666666 0.058333333333333334
0 0.4683333333333333 0.6166666666666667 0.023333333333333334 0.07
0 0.4875 0.6283333333333333 0.015 0.06666666666666667
0 0.42083333333333334 0.635 0.015 0.06666666666666667
0 0.4716666666666667 0.6441666666666667 0.02 0.07833333333333334
0 0.4525 0.6558333333333334 0.018333333333333333 0.058333333333333334
0 0.43583333333333335 0.6566666666666666 0.025 0.056666666666666664
0 0.465 0.68 0.02 0.05
0 0.4816666666666667 0.6875 0.02666666666666667 0.06166666666666667
0 0.4575 0.7008333333333333 0.021666666666666667 0.06166666666666667
0 0.4325 0.6991666666666667 0.021666666666666667 0.045
0 0.4375 0.7275 0.021666666666666667 0.06833333333333333
0 0.4625 0.7375 0.028333333333333332 0.041666666666666664
0 0.43916666666666665 0.7616666666666667 0.021666666666666667 0.04666666666666667
0 0.42333333333333334 0.7641666666666667 0.013333333333333334 0.015
0 0.44 0.7616666666666667 0.023333333333333334 0.04666666666666667
0 0.4575 0.77 0.041666666666666664 0.056666666666666664
0 0.41083333333333333 0.8066666666666666 0.025 0.06333333333333334
0 0.365 0.8225 0.03 0.075
0 0.4091666666666667 0.8675 0.021666666666666667 0.07833333333333334
0 0.4691666666666667 0.23583333333333334 0.015 0.085
0 0.485 0.255 0.016666666666666666 0.07666666666666666
0 0.49583333333333335 0.2975 0.015 0.058333333333333334
0 0.47333333333333333 0.33666666666666667 0.013333333333333334 0.06666666666666667
0 0.48333333333333334 0.3491666666666667 0.016666666666666666 0.07833333333333334
0 0.45416666666666666 0.41333333333333333 0.015 0.06333333333333334
0 0.445 0.42583333333333334 0.006666666666666667 0.025
0 0.43 0.43083333333333335 0.013333333333333334 0.055
0 0.41583333333333333 0.43333333333333335 0.018333333333333333 0.06333333333333334
0 0.4841666666666667 0.43166666666666664 0.021666666666666667 0.07
0 0.4375 0.43833333333333335 0.011666666666666667 0.06666666666666667
0 0.4658333333333333 0.45666666666666667 0.018333333333333333 0.05333333333333334
0 0.44916666666666666 0.4583333333333333 0.015 0.056666666666666664
