0 0.6041666666666666 0.51 0.018333333333333333 0.05
0 0.5916666666666667 0.5 0.016666666666666666 0.05333333333333334
0 0.5658333333333333 0.4875 0.021666666666666667 0.055
0 0.6183333333333333 0.4775 0.016666666666666666 0.051666666666666666
0 0.5875 0.4775 0.015 0.07166666666666667
0 0.5758333333333333 0.4666666666666667 0.015 0.056666666666666664
0 0.6008333333333333 0.46 0.015 0.03666666666666667
0 0.6058333333333333 0.44166666666666665 0.011666666666666667 0.05
0 0.5333333333333333 0.435 0.02 0.07
0 0.5208333333333334 0.4325 0.011666666666666667 0.045
0 0.495 0.42916666666666664 0.023333333333333334 0.04833333333333333
0 0.5658333333333333 0.43 0.018333333333333333 0.06333333333333334
0 0.5966666666666667 0.4166666666666667 0.013333333333333334 0.05
0 0.5841666666666666 0.41333333333333333 0.015 0.05333333333333334
0 0.49 0.4083333333333333 0.02666666666666667 0.06
0 0.6141666666666666 0.39916666666666667 0.015 0.06166666666666667
0 0.5491666666666667 0.39416666666666667 0.015 0.07166666666666667
0 0.51 0.3908333333333333 0.016666666666666666 0.06166666666666667
0 0.5725 0.3925 0.015 0.06166666666666667
0 0.6058333333333333 0.37166666666666665 0.015 0.05333333333333334
0 0.585 0.36083333333333334 0.016666666666666666 0.06166666666666667
0 0.48833333333333334 0.3591666666666667 0.016666666666666666 0.06833333333333333
0 0.56 0.35833333333333334 0.016666666666666666 0.06666666666666667
0 0.5083333333333333 0.335 0.013333333333333334 0.056666666666666664
0 0.58 0.3275 0.023333333333333334 0.045
0 0.5258333333333334 0.32 0.025 0.04666666666666667
0 0.7991666666666667 0.9425 0.018333333333333333 0.058333333333333334
0 0.555 0.3225 0.02 0.058333333333333334
0 0.4866666666666667 0.32083333333333336 0.023333333333333334 0.051666666666666666
0 0.5983333333333334 0.315 0.02 0.056666666666666664
0 0.5825 0.3 0.028333333333333332 0.04
0 0.53 0.295 0.03333333333333333 0.04
0 0.5825 0.2966666666666667 0.028333333333333332 0.03333333333333333
0 0.5833333333333334 0.26916666666666667 0.02 0.045
0 0.5341666666666667 0.25916666666666666 0.021666666666666667 0.045
0 0.5708333333333333 0.265 0.021666666666666667 0.06
0 0.5341666666666667 0.235 0.025 0.04666666666666667
0 0.5558333333333333 0.21416666666666667 0.018333333333333333 0.051666666666666666
0 0.5316666666666666 0.20416666666666666 0.02 0.058333333333333334
0 0.5533333333333333 0.17583333333333334 0.023333333333333334 0.045
0 0.5266666666666666 0.17416666666666666 0.02 0.07166666666666667
0 0.55 0.15333333333333332 0.02666666666666667 0.04
0 0.5283333333333333 0.1375 0.03 0.055
0 0.58 0.12166666666666667 0.03 0.03666666666666667
0 0.56 0.12166666666666667 0.03 0.03333333333333333
0 0.7825 0.9216666666666666 0.018333333333333333 0.08
0 0.54 0.0975 0.02666666666666667 0.035
0 0.5616666666666666 0.09583333333333334 0.03 0.03833333333333333
0 0.5925 0.0875 0.025 0.03833333333333333
0 0.5925 0.07083333333333333 0.025 0.06833333333333333
0 0.5941666666666666 0.059166666666666666 0.021666666666666667 0.045
0 0.575 0.0525 0.03 0.051666666666666666
0 0.6075 0.018333333333333333 0.021666666666666667 0.03666666666666667
0 0.615 0.0016666666666666668 0.0033333333333333335 0.0033333333333333335
0 0.5683333333333334 0.885 0.03333333333333333 0.02666666666666667
0 0.9183333333333333 0.8791666666666667 0.03333333333333333 0.055
0 0.5266666666666666 0.875 0.04 0.04666666666666667
0 0.5441666666666667 0.8641666666666666 0.03833333333333333 0.03833333333333333
0 0.5733333333333334 0.8575 0.03333333333333333 0.025
0 0.5516666666666666 0.8416666666666667 0.04 0.03333333333333333
0 0.5891666666666666 0.8316666666666667 0.03166666666666667 0.03333333333333333
0 0.32 0.7966666666666666 0.023333333333333334 0.03
0 0.33916666666666667 0.785 0.03166666666666667 0.03
0 0.4683333333333333 0.7816666666666666 0.03 0.03
0 0.31583333333333335 0.7716666666666666 0.03166666666666667 0.02666666666666667
0 0.42916666666666664 0.7716666666666666 0.041666666666666664 0.03333333333333333
0 0.29083333333333333 0.7708333333333334 0.03166666666666667 0.06166666666666667
0 0.49583333333333335 0.7675 0.028333333333333332 0.041666666666666664
0 0.2733333333333333 0.77 0.016666666666666666 0.056666666666666664
0 0.3 0.76 0.02 0.016666666666666666
0 0.4716666666666667 0.7575 0.04 0.025
0 0.5183333333333333 0.75 0.023333333333333334 0.02
0 0.7875 0.7416666666666667 0.03166666666666667 0.05
0 0.4525 0.7375 0.03166666666666667 0.035
0 0.5325 0.7283333333333334 0.03833333333333333 0.03333333333333333
0 0.48333333333333334 0.725 0.03333333333333333 0.04
0 0.49916666666666665 0.7266666666666667 0.028333333333333332 0.05
0 0.555 0.7166666666666667 0.013333333333333334 0.023333333333333334
0 0.25583333333333336 0.6991666666666667 0.0016666666666666668 0.011666666666666667
0 0.52 0.7091666666666666 0.02 0.051666666666666666
0 0.5383333333333333 0.6966666666666667 0.023333333333333334 0.043333333333333335
0 0.5566666666666666 0.6916666666666667 0.02666666666666667 0.03333333333333333
0 0.5841666666666666 0.6858333333333333 0.028333333333333332 0.035
0 0.2625 0.6858333333333333 0.018333333333333333 0.04833333333333333
0 0.5425 0.6658333333333334 0.025 0.03833333333333333
0 0.5858333333333333 0.66 0.028333333333333332 0.043333333333333335
0 0.5616666666666666 0.6566666666666666 0.023333333333333334 0.043333333333333335
0 0.255 0.6583333333333333 0.023333333333333334 0.04666666666666667
0 0.6133333333333333 0.65 0.02666666666666667 0.04666666666666667
0 0.58 0.6475 0.02 0.055
0 0.61 0.6358333333333334 0.02 0.03833333333333333
0 0.2683333333333333 0.6291666666666667 0.016666666666666666 0.03833333333333333
0 0.6033333333333334 0.6116666666666667 0.02666666666666667 0.05
0 0.2783333333333333 0.5958333333333333 0.02 0.058333333333333334
0 0.63 0.5916666666666667 0.02666666666666667 0.03666666666666667
0 0.5941666666666666 0.5616666666666666 0.03833333333333333 0.03
0 0.63 0.5625 0.03333333333333333 0.028333333333333332
0 0.9816666666666667 0.9625 0.03666666666666667 0.03166666666666667
0 0.555 0.5433333333333333 0.03333333333333333 0.06
0 0.29083333333333333 0.5383333333333333 0.015 0.08
0 0.6308333333333334 0.5316666666666666 0.03833333333333333 0.04666666666666667
0 0.5841666666666666 0.53 0.018333333333333333 0.043333333333333335
0 0.5666666666666667 0.5283333333333333 0.03 0.043333333333333335
0 0.6175 0.5225 0.028333333333333332 0.04833333333333333
