0 0.56 0.4841666666666667 0.016666666666666666 0.011666666666666667
0 0.5866666666666667 0.48583333333333334 0.023333333333333334 0.021666666666666667
0 0.5441666666666667 0.4866666666666667 0.018333333333333333 0.02
0 0.5766666666666667 0.49416666666666664 0.02 0.015
0 0.5583333333333333 0.49666666666666665 0.02 0.02
0 0.355 0.49833333333333335 0.013333333333333334 0.03
0 0.5116666666666667 0.5083333333333333 0.02666666666666667 0.03666666666666667
0 0.5508333333333333 0.5066666666666667 0.018333333333333333 0.02
0 0.5833333333333334 0.5083333333333333 0.016666666666666666 0.023333333333333334
0 0.3675 0.5091666666666667 0.015 0.018333333333333333
0 0.5341666666666667 0.5066666666666667 0.018333333333333333 0.03333333333333333
0 0.6025 0.505 0.021666666666666667 0.03
0 0.515 0.5141666666666667 0.02 0.03166666666666667
0 0.555 0.525 0.016666666666666666 0.04
0 0.5683333333333334 0.5266666666666666 0.016666666666666666 0.05333333333333334
0 0.435 0.5283333333333333 0.02 0.03
0 0.3725 0.5291666666666667 0.025 0.028333333333333332
0 0.5941666666666666 0.5325 0.025 0.051666666666666666
0 0.6083333333333333 0.5325 0.023333333333333334 0.055
0 0.5391666666666667 0.5325 0.018333333333333333 0.035
0 0.4583333333333333 0.53 0.023333333333333334 0.03
0 0.5933333333333334 0.5375 0.023333333333333334 0.045
0 0.4125 0.5441666666666667 0.028333333333333332 0.021666666666666667
0 0.3975 0.56 0.021666666666666667 0.023333333333333334
0 0.375 0.5616666666666666 0.02666666666666667 0.03333333333333333
0 0.4166666666666667 0.5658333333333333 0.023333333333333334 0.03166666666666667
0 0.45916666666666667 0.5733333333333334 0.018333333333333333 0.043333333333333335
0 0.44666666666666666 0.5733333333333334 0.023333333333333334 0.04
0 0.8641666666666666 0.8441666666666666 0.03166666666666667 0.075
0 0.9916666666666667 0.9683333333333334 0.016666666666666666 0.06333333333333334
0 0.4041666666666667 0.24166666666666667 0.0016666666666666668 0.006666666666666667
0 0.39916666666666667 0.24083333333333334 0.015 0.015
0 0.4191666666666667 0.24 0.0016666666666666668 0.0033333333333333335
0 0.4141666666666667 0.24583333333333332 0.021666666666666667 0.021666666666666667
0 0.39166666666666666 0.25416666666666665 0.016666666666666666 0.018333333333333333
0 0.4083333333333333 0.25916666666666666 0.023333333333333334 0.021666666666666667
0 0.36666666666666664 0.46 0.023333333333333334 0.04
