0 0.4166666666666667 0.12583333333333332 0.04 0.06166666666666667
0 0.12166666666666667 0.07916666666666666 0.03666666666666667 0.08166666666666667
0 0.425 0.051666666666666666 0.023333333333333334 0.08333333333333333
0 0.4125 0.020833333333333332 0.021666666666666667 0.041666666666666664
0 0.51 0.7058333333333333 0.023333333333333334 0.025
0 0.4816666666666667 0.6983333333333334 0.023333333333333334 0.023333333333333334
0 0.49916666666666665 0.6958333333333333 0.025 0.018333333333333333
0 0.4725 0.6825 0.021666666666666667 0.021666666666666667
0 0.4533333333333333 0.6791666666666667 0.02 0.028333333333333332
0 0.425 0.6733333333333333 0.02666666666666667 0.03
0 0.4066666666666667 0.6725 0.02 0.025
0 0.5191666666666667 0.6708333333333333 0.025 0.03166666666666667
0 0.3858333333333333 0.665 0.021666666666666667 0.02666666666666667
0 0.4775 0.66 0.011666666666666667 0.02666666666666667
0 0.49416666666666664 0.6625 0.025 0.028333333333333332
0 0.5325 0.6566666666666666 0.051666666666666666 0.07666666666666666
0 0.4675 0.6583333333333333 0.011666666666666667 0.03
0 0.4533333333333333 0.6533333333333333 0.016666666666666666 0.023333333333333334
0 0.44166666666666665 0.6508333333333334 0.02 0.03166666666666667
0 0.4091666666666667 0.6416666666666667 0.015 0.043333333333333335
0 0.49916666666666665 0.64 0.025 0.023333333333333334
0 0.3825 0.6358333333333334 0.015 0.03833333333333333
0 0.3958333333333333 0.6408333333333334 0.015 0.041666666666666664
0 0.4825 0.635 0.018333333333333333 0.03
0 0.42333333333333334 0.6391666666666667 0.02 0.041666666666666664
0 0.5358333333333334 0.6366666666666667 0.035 0.03666666666666667
0 0.36916666666666664 0.63 0.018333333333333333 0.04666666666666667
0 0.4625 0.6283333333333333 0.021666666666666667 0.03333333333333333
0 0.5 0.6241666666666666 0.02 0.028333333333333332
0 0.44666666666666666 0.63 0.016666666666666666 0.03333333333333333
0 0.5208333333333334 0.62 0.028333333333333332 0.03333333333333333
0 0.48333333333333334 0.615 0.013333333333333334 0.023333333333333334
0 0.46416666666666667 0.6083333333333333 0.018333333333333333 0.02
0 0.4925 0.5958333333333333 0.028333333333333332 0.03166666666666667
