0 0.20083333333333334 0.505 0.03166666666666667 0.10333333333333333
0 0.3408333333333333 0.49416666666666664 0.03166666666666667 0.10833333333333334
0 0.28 0.49333333333333335 0.04 0.09
0 0.865 0.46166666666666667 0.05 0.08666666666666667
0 0.78 0.3883333333333333 0.06333333333333334 0.07666666666666666
0 0.25083333333333335 0.895 0.035 0.10666666666666667
0 0.465 0.7466666666666667 0.03 0.11666666666666667
0 0.8033333333333333 0.6408333333333334 0.07333333333333333 0.055
0 0.3375 0.61 0.03833333333333333 0.11666666666666667
0 0.43416666666666665 0.5316666666666666 0.04833333333333333 0.1
