0 0.59 0.3408333333333333 0.0033333333333333335 0.005
0 0.125 0.10166666666666667 0.03666666666666667 0.05
0 0.013333333333333334 0.016666666666666666 0.02666666666666667 0.03333333333333333
0 0.4583333333333333 0.7216666666666667 0.03 0.03
0 0.41833333333333333 0.7158333333333333 0.03 0.028333333333333332
0 0.4375 0.7058333333333333 0.035 0.028333333333333332
0 0.7591666666666667 0.7025 0.021666666666666667 0.055
0 0.69 0.7041666666666667 0.03666666666666667 0.055
0 0.5175 0.7 0.028333333333333332 0.05333333333333334
0 0.38416666666666666 0.6983333333333334 0.035 0.043333333333333335
0 0.41 0.6891666666666667 0.03333333333333333 0.028333333333333332
0 0.47333333333333333 0.6841666666666667 0.03666666666666667 0.045
0 0.44333333333333336 0.6816666666666666 0.03333333333333333 0.03
0 0.7391666666666666 0.6733333333333333 0.028333333333333332 0.06333333333333334
0 0.37833333333333335 0.6691666666666667 0.03333333333333333 0.03833333333333333
0 0.5075 0.665 0.035 0.03333333333333333
0 0.4083333333333333 0.6633333333333333 0.03333333333333333 0.02666666666666667
0 0.7433333333333333 0.65 0.03333333333333333 0.05
0 0.4583333333333333 0.6458333333333334 0.03 0.041666666666666664
0 0.5941666666666666 0.6433333333333333 0.021666666666666667 0.06333333333333334
0 0.43583333333333335 0.6391666666666667 0.025 0.07166666666666667
0 0.4816666666666667 0.6308333333333334 0.02666666666666667 0.06166666666666667
0 0.38916666666666666 0.6258333333333334 0.03166666666666667 0.051666666666666666
0 0.7083333333333334 0.6208333333333333 0.03666666666666667 0.035
0 0.3641666666666667 0.6125 0.035 0.04833333333333333
0 0.3983333333333333 0.5925 0.04 0.035
0 0.6833333333333333 0.5875 0.03 0.03166666666666667
0 0.6533333333333333 0.5866666666666667 0.04 0.04666666666666667
0 0.7 0.5833333333333334 0.023333333333333334 0.043333333333333335
0 0.6066666666666667 0.5616666666666666 0.03333333333333333 0.06333333333333334
0 0.7266666666666667 0.555 0.03666666666666667 0.03333333333333333
