0 0.525 0.53 0.04 0.06
0 0.32416666666666666 0.5241666666666667 0.028333333333333332 0.06833333333333333
0 0.23166666666666666 0.515 0.02 0.06666666666666667
0 0.25166666666666665 0.5216666666666666 0.02 0.08
0 0.5916666666666667 0.49166666666666664 0.016666666666666666 0.07666666666666666
0 0.16916666666666666 0.485 0.028333333333333332 0.043333333333333335
0 0.12666666666666668 0.4791666666666667 0.016666666666666666 0.055
0 0.145 0.44416666666666665 0.0033333333333333335 0.0016666666666666668
0 0.14 0.4666666666666667 0.02 0.05333333333333334
0 0.195 0.4633333333333333 0.03666666666666667 0.03333333333333333
0 0.18416666666666667 0.44583333333333336 0.03166666666666667 0.03833333333333333
0 0.6416666666666667 0.9425 0.02 0.06833333333333333
0 0.14416666666666667 0.4075 0.025 0.058333333333333334
0 0.14333333333333334 0.3983333333333333 0.02666666666666667 0.07666666666666666
0 0.16916666666666666 0.3825 0.028333333333333332 0.06833333333333333
0 0.1925 0.37916666666666665 0.025 0.07166666666666667
0 0.1775 0.3775 0.0016666666666666668 0.0016666666666666668
0 0.13666666666666666 0.3375 0.02 0.06166666666666667
0 0.17 0.31333333333333335 0.023333333333333334 0.043333333333333335
0 0.1575 0.30583333333333335 0.025 0.058333333333333334
0 0.1925 0.3 0.03166666666666667 0.06666666666666667
0 0.5358333333333334 0.9308333333333333 0.03166666666666667 0.045
0 0.56 0.2891666666666667 0.023333333333333334 0.07833333333333334
0 0.5433333333333333 0.275 0.03 0.06666666666666667
0 0.14 0.2625 0.02666666666666667 0.075
0 0.16333333333333333 0.2575 0.03333333333333333 0.06166666666666667
0 0.5158333333333334 0.255 0.03833333333333333 0.056666666666666664
0 0.4525 0.24166666666666667 0.035 0.06
0 0.14 0.24083333333333334 0.02666666666666667 0.058333333333333334
0 0.5158333333333334 0.22666666666666666 0.028333333333333332 0.04
0 0.5308333333333334 0.21916666666666668 0.025 0.058333333333333334
0 0.17333333333333334 0.2075 0.03333333333333333 0.045
0 0.15666666666666668 0.19 0.03333333333333333 0.03666666666666667
0 0.5033333333333333 0.19 0.03 0.043333333333333335
0 0.6175 0.9175 0.018333333333333333 0.04833333333333333
0 0.16916666666666666 0.15583333333333332 0.028333333333333332 0.035
0 0.5891666666666666 0.9133333333333333 0.021666666666666667 0.05333333333333334
0 0.17 0.12833333333333333 0.02666666666666667 0.04666666666666667
0 0.19666666666666666 0.12333333333333334 0.03333333333333333 0.043333333333333335
0 0.15916666666666668 0.10166666666666667 0.0016666666666666668 0.0033333333333333335
0 0.5991666666666666 0.9066666666666666 0.025 0.04
0 0.17416666666666666 0.08083333333333333 0.035 0.058333333333333334
0 0.6283333333333333 0.9033333333333333 0.016666666666666666 0.05333333333333334
0 0.5883333333333334 0.0275 0.03 0.055
0 0.6408333333333334 0.8841666666666667 0.025 0.06833333333333333
0 0.6033333333333334 0.8708333333333333 0.03 0.025
0 0.6191666666666666 0.8466666666666667 0.018333333333333333 0.05333333333333334
0 0.5675 0.84 0.035 0.03
0 0.5925 0.83 0.018333333333333333 0.06
0 0.5433333333333333 0.82 0.04 0.02666666666666667
0 0.3958333333333333 0.8166666666666667 0.03833333333333333 0.056666666666666664
0 0.5125 0.8116666666666666 0.028333333333333332 0.02666666666666667
0 0.43666666666666665 0.7866666666666666 0.03 0.08
0 0.6066666666666667 0.785 0.02 0.04
0 0.49 0.7816666666666666 0.03666666666666667 0.03
0 0.33 0.7708333333333334 0.023333333333333334 0.051666666666666666
0 0.3591666666666667 0.765 0.041666666666666664 0.06
0 0.47 0.7591666666666667 0.03666666666666667 0.028333333333333332
0 0.5925 0.7541666666666667 0.028333333333333332 0.025
0 0.31 0.75 0.02666666666666667 0.06
0 0.2916666666666667 0.7375 0.02 0.035
0 0.31916666666666665 0.7241666666666666 0.035 0.04833333333333333
0 0.5683333333333334 0.7208333333333333 0.02666666666666667 0.045
0 0.585 0.7191666666666666 0.02666666666666667 0.051666666666666666
0 0.6783333333333333 0.7183333333333334 0.03666666666666667 0.03333333333333333
0 0.5908333333333333 0.6958333333333333 0.018333333333333333 0.051666666666666666
0 0.2891666666666667 0.6966666666666667 0.025 0.04
0 0.665 0.6966666666666667 0.023333333333333334 0.023333333333333334
0 0.31833333333333336 0.6875 0.023333333333333334 0.058333333333333334
0 0.5608333333333333 0.6841666666666667 0.03166666666666667 0.03833333333333333
0 0.295 0.6583333333333333 0.0033333333333333335 0.0033333333333333335
0 0.1975 0.67 0.021666666666666667 0.07
0 0.1675 0.6658333333333334 0.035 0.055
0 0.5708333333333333 0.6666666666666666 0.025 0.05
0 0.2966666666666667 0.6675 0.023333333333333334 0.058333333333333334
0 0.175 0.6583333333333333 0.023333333333333334 0.07
0 0.5275 0.6508333333333334 0.035 0.035
0 0.2725 0.6508333333333334 0.018333333333333333 0.075
0 0.17833333333333334 0.6483333333333333 0.02 0.07666666666666666
0 0.5408333333333334 0.6391666666666667 0.028333333333333332 0.051666666666666666
0 0.14583333333333334 0.6175 0.018333333333333333 0.051666666666666666
0 0.15833333333333333 0.6116666666666667 0.016666666666666666 0.05
0 0.5108333333333334 0.6125 0.028333333333333332 0.045
0 0.18833333333333332 0.605 0.02 0.06666666666666667
0 0.20416666666666666 0.5858333333333333 0.015 0.055
0 0.2425 0.5658333333333333 0.018333333333333333 0.075
0 0.13666666666666666 0.5658333333333333 0.03 0.041666666666666664
0 0.16583333333333333 0.5466666666666666 0.021666666666666667 0.07
0 0.13666666666666666 0.545 0.03 0.08333333333333333
