0 0.8333333333333334 0.7133333333333334 0.06 0.07
0 0.7666666666666667 0.8183333333333334 0.03666666666666667 0.12333333333333334
0 0.5016666666666667 0.835 0.04666666666666667 0.11333333333333333
0 0.2991666666666667 0.8791666666666667 0.051666666666666666 0.105
0 0.37166666666666665 0.9941666666666666 0.043333333333333335 0.011666666666666667
0 0.5791666666666667 0.25916666666666666 0.04833333333333333 0.105
0 0.6425 0.36666666666666664 0.045 0.11666666666666667
0 0.7475 0.37416666666666665 0.065 0.08166666666666667
0 0.8175 0.3933333333333333 0.051666666666666666 0.11
0 0.5358333333333334 0.43666666666666665 0.055 0.08666666666666667
0 0.7416666666666667 0.4675 0.06666666666666667 0.07166666666666667
0 0.8433333333333334 0.4766666666666667 0.08 0.056666666666666664
