0 0.4483333333333333 0.525 0.04 0.03666666666666667
0 0.4375 0.4691666666666667 0.018333333333333333 0.075
0 0.4575 0.2275 0.03833333333333333 0.10166666666666667
0 0.7675 0.7475 0.021666666666666667 0.06166666666666667
0 0.74 0.735 0.03333333333333333 0.03666666666666667
0 0.4875 0.7266666666666667 0.021666666666666667 0.07333333333333333
0 0.5083333333333333 0.7166666666666667 0.03 0.04
0 0.7 0.71 0.03666666666666667 0.03333333333333333
0 0.45166666666666666 0.7066666666666667 0.016666666666666666 0.07666666666666666
0 0.48 0.6991666666666667 0.02 0.06166666666666667
0 0.44083333333333335 0.7041666666666667 0.018333333333333333 0.07833333333333334
0 0.7241666666666666 0.7008333333333333 0.03166666666666667 0.035
0 0.7591666666666667 0.6991666666666667 0.035 0.03833333333333333
0 0.47 0.695 0.023333333333333334 0.08
0 0.6175 0.6733333333333333 0.03833333333333333 0.043333333333333335
0 0.545 0.6733333333333333 0.04 0.043333333333333335
0 0.705 0.6716666666666666 0.03333333333333333 0.02666666666666667
0 0.5025 0.6625 0.03833333333333333 0.035
0 0.4675 0.6483333333333333 0.021666666666666667 0.06
0 0.525 0.6391666666666667 0.03666666666666667 0.03833333333333333
0 0.49083333333333334 0.6366666666666667 0.03166666666666667 0.043333333333333335
0 0.45916666666666667 0.6266666666666667 0.021666666666666667 0.06333333333333334
0 0.45 0.6108333333333333 0.02666666666666667 0.075
