0 0.5908333333333333 0.4625 0.018333333333333333 0.058333333333333334
0 0.6016666666666667 0.4891666666666667 0.02 0.07166666666666667
0 0.6108333333333333 0.495 0.015 0.06333333333333334
0 0.5733333333333334 0.9766666666666667 0.04 0.03666666666666667
0 0.585 0.9925 0.02 0.015
0 0.8691666666666666 0.22333333333333333 0.045 0.03666666666666667
0 0.6516666666666666 0.25416666666666665 0.023333333333333334 0.028333333333333332
0 0.675 0.2658333333333333 0.03 0.035
0 0.6975 0.2725 0.028333333333333332 0.028333333333333332
0 0.645 0.2816666666666667 0.02666666666666667 0.03
0 0.6741666666666667 0.29083333333333333 0.021666666666666667 0.028333333333333332
0 0.6241666666666666 0.29583333333333334 0.021666666666666667 0.058333333333333334
0 0.7058333333333333 0.29583333333333334 0.03833333333333333 0.025
0 0.7258333333333333 0.2966666666666667 0.028333333333333332 0.06
0 0.6458333333333334 0.2991666666666667 0.035 0.03166666666666667
0 0.61 0.32166666666666666 0.013333333333333334 0.05333333333333334
0 0.68 0.31666666666666665 0.03666666666666667 0.03
0 0.5966666666666667 0.33416666666666667 0.016666666666666666 0.06166666666666667
0 0.63 0.3408333333333333 0.03333333333333333 0.028333333333333332
0 0.62 0.3641666666666667 0.03333333333333333 0.028333333333333332
0 0.6575 0.38083333333333336 0.03166666666666667 0.065
0 0.6316666666666667 0.3958333333333333 0.02666666666666667 0.065
0 0.5983333333333334 0.4141666666666667 0.03666666666666667 0.035
