0 0.6058333333333333 0.5233333333333333 0.03166666666666667 0.02
0 0.575 0.5141666666666667 0.03 0.025
0 0.6025 0.5041666666666667 0.03166666666666667 0.021666666666666667
0 0.5508333333333333 0.49916666666666665 0.03833333333333333 0.028333333333333332
0 0.5941666666666666 0.4816666666666667 0.03833333333333333 0.02666666666666667
0 0.5325 0.48333333333333334 0.03166666666666667 0.03333333333333333
0 0.5125 0.47833333333333333 0.028333333333333332 0.02666666666666667
0 0.5641666666666667 0.47333333333333333 0.03166666666666667 0.02666666666666667
0 0.49583333333333335 0.4633333333333333 0.028333333333333332 0.02666666666666667
0 0.5333333333333333 0.4583333333333333 0.03333333333333333 0.02666666666666667
0 0.5783333333333334 0.4525 0.03666666666666667 0.035
0 0.4841666666666667 0.44666666666666666 0.025 0.023333333333333334
0 0.5191666666666667 0.44583333333333336 0.028333333333333332 0.028333333333333332
0 0.5508333333333333 0.4325 0.03166666666666667 0.028333333333333332
0 0.505 0.43083333333333335 0.03 0.028333333333333332
0 0.5425 0.41083333333333333 0.035 0.025
0 0.49583333333333335 0.4033333333333333 0.03833333333333333 0.03666666666666667
0 0.6008333333333333 0.8141666666666667 0.03833333333333333 0.03166666666666667
0 0.5825 0.7941666666666667 0.03166666666666667 0.035
0 0.64 0.79 0.04 0.023333333333333334
0 0.625 0.7758333333333334 0.023333333333333334 0.03166666666666667
0 0.61 0.7741666666666667 0.023333333333333334 0.04833333333333333
0 0.565 0.7733333333333333 0.023333333333333334 0.05333333333333334
0 0.6566666666666666 0.7558333333333334 0.03666666666666667 0.045
0 0.5908333333333333 0.7525 0.025 0.045
0 0.6783333333333333 0.7433333333333333 0.02 0.07
0 0.6383333333333333 0.7441666666666666 0.023333333333333334 0.028333333333333332
0 0.5583333333333333 0.7341666666666666 0.02 0.028333333333333332
0 0.5791666666666667 0.7258333333333333 0.025 0.041666666666666664
0 0.6133333333333333 0.7308333333333333 0.02 0.045
0 0.5966666666666667 0.7225 0.02 0.041666666666666664
0 0.63 0.72 0.02 0.04666666666666667
0 0.6508333333333334 0.7175 0.03166666666666667 0.025
0 0.6891666666666667 0.7058333333333333 0.021666666666666667 0.045
0 0.5758333333333333 0.7058333333333333 0.028333333333333332 0.03166666666666667
0 0.6183333333333333 0.6975 0.023333333333333334 0.03833333333333333
0 0.6066666666666667 0.6866666666666666 0.023333333333333334 0.03333333333333333
0 0.645 0.6866666666666666 0.02666666666666667 0.02
0 0.665 0.6791666666666667 0.02666666666666667 0.055
0 0.6008333333333333 0.6816666666666666 0.03166666666666667 0.04
0 0.5758333333333333 0.6791666666666667 0.028333333333333332 0.025
0 0.6325 0.6666666666666666 0.03166666666666667 0.023333333333333334
0 0.5883333333333334 0.6558333333333334 0.03 0.025
0 0.665 0.65 0.03 0.056666666666666664
0 0.6183333333333333 0.6475 0.03 0.028333333333333332
0 0.6425 0.6366666666666667 0.03166666666666667 0.03333333333333333
0 0.5941666666666666 0.6333333333333333 0.035 0.02666666666666667
0 0.6241666666666666 0.5916666666666667 0.03833333333333333 0.02666666666666667
0 0.5908333333333333 0.5933333333333334 0.035 0.02666666666666667
0 0.5933333333333334 0.5733333333333334 0.03333333333333333 0.02
0 0.6366666666666667 0.57 0.03666666666666667 0.02666666666666667
0 0.6 0.5533333333333333 0.03333333333333333 0.03
0 0.62 0.5425 0.03666666666666667 0.028333333333333332
