0 0.6483333333333333 0.43166666666666664 0.03 0.03666666666666667
0 0.685 0.45416666666666666 0.03666666666666667 0.045
0 0.6316666666666667 0.4533333333333333 0.03333333333333333 0.03
0 0.605 0.4625 0.03 0.041666666666666664
0 0.5833333333333334 0.4625 0.03 0.025
0 0.7025 0.4725 0.028333333333333332 0.035
0 0.47 0.4791666666666667 0.02666666666666667 0.041666666666666664
0 0.6733333333333333 0.485 0.03333333333333333 0.02666666666666667
0 0.6325 0.4841666666666667 0.028333333333333332 0.045
0 0.5958333333333333 0.49083333333333334 0.035 0.03166666666666667
0 0.5 0.49833333333333335 0.02666666666666667 0.04
0 0.45916666666666667 0.5008333333333334 0.03166666666666667 0.055
0 0.6308333333333334 0.5075 0.03166666666666667 0.045
0 0.5641666666666667 0.51 0.028333333333333332 0.04
0 0.5475 0.5158333333333334 0.035 0.051666666666666666
0 0.5275 0.52 0.028333333333333332 0.04
0 0.4891666666666667 0.5225 0.028333333333333332 0.035
0 0.6141666666666666 0.525 0.03833333333333333 0.04
0 0.6033333333333334 0.5391666666666667 0.02666666666666667 0.035
0 0.9766666666666667 0.0125 0.03333333333333333 0.025
0 0.5183333333333333 0.54 0.03333333333333333 0.043333333333333335
0 0.5958333333333333 0.5541666666666667 0.035 0.025
0 0.555 0.5575 0.03 0.028333333333333332
0 0.58 0.5608333333333333 0.03333333333333333 0.041666666666666664
0 0.51 0.5833333333333334 0.03 0.03333333333333333
0 0.5608333333333333 0.5808333333333333 0.03833333333333333 0.025
0 0.5316666666666666 0.5825 0.03666666666666667 0.03833333333333333
0 0.9916666666666667 0.035 0.016666666666666666 0.043333333333333335
0 0.9866666666666667 0.03916666666666667 0.02666666666666667 0.041666666666666664
0 0.9925 0.07666666666666666 0.015 0.03666666666666667
0 0.6341666666666667 0.2275 0.015 0.07166666666666667
0 0.6483333333333333 0.25166666666666665 0.013333333333333334 0.07333333333333333
0 0.6233333333333333 0.2708333333333333 0.016666666666666666 0.055
0 0.17916666666666667 0.28833333333333333 0.028333333333333332 0.06
0 0.6641666666666667 0.2925 0.015 0.06166666666666667
0 0.64 0.2925 0.016666666666666666 0.058333333333333334
0 0.6108333333333333 0.29083333333333333 0.011666666666666667 0.045
0 0.1725 0.295 0.03833333333333333 0.07
0 0.6841666666666667 0.31416666666666665 0.021666666666666667 0.045
0 0.6575 0.31083333333333335 0.018333333333333333 0.03833333333333333
0 0.6266666666666667 0.3283333333333333 0.02 0.06
0 0.7083333333333334 0.32166666666666666 0.03333333333333333 0.05
0 0.6216666666666667 0.3358333333333333 0.03 0.04833333333333333
0 0.6425 0.3425 0.015 0.04833333333333333
0 0.6858333333333333 0.3525 0.021666666666666667 0.045
0 0.6575 0.3541666666666667 0.018333333333333333 0.051666666666666666
0 0.6733333333333333 0.3641666666666667 0.013333333333333334 0.055
0 0.6133333333333333 0.36916666666666664 0.03 0.041666666666666664
0 0.715 0.3775 0.02666666666666667 0.07166666666666667
0 0.6558333333333334 0.38416666666666666 0.021666666666666667 0.051666666666666666
0 0.6441666666666667 0.39 0.025 0.04666666666666667
0 0.64 0.38666666666666666 0.03 0.05333333333333334
0 0.6941666666666667 0.38916666666666666 0.03166666666666667 0.03833333333333333
0 0.62 0.4008333333333333 0.03 0.035
0 0.68 0.40166666666666667 0.02666666666666667 0.02
0 0.6916666666666667 0.42 0.03666666666666667 0.03
0 0.665 0.4241666666666667 0.02666666666666667 0.035
0 0.6216666666666667 0.4266666666666667 0.03 0.02666666666666667
