0 0.5591666666666667 0.43916666666666665 0.028333333333333332 0.03833333333333333
0 0.5925 0.45 0.015 0.056666666666666664
0 0.6008333333333333 0.4725 0.018333333333333333 0.058333333333333334
0 0.6208333333333333 0.48083333333333333 0.018333333333333333 0.075
0 0.3825 0.01 0.018333333333333333 0.02
0 0.6075 0.5008333333333334 0.015 0.055
0 0.5758333333333333 0.5091666666666667 0.018333333333333333 0.07166666666666667
0 0.5875 0.525 0.011666666666666667 0.06
0 0.5983333333333334 0.5308333333333334 0.013333333333333334 0.055
0 0.6475 0.5433333333333333 0.018333333333333333 0.07666666666666666
0 0.6175 0.5458333333333333 0.018333333333333333 0.065
0 0.6083333333333333 0.565 0.016666666666666666 0.06333333333333334
0 0.5708333333333333 0.5758333333333333 0.015 0.075
0 0.5858333333333333 0.5875 0.015 0.065
0 0.6266666666666667 0.595 0.016666666666666666 0.08
0 0.6 0.5991666666666666 0.016666666666666666 0.06166666666666667
0 0.6133333333333333 0.6066666666666667 0.016666666666666666 0.056666666666666664
0 0.5716666666666667 0.6416666666666667 0.016666666666666666 0.056666666666666664
0 0.5858333333333333 0.6383333333333333 0.018333333333333333 0.05333333333333334
0 0.3958333333333333 0.0175 0.035 0.035
0 0.6025 0.6433333333333333 0.028333333333333332 0.043333333333333335
0 0.6375 0.6683333333333333 0.025 0.056666666666666664
0 0.6591666666666667 0.6675 0.015 0.055
0 0.5991666666666666 0.6708333333333333 0.025 0.041666666666666664
0 0.6058333333333333 0.6883333333333334 0.028333333333333332 0.06
0 0.5758333333333333 0.6891666666666667 0.025 0.04833333333333333
0 0.6391666666666667 0.6916666666666667 0.028333333333333332 0.05
0 0.6691666666666667 0.7025 0.021666666666666667 0.08166666666666667
0 0.6108333333333333 0.715 0.028333333333333332 0.04666666666666667
0 0.5791666666666667 0.7183333333333334 0.025 0.043333333333333335
0 0.63 0.7 0.0033333333333333335 0.0033333333333333335
0 0.6516666666666666 0.7375 0.02 0.04833333333333333
0 0.6066666666666667 0.7516666666666667 0.03 0.043333333333333335
0 0.5716666666666667 0.75 0.02666666666666667 0.03
0 0.6225 0.7558333333333334 0.028333333333333332 0.03833333333333333
0 0.6691666666666667 0.765 0.025 0.05333333333333334
0 0.5758333333333333 0.7658333333333334 0.028333333333333332 0.025
0 0.6425 0.7833333333333333 0.025 0.04666666666666667
0 0.615 0.785 0.023333333333333334 0.03333333333333333
0 0.6125 0.8108333333333333 0.028333333333333332 0.03833333333333333
0 0.5916666666666667 0.8675 0.03333333333333333 0.07166666666666667
0 0.5575 0.9158333333333334 0.028333333333333332 0.07833333333333334
0 0.5466666666666666 0.9725 0.03 0.055
0 0.2525 0.035 0.025 0.03666666666666667
0 0.5333333333333333 0.9866666666666667 0.013333333333333334 0.02666666666666667
0 0.5816666666666667 0.045 0.04 0.03333333333333333
0 0.6475 0.05333333333333334 0.03833333333333333 0.04
0 0.25666666666666665 0.049166666666666664 0.03333333333333333 0.06833333333333333
0 0.62 0.07083333333333333 0.03666666666666667 0.03166666666666667
0 0.5816666666666667 0.09583333333333334 0.03 0.028333333333333332
0 0.6033333333333334 0.10083333333333333 0.03333333333333333 0.041666666666666664
0 0.5658333333333333 0.11666666666666667 0.03833333333333333 0.03
0 0.8725 0.15166666666666667 0.025 0.02666666666666667
0 0.7291666666666666 0.16083333333333333 0.03166666666666667 0.041666666666666664
0 0.845 0.16666666666666666 0.03666666666666667 0.02666666666666667
0 0.7483333333333333 0.18083333333333335 0.03333333333333333 0.025
0 0.875 0.1775 0.03 0.028333333333333332
0 0.9008333333333334 0.18166666666666667 0.028333333333333332 0.06333333333333334
0 0.9208333333333333 0.18333333333333332 0.018333333333333333 0.06
0 0.7116666666666667 0.19166666666666668 0.03666666666666667 0.03
0 0.8916666666666667 0.1925 0.023333333333333334 0.018333333333333333
0 0.3875 0.19333333333333333 0.03166666666666667 0.05333333333333334
0 0.6775 0.2025 0.025 0.035
0 0.6575 0.19916666666666666 0.028333333333333332 0.025
0 0.7375 0.2075 0.03833333333333333 0.03833333333333333
0 0.935 0.21333333333333335 0.016666666666666666 0.05
0 0.7025 0.22083333333333333 0.028333333333333332 0.03833333333333333
0 0.6316666666666667 0.22583333333333333 0.02 0.025
0 0.6466666666666666 0.2275 0.03333333333333333 0.03166666666666667
0 0.6808333333333333 0.235 0.018333333333333333 0.05333333333333334
0 0.65 0.24416666666666667 0.02666666666666667 0.051666666666666666
0 0.6633333333333333 0.24666666666666667 0.02 0.05333333333333334
0 0.625 0.25416666666666665 0.03 0.028333333333333332
0 0.9383333333333334 0.2525 0.016666666666666666 0.055
0 0.6008333333333333 0.26 0.025 0.03333333333333333
0 0.9266666666666666 0.26416666666666666 0.016666666666666666 0.041666666666666664
0 0.62 0.2791666666666667 0.03 0.03166666666666667
0 0.6425 0.2816666666666667 0.025 0.02666666666666667
0 0.9416666666666667 0.285 0.023333333333333334 0.04666666666666667
0 0.5983333333333334 0.30583333333333335 0.016666666666666666 0.06833333333333333
0 0.585 0.31333333333333335 0.016666666666666666 0.056666666666666664
0 0.5783333333333334 0.31166666666666665 0.02666666666666667 0.06333333333333334
0 0.925 0.3175 0.023333333333333334 0.058333333333333334
0 0.5558333333333333 0.3358333333333333 0.021666666666666667 0.058333333333333334
0 0.5616666666666666 0.36666666666666664 0.03 0.05
0 0.9083333333333333 0.3675 0.04666666666666667 0.04833333333333333
0 0.5833333333333334 0.38916666666666666 0.03666666666666667 0.041666666666666664
0 0.6225 0.39666666666666667 0.021666666666666667 0.07
0 0.6066666666666667 0.3983333333333333 0.023333333333333334 0.043333333333333335
0 0.535 0.415 0.023333333333333334 0.05333333333333334
0 0.5466666666666666 0.41583333333333333 0.02666666666666667 0.051666666666666666
0 0.6008333333333333 0.41833333333333333 0.021666666666666667 0.05
0 0.515 0.43083333333333335 0.02 0.051666666666666666
0 0.58 0.43416666666666665 0.016666666666666666 0.058333333333333334
