0 0.24083333333333334 0.4741666666666667 0.03166666666666667 0.03833333333333333
0 0.18333333333333332 0.47583333333333333 0.02 0.07833333333333334
0 0.205 0.4866666666666667 0.02666666666666667 0.06666666666666667
0 0.2425 0.4875 0.03166666666666667 0.055
0 0.6983333333333334 0.0275 0.02 0.035
0 0.26416666666666666 0.5758333333333333 0.018333333333333333 0.07166666666666667
0 0.30083333333333334 0.6216666666666667 0.018333333333333333 0.04
0 0.7233333333333334 0.0425 0.03 0.055
0 0.2808333333333333 0.645 0.018333333333333333 0.06
0 0.2375 0.6633333333333333 0.03833333333333333 0.05333333333333334
0 0.31083333333333335 0.6683333333333333 0.021666666666666667 0.07
0 0.29583333333333334 0.6758333333333333 0.011666666666666667 0.06833333333333333
0 0.2708333333333333 0.6975 0.018333333333333333 0.07166666666666667
0 0.285 0.6975 0.013333333333333334 0.06166666666666667
0 0.31416666666666665 0.7141666666666666 0.018333333333333333 0.06166666666666667
0 0.3225 0.7225 0.021666666666666667 0.06166666666666667
0 0.2991666666666667 0.7458333333333333 0.015 0.065
0 0.33 0.7675 0.013333333333333334 0.06166666666666667
0 0.305 0.7666666666666667 0.013333333333333334 0.03666666666666667
0 0.3408333333333333 0.7733333333333333 0.018333333333333333 0.043333333333333335
0 0.31333333333333335 0.7875 0.02 0.06166666666666667
0 0.32083333333333336 0.8125 0.015 0.025
0 0.335 0.8133333333333334 0.03333333333333333 0.04
0 0.495 0.8225 0.03333333333333333 0.03833333333333333
0 0.4725 0.8241666666666667 0.028333333333333332 0.035
0 0.4625 0.855 0.035 0.03
0 0.7225 0.055 0.035 0.08
0 0.4683333333333333 0.8875 0.03666666666666667 0.041666666666666664
0 0.78 0.06333333333333334 0.03666666666666667 0.03333333333333333
0 0.3408333333333333 0.91 0.03166666666666667 0.04
0 0.37583333333333335 0.9141666666666667 0.035 0.035
0 0.32 0.915 0.03333333333333333 0.04666666666666667
0 0.4058333333333333 0.9275 0.041666666666666664 0.028333333333333332
0 0.3641666666666667 0.9366666666666666 0.03166666666666667 0.03333333333333333
0 0.43916666666666665 0.9475 0.03833333333333333 0.035
0 0.35333333333333333 0.9483333333333334 0.03666666666666667 0.03333333333333333
0 0.38916666666666666 0.9541666666666667 0.03833333333333333 0.025
0 0.3425 0.96 0.03166666666666667 0.03333333333333333
0 0.7533333333333333 0.0725 0.03 0.045
0 0.33916666666666667 0.98 0.035 0.03
0 0.3258333333333333 0.9883333333333333 0.03166666666666667 0.023333333333333334
0 0.7966666666666666 0.09 0.016666666666666666 0.06666666666666667
0 0.7733333333333333 0.11416666666666667 0.02 0.08833333333333333
0 0.8033333333333333 0.12 0.016666666666666666 0.06666666666666667
0 0.6625 0.145 0.018333333333333333 0.07333333333333333
0 0.7933333333333333 0.16833333333333333 0.023333333333333334 0.08
0 0.7133333333333334 0.0075 0.013333333333333334 0.015
0 0.59 0.19666666666666666 0.02 0.043333333333333335
0 0.6958333333333333 0.015833333333333335 0.028333333333333332 0.03166666666666667
0 0.5833333333333334 0.23583333333333334 0.02 0.03833333333333333
0 0.5841666666666666 0.24416666666666667 0.0016666666666666668 0.0016666666666666668
0 0.7291666666666666 0.015833333333333335 0.018333333333333333 0.03166666666666667
0 0.7658333333333334 0.019166666666666665 0.018333333333333333 0.03833333333333333
0 0.17 0.37083333333333335 0.016666666666666666 0.06166666666666667
0 0.4575 0.40166666666666667 0.021666666666666667 0.07
0 0.1575 0.4041666666666667 0.025 0.075
0 0.17833333333333334 0.42 0.02 0.05333333333333334
0 0.7483333333333333 0.025 0.02 0.05
0 0.7816666666666666 0.023333333333333334 0.013333333333333334 0.04666666666666667
0 0.7933333333333333 0.025833333333333333 0.016666666666666666 0.051666666666666666
0 0.1975 0.4533333333333333 0.018333333333333333 0.056666666666666664
