0 0.5833333333333334 0.4891666666666667 0.016666666666666666 0.07166666666666667
0 0.6183333333333333 0.5008333333333334 0.043333333333333335 0.035
0 0.545 0.5066666666666667 0.02666666666666667 0.05
0 0.5266666666666666 0.515 0.023333333333333334 0.05333333333333334
0 0.6741666666666667 0.5208333333333334 0.041666666666666664 0.028333333333333332
0 0.7016666666666667 0.5391666666666667 0.04 0.041666666666666664
0 0.7391666666666666 0.5416666666666666 0.03833333333333333 0.04666666666666667
0 0.6633333333333333 0.5466666666666666 0.043333333333333335 0.043333333333333335
0 0.37083333333333335 0.5666666666666667 0.025 0.06
0 0.26916666666666667 0.58 0.028333333333333332 0.07333333333333333
0 0.24083333333333334 0.5841666666666666 0.03833333333333333 0.04833333333333333
0 0.20083333333333334 0.6175 0.03833333333333333 0.045
0 0.25166666666666665 0.62 0.02 0.056666666666666664
0 0.2708333333333333 0.63 0.028333333333333332 0.07666666666666666
0 0.22833333333333333 0.6375 0.023333333333333334 0.06166666666666667
0 0.2125 0.6375 0.025 0.045
0 0.25083333333333335 0.6441666666666667 0.021666666666666667 0.058333333333333334
0 0.24083333333333334 0.6666666666666666 0.021666666666666667 0.06666666666666667
0 0.19666666666666666 0.6933333333333334 0.02 0.08666666666666667
0 0.215 0.6966666666666667 0.016666666666666666 0.06
0 0.23 0.7066666666666667 0.02 0.07
0 0.20083333333333334 0.7483333333333333 0.025 0.06333333333333334
0 0.855 0.75 0.03666666666666667 0.04
0 0.8016666666666666 0.7675 0.03333333333333333 0.065
0 0.49416666666666664 0.15916666666666668 0.021666666666666667 0.07166666666666667
0 0.4708333333333333 0.20333333333333334 0.021666666666666667 0.056666666666666664
0 0.6108333333333333 0.23083333333333333 0.041666666666666664 0.035
0 0.47583333333333333 0.23916666666666667 0.025 0.07166666666666667
0 0.6141666666666666 0.2625 0.041666666666666664 0.035
0 0.6241666666666666 0.2966666666666667 0.03833333333333333 0.04
0 0.6308333333333334 0.335 0.03166666666666667 0.056666666666666664
0 0.5783333333333334 0.4225 0.02666666666666667 0.06833333333333333
0 0.5633333333333334 0.43833333333333335 0.03 0.07666666666666666
0 0.535 0.46166666666666667 0.03333333333333333 0.06666666666666667
