0 0.48833333333333334 0.26 0.03333333333333333 0.03666666666666667
0 0.5183333333333333 0.2633333333333333 0.03 0.03333333333333333
0 0.5016666666666667 0.275 0.03333333333333333 0.023333333333333334
0 0.47583333333333333 0.2875 0.03166666666666667 0.025
0 0.5366666666666666 0.29333333333333333 0.03 0.03333333333333333
0 0.5616666666666666 0.29833333333333334 0.02666666666666667 0.03666666666666667
0 0.5125 0.2975 0.035 0.028333333333333332
0 0.6158333333333333 0.30083333333333334 0.028333333333333332 0.03166666666666667
0 0.5916666666666667 0.30083333333333334 0.03333333333333333 0.041666666666666664
0 0.4583333333333333 0.3075 0.03 0.028333333333333332
0 0.64 0.31333333333333335 0.02666666666666667 0.04
0 0.4766666666666667 0.31333333333333335 0.03 0.04
0 0.525 0.32666666666666666 0.02666666666666667 0.04
0 0.5091666666666667 0.32666666666666666 0.03166666666666667 0.04
0 0.5416666666666666 0.3275 0.02 0.045
0 0.5608333333333333 0.33916666666666667 0.021666666666666667 0.03833333333333333
0 0.6116666666666667 0.34833333333333333 0.03666666666666667 0.06
0 0.44416666666666665 0.3466666666666667 0.03833333333333333 0.056666666666666664
0 0.625 0.345 0.03333333333333333 0.06
0 0.5766666666666667 0.3491666666666667 0.02666666666666667 0.06166666666666667
0 0.49083333333333334 0.35083333333333333 0.03166666666666667 0.035
0 0.6508333333333334 0.3575 0.021666666666666667 0.055
0 0.6008333333333333 0.35583333333333333 0.028333333333333332 0.051666666666666666
0 0.5216666666666666 0.36583333333333334 0.02666666666666667 0.03833333333333333
0 0.4558333333333333 0.365 0.045 0.05
0 0.6691666666666667 0.36916666666666664 0.018333333333333333 0.041666666666666664
0 0.54 0.36833333333333335 0.02666666666666667 0.043333333333333335
0 0.5633333333333334 0.3725 0.03333333333333333 0.045
0 0.5 0.38666666666666666 0.02666666666666667 0.043333333333333335
0 0.475 0.3908333333333333 0.03666666666666667 0.04833333333333333
0 0.5216666666666666 0.3983333333333333 0.023333333333333334 0.04
0 0.5366666666666666 0.4008333333333333 0.02 0.03166666666666667
0 0.5108333333333334 0.42583333333333334 0.041666666666666664 0.045
