0 0.6625 0.55 0.041666666666666664 0.05333333333333334
0 0.69 0.5433333333333333 0.043333333333333335 0.06333333333333334
0 0.6425 0.5383333333333333 0.03833333333333333 0.04666666666666667
0 0.6716666666666666 0.495 0.03666666666666667 0.04666666666666667
0 0.5333333333333333 0.48583333333333334 0.02666666666666667 0.075
0 0.37583333333333335 0.4816666666666667 0.045 0.04666666666666667
0 0.5966666666666667 0.4225 0.016666666666666666 0.058333333333333334
0 0.5875 0.415 0.018333333333333333 0.08333333333333333
0 0.99 0.3466666666666667 0.02 0.07666666666666666
0 0.4775 0.97 0.025 0.06
0 0.5033333333333333 0.9216666666666666 0.02666666666666667 0.07
0 0.48583333333333334 0.9133333333333333 0.025 0.07
0 0.6 0.9083333333333333 0.04666666666666667 0.03666666666666667
0 0.5783333333333334 0.8683333333333333 0.03666666666666667 0.05
0 0.4925 0.84 0.018333333333333333 0.08333333333333333
0 0.5458333333333333 0.79 0.025 0.08666666666666667
0 0.47583333333333333 0.7333333333333333 0.025 0.08
0 0.43 0.6441666666666667 0.02666666666666667 0.065
0 0.47833333333333333 0.6325 0.04 0.085
0 0.5983333333333334 0.6075 0.03333333333333333 0.065
0 0.6258333333333334 0.5825 0.03166666666666667 0.045
