0 0.20416666666666666 0.5575 0.008333333333333333 0.005
0 0.7866666666666666 0.51 0.016666666666666666 0.056666666666666664
0 0.7491666666666666 0.5033333333333333 0.035 0.07333333333333333
0 0.6983333333333334 0.4975 0.023333333333333334 0.06166666666666667
0 0.2025 0.49083333333333334 0.021666666666666667 0.035
0 0.7758333333333334 0.4875 0.018333333333333333 0.06833333333333333
0 0.67 0.4866666666666667 0.04 0.03333333333333333
0 0.25833333333333336 0.47583333333333333 0.03666666666666667 0.07166666666666667
0 0.24 0.4725 0.02666666666666667 0.06833333333333333
0 0.1525 0.4725 0.035 0.08833333333333333
0 0.2225 0.4583333333333333 0.021666666666666667 0.06333333333333334
0 0.17666666666666667 0.4633333333333333 0.03333333333333333 0.05333333333333334
0 0.7591666666666667 0.45916666666666667 0.018333333333333333 0.06166666666666667
0 0.2 0.4608333333333333 0.02666666666666667 0.045
0 0.24833333333333332 0.4275 0.03 0.04833333333333333
0 0.245 0.4041666666666667 0.023333333333333334 0.055
0 0.29833333333333334 0.4075 0.03 0.055
0 0.225 0.4041666666666667 0.02666666666666667 0.058333333333333334
0 0.3566666666666667 0.39916666666666667 0.03666666666666667 0.058333333333333334
0 0.2683333333333333 0.38916666666666666 0.02 0.075
0 0.25333333333333335 0.355 0.02 0.05333333333333334
0 0.37333333333333335 0.33666666666666667 0.02666666666666667 0.08
0 0.2683333333333333 0.32666666666666666 0.016666666666666666 0.056666666666666664
0 0.3858333333333333 0.31416666666666665 0.021666666666666667 0.07166666666666667
0 0.7075 0.25166666666666665 0.03166666666666667 0.06666666666666667
0 0.47583333333333333 0.18583333333333332 0.028333333333333332 0.06833333333333333
0 0.7325 0.018333333333333333 0.021666666666666667 0.03666666666666667
0 0.7508333333333334 0.005 0.03166666666666667 0.01
0 0.7483333333333333 0.8558333333333333 0.03 0.06833333333333333
0 0.7333333333333333 0.845 0.02666666666666667 0.05
0 0.75 0.8466666666666667 0.02666666666666667 0.056666666666666664
0 0.7741666666666667 0.8066666666666666 0.021666666666666667 0.06666666666666667
0 0.77 0.8066666666666666 0.02666666666666667 0.06333333333333334
0 0.7558333333333334 0.7883333333333333 0.028333333333333332 0.06
0 0.72 0.7633333333333333 0.02 0.07
0 0.7733333333333333 0.7491666666666666 0.02 0.055
0 0.7091666666666666 0.7216666666666667 0.018333333333333333 0.07666666666666666
0 0.7333333333333333 0.7216666666666667 0.02 0.06666666666666667
0 0.755 0.7033333333333334 0.02 0.07333333333333333
0 0.21166666666666667 0.7016666666666667 0.02666666666666667 0.05333333333333334
0 0.155 0.695 0.04 0.03333333333333333
0 0.20416666666666666 0.6866666666666666 0.03833333333333333 0.08
0 0.11916666666666667 0.6808333333333333 0.028333333333333332 0.055
0 0.7175 0.6766666666666666 0.018333333333333333 0.07333333333333333
0 0.7008333333333333 0.6791666666666667 0.015 0.055
0 0.2 0.6791666666666667 0.03 0.065
0 0.18083333333333335 0.6775 0.015 0.065
0 0.7558333333333334 0.645 0.025 0.06333333333333334
0 0.13666666666666666 0.6425 0.03666666666666667 0.028333333333333332
0 0.7016666666666667 0.6458333333333334 0.02 0.07833333333333334
0 0.11583333333333333 0.6441666666666667 0.018333333333333333 0.07166666666666667
0 0.205 0.6325 0.03333333333333333 0.028333333333333332
0 0.6775 0.6283333333333333 0.03166666666666667 0.043333333333333335
0 0.19916666666666666 0.6225 0.03833333333333333 0.045
0 0.175 0.6183333333333333 0.02666666666666667 0.06666666666666667
0 0.1425 0.6191666666666666 0.03166666666666667 0.028333333333333332
0 0.6691666666666667 0.5925 0.028333333333333332 0.041666666666666664
0 0.17583333333333334 0.5875 0.028333333333333332 0.058333333333333334
0 0.20416666666666666 0.585 0.028333333333333332 0.03666666666666667
0 0.7941666666666667 0.5841666666666666 0.018333333333333333 0.07166666666666667
0 0.1575 0.5825 0.025 0.041666666666666664
0 0.23083333333333333 0.5816666666666667 0.035 0.04666666666666667
0 0.15 0.565 0.02666666666666667 0.05
0 0.6341666666666667 0.5658333333333333 0.041666666666666664 0.045
0 0.7825 0.5658333333333333 0.018333333333333333 0.08166666666666667
0 0.5933333333333334 0.5575 0.03333333333333333 0.06166666666666667
0 0.7158333333333333 0.5566666666666666 0.021666666666666667 0.05333333333333334
0 0.7 0.5475 0.03666666666666667 0.06833333333333333
0 0.2175 0.5425 0.041666666666666664 0.058333333333333334
0 0.145 0.545 0.03 0.06666666666666667
0 0.23166666666666666 0.5266666666666666 0.006666666666666667 0.01
0 0.24083333333333334 0.5391666666666667 0.03166666666666667 0.045
0 0.17916666666666667 0.5375 0.028333333333333332 0.051666666666666666
