0 0.6825 0.49 0.015 0.03
0 0.31416666666666665 0.9658333333333333 0.0016666666666666668 0.005
0 0.8166666666666667 0.175 0.01 0.013333333333333334
0 0.8125 0.17583333333333334 0.008333333333333333 0.015
0 0.83 0.1775 0.006666666666666667 0.018333333333333333
0 0.86 0.18583333333333332 0.013333333333333334 0.018333333333333333
0 0.8391666666666666 0.18416666666666667 0.011666666666666667 0.015
0 0.8483333333333334 0.18416666666666667 0.01 0.021666666666666667
0 0.8891666666666667 0.18916666666666668 0.011666666666666667 0.018333333333333333
0 0.7975 0.18916666666666668 0.015 0.015
0 0.865 0.1875 0.013333333333333334 0.018333333333333333
0 0.8091666666666667 0.19333333333333333 0.011666666666666667 0.013333333333333334
0 0.8133333333333334 0.21916666666666668 0.013333333333333334 0.021666666666666667
0 0.3725 0.23166666666666666 0.011666666666666667 0.006666666666666667
0 0.36333333333333334 0.235 0.01 0.006666666666666667
0 0.37416666666666665 0.23833333333333334 0.015 0.02
0 0.9075 0.24166666666666667 0.011666666666666667 0.013333333333333334
0 0.3525 0.245 0.005 0.01
0 0.3591666666666667 0.24416666666666667 0.015 0.015
0 0.9883333333333333 0.2633333333333333 0.013333333333333334 0.02
0 0.8766666666666667 0.2633333333333333 0.013333333333333334 0.01
0 0.9316666666666666 0.28583333333333333 0.013333333333333334 0.015
0 0.92 0.3 0.016666666666666666 0.023333333333333334
0 0.4325 0.33166666666666667 0.011666666666666667 0.023333333333333334
0 0.4891666666666667 0.3325 0.021666666666666667 0.03166666666666667
0 0.4425 0.3333333333333333 0.011666666666666667 0.02666666666666667
0 0.435 0.33166666666666667 0.016666666666666666 0.023333333333333334
0 0.4066666666666667 0.335 0.013333333333333334 0.016666666666666666
0 0.385 0.335 0.01 0.016666666666666666
0 0.4825 0.3358333333333333 0.015 0.025
0 0.4508333333333333 0.3383333333333333 0.011666666666666667 0.023333333333333334
0 0.8875 0.3408333333333333 0.021666666666666667 0.03166666666666667
0 0.9008333333333334 0.3416666666666667 0.015 0.016666666666666666
0 0.4683333333333333 0.3408333333333333 0.01 0.025
0 0.37166666666666665 0.3433333333333333 0.016666666666666666 0.016666666666666666
0 0.355 0.345 0.016666666666666666 0.023333333333333334
0 0.8866666666666667 0.3458333333333333 0.016666666666666666 0.021666666666666667
0 0.405 0.3516666666666667 0.013333333333333334 0.02666666666666667
0 0.385 0.3516666666666667 0.01 0.02
0 0.3975 0.35333333333333333 0.015 0.02666666666666667
0 0.6133333333333333 0.415 0.016666666666666666 0.02666666666666667
0 0.6708333333333333 0.4508333333333333 0.011666666666666667 0.025
0 0.6575 0.4658333333333333 0.018333333333333333 0.028333333333333332
0 0.6825 0.4816666666666667 0.018333333333333333 0.04666666666666667
