0 0.5391666666666667 0.4816666666666667 0.021666666666666667 0.043333333333333335
0 0.5666666666666667 0.4825 0.03 0.028333333333333332
0 0.5975 0.49583333333333335 0.03166666666666667 0.03166666666666667
0 0.5683333333333334 0.505 0.03666666666666667 0.02666666666666667
0 0.55 0.5183333333333333 0.03333333333333333 0.03333333333333333
0 0.6175 0.5183333333333333 0.018333333333333333 0.06666666666666667
0 0.5866666666666667 0.5241666666666667 0.03666666666666667 0.028333333333333332
0 0.6025 0.5775 0.005 0.011666666666666667
0 0.5658333333333333 0.57 0.03166666666666667 0.03
0 0.6875 0.575 0.03833333333333333 0.03333333333333333
0 0.6025 0.5908333333333333 0.03833333333333333 0.058333333333333334
0 0.5775 0.5966666666666667 0.03166666666666667 0.02666666666666667
0 0.6791666666666667 0.5975 0.041666666666666664 0.03166666666666667
0 0.5066666666666667 0.6041666666666666 0.04 0.03833333333333333
0 0.7183333333333334 0.6225 0.04 0.051666666666666666
0 0.6033333333333334 0.6266666666666667 0.04 0.03
0 0.6441666666666667 0.6358333333333334 0.045 0.03166666666666667
0 0.055 0.6483333333333333 0.05 0.04666666666666667
0 0.20666666666666667 0.6575 0.056666666666666664 0.03833333333333333
0 0.5141666666666667 0.655 0.041666666666666664 0.03666666666666667
0 0.6508333333333334 0.6533333333333333 0.028333333333333332 0.023333333333333334
0 0.5875 0.6558333333333334 0.03833333333333333 0.035
0 0.6708333333333333 0.66 0.028333333333333332 0.02
0 0.06333333333333334 0.6591666666666667 0.03333333333333333 0.025
0 0.6516666666666666 0.6808333333333333 0.04 0.028333333333333332
0 0.16666666666666666 0.6833333333333333 0.04 0.04
0 0.5691666666666667 0.6825 0.03166666666666667 0.041666666666666664
0 0.5025 0.6858333333333333 0.03833333333333333 0.035
0 0.6025 0.6841666666666667 0.035 0.028333333333333332
0 0.6316666666666667 0.71 0.03666666666666667 0.03333333333333333
0 0.14083333333333334 0.7191666666666666 0.045 0.03833333333333333
0 0.5158333333333334 0.7158333333333333 0.045 0.03166666666666667
0 0.4766666666666667 0.7225 0.043333333333333335 0.045
0 0.61 0.7266666666666667 0.03666666666666667 0.05
0 0.5741666666666667 0.7316666666666667 0.041666666666666664 0.03
0 0.49583333333333335 0.7375 0.041666666666666664 0.03166666666666667
0 0.5058333333333334 0.7525 0.03833333333333333 0.03833333333333333
0 0.65 0.7533333333333333 0.03666666666666667 0.05333333333333334
0 0.5333333333333333 0.7641666666666667 0.043333333333333335 0.03833333333333333
0 0.48583333333333334 0.8008333333333333 0.03833333333333333 0.03166666666666667
0 0.53 0.8141666666666667 0.03 0.06833333333333333
0 0.48333333333333334 0.8283333333333334 0.03333333333333333 0.03
0 0.5666666666666667 0.07666666666666666 0.02666666666666667 0.03
0 0.345 0.9241666666666667 0.03666666666666667 0.06166666666666667
0 0.034166666666666665 0.9683333333333334 0.03166666666666667 0.03666666666666667
0 0.5825 0.11 0.025 0.05
0 0.6041666666666666 0.1125 0.025 0.041666666666666664
0 0.5725 0.12 0.025 0.03333333333333333
0 0.38416666666666666 0.13583333333333333 0.041666666666666664 0.03166666666666667
0 0.645 0.14 0.04666666666666667 0.03333333333333333
0 0.6175 0.1575 0.005 0.0016666666666666668
0 0.5983333333333334 0.14666666666666667 0.023333333333333334 0.023333333333333334
0 0.5783333333333334 0.14833333333333334 0.03 0.04
0 0.365 0.155 0.03333333333333333 0.023333333333333334
0 0.42833333333333334 0.16083333333333333 0.05 0.03833333333333333
0 0.5625 0.16333333333333333 0.035 0.03
0 0.6308333333333334 0.16833333333333333 0.018333333333333333 0.03333333333333333
0 0.6175 0.1725 0.045 0.03166666666666667
0 0.5816666666666667 0.19083333333333333 0.03666666666666667 0.035
0 0.6075 0.19916666666666666 0.041666666666666664 0.035
0 0.6316666666666667 0.21583333333333332 0.03666666666666667 0.041666666666666664
0 0.19666666666666666 0.25416666666666665 0.03333333333333333 0.028333333333333332
0 0.22 0.25916666666666666 0.04666666666666667 0.045
0 0.54 0.37916666666666665 0.016666666666666666 0.055
0 0.5433333333333333 0.43166666666666664 0.023333333333333334 0.06333333333333334
0 0.5791666666666667 0.44 0.021666666666666667 0.07
0 0.5716666666666667 0.43916666666666665 0.03333333333333333 0.06833333333333333
0 0.595 0.4483333333333333 0.016666666666666666 0.06333333333333334
0 0.565 0.4575 0.02 0.03833333333333333
