0 0.41833333333333333 0.4891666666666667 0.02 0.051666666666666666
0 0.40166666666666667 0.49583333333333335 0.02 0.06166666666666667
0 0.36833333333333335 0.5033333333333333 0.02666666666666667 0.06333333333333334
0 0.4725 0.04666666666666667 0.021666666666666667 0.08
0 0.4058333333333333 0.5441666666666667 0.028333333333333332 0.058333333333333334
0 0.4041666666666667 0.615 0.018333333333333333 0.08333333333333333
0 0.98 0.7458333333333333 0.04 0.07833333333333334
0 0.99 0.8183333333333334 0.02 0.07
0 0.99 0.8191666666666667 0.02 0.07166666666666667
0 0.9375 0.8441666666666666 0.03833333333333333 0.085
0 0.9733333333333334 0.8875 0.043333333333333335 0.055
0 0.9483333333333334 0.8866666666666667 0.04 0.03666666666666667
0 0.9691666666666666 0.9283333333333333 0.035 0.05
0 0.4766666666666667 0.1025 0.02 0.06166666666666667
0 0.4575 0.11333333333333333 0.021666666666666667 0.06333333333333334
0 0.44166666666666665 0.1275 0.01 0.058333333333333334
0 0.435 0.1325 0.02 0.051666666666666666
0 0.45416666666666666 0.13166666666666665 0.018333333333333333 0.07666666666666666
0 0.4608333333333333 0.1675 0.025 0.06166666666666667
0 0.43083333333333335 0.16833333333333333 0.021666666666666667 0.03
0 0.475 0.19083333333333333 0.016666666666666666 0.075
0 0.43166666666666664 0.19583333333333333 0.02 0.041666666666666664
0 0.4558333333333333 0.2125 0.025 0.051666666666666666
0 0.43833333333333335 0.2125 0.023333333333333334 0.045
0 0.4191666666666667 0.22 0.015 0.05333333333333334
0 0.44166666666666665 0.24166666666666667 0.02 0.06333333333333334
0 0.4633333333333333 0.255 0.016666666666666666 0.05333333333333334
0 0.42333333333333334 0.26416666666666666 0.016666666666666666 0.058333333333333334
0 0.4475 0.28833333333333333 0.021666666666666667 0.06
0 0.41 0.285 0.013333333333333334 0.07333333333333333
0 0.43333333333333335 0.285 0.016666666666666666 0.06666666666666667
0 0.48333333333333334 0.3233333333333333 0.016666666666666666 0.07333333333333333
0 0.4558333333333333 0.325 0.021666666666666667 0.06666666666666667
0 0.42333333333333334 0.3358333333333333 0.016666666666666666 0.04833333333333333
0 0.44166666666666665 0.3383333333333333 0.02 0.05
0 0.465 0.33916666666666667 0.02 0.06833333333333333
0 0.485 0.36666666666666664 0.013333333333333334 0.05
0 0.43 0.36583333333333334 0.023333333333333334 0.06833333333333333
0 0.4683333333333333 0.37083333333333335 0.02 0.045
0 0.405 0.37833333333333335 0.02 0.06333333333333334
0 0.44083333333333335 0.38416666666666666 0.018333333333333333 0.06166666666666667
0 0.4533333333333333 0.39666666666666667 0.013333333333333334 0.05333333333333334
0 0.46416666666666667 0.4075 0.025 0.051666666666666666
0 0.4266666666666667 0.4066666666666667 0.02 0.03333333333333333
0 0.4075 0.43833333333333335 0.018333333333333333 0.05
0 0.43916666666666665 0.44083333333333335 0.021666666666666667 0.051666666666666666
0 0.4216666666666667 0.44416666666666665 0.02666666666666667 0.051666666666666666
