0 0.82 0.3858333333333333 0.03333333333333333 0.11166666666666666
0 0.5091666666666667 0.20916666666666667 0.07166666666666667 0.051666666666666666
0 0.905 0.8775 0.04666666666666667 0.11833333333333333
0 0.96 0.8016666666666666 0.03 0.11333333333333333
0 0.9191666666666667 0.7541666666666667 0.03166666666666667 0.105
0 0.4125 0.7166666666666667 0.055 0.09666666666666666
0 0.3491666666666667 0.6883333333333334 0.055 0.09666666666666666
0 0.4658333333333333 0.6725 0.06833333333333333 0.09166666666666666
0 0.9466666666666667 0.63 0.043333333333333335 0.10333333333333333
0 0.32666666666666666 0.6141666666666666 0.07333333333333333 0.055
0 0.4375 0.6016666666666667 0.075 0.05333333333333334
0 0.3775 0.55 0.07166666666666667 0.06
0 0.8041666666666667 0.5433333333333333 0.041666666666666664 0.10333333333333333
0 0.44916666666666666 0.5425 0.07166666666666667 0.051666666666666666
