0 0.24083333333333334 0.49666666666666665 0.03166666666666667 0.04
0 0.18333333333333332 0.5 0.02 0.08333333333333333
0 0.205 0.5108333333333334 0.02666666666666667 0.06833333333333333
0 0.2425 0.5175 0.03166666666666667 0.045
0 0.715 0.035 0.02 0.03666666666666667
0 0.2658333333333333 0.6025 0.018333333333333333 0.075
0 0.30333333333333334 0.65 0.02 0.04
0 0.7391666666666666 0.0525 0.035 0.065
0 0.2825 0.6733333333333333 0.018333333333333333 0.06
0 0.2375 0.6933333333333334 0.041666666666666664 0.056666666666666664
0 0.31416666666666665 0.6983333333333334 0.021666666666666667 0.07333333333333333
0 0.29833333333333334 0.705 0.013333333333333334 0.07333333333333333
0 0.2725 0.7291666666666666 0.021666666666666667 0.075
0 0.2875 0.7275 0.015 0.065
0 0.3175 0.7458333333333333 0.018333333333333333 0.065
0 0.3258333333333333 0.755 0.021666666666666667 0.06666666666666667
0 0.3025 0.7791666666666667 0.018333333333333333 0.06833333333333333
0 0.3333333333333333 0.8016666666666666 0.013333333333333334 0.06666666666666667
0 0.30833333333333335 0.8008333333333333 0.016666666666666666 0.03833333333333333
0 0.345 0.8075 0.016666666666666666 0.045
0 0.31583333333333335 0.8216666666666667 0.021666666666666667 0.06333333333333334
0 0.3258333333333333 0.845 0.018333333333333333 0.03
0 0.3375 0.8483333333333334 0.035 0.04
0 0.5041666666666667 0.8575 0.035 0.041666666666666664
0 0.48083333333333333 0.86 0.028333333333333332 0.03666666666666667
0 0.4683333333333333 0.8916666666666667 0.04 0.03
0 0.7383333333333333 0.065 0.03666666666666667 0.08333333333333333
0 0.4766666666666667 0.9225 0.03666666666666667 0.04833333333333333
0 0.7991666666666667 0.0725 0.03833333333333333 0.035
0 0.3441666666666667 0.9491666666666667 0.035 0.041666666666666664
0 0.3825 0.9516666666666667 0.03833333333333333 0.03666666666666667
0 0.3225 0.9541666666666667 0.035 0.04833333333333333
0 0.4116666666666667 0.9675 0.043333333333333335 0.03166666666666667
0 0.3675 0.975 0.035 0.03333333333333333
0 0.44666666666666666 0.9833333333333333 0.04 0.03333333333333333
0 0.35833333333333334 0.985 0.03666666666666667 0.03
0 0.395 0.9908333333333333 0.03666666666666667 0.018333333333333333
0 0.3433333333333333 0.9908333333333333 0.03 0.018333333333333333
0 0.7716666666666666 0.08166666666666667 0.03 0.04666666666666667
0 0.8166666666666667 0.09583333333333334 0.02 0.06166666666666667
0 0.7583333333333333 0.005 0.013333333333333334 0.01
0 0.7916666666666666 0.12583333333333332 0.02 0.08833333333333333
0 0.8233333333333334 0.13083333333333333 0.02 0.06833333333333333
0 0.6783333333333333 0.1575 0.02 0.075
0 0.8116666666666666 0.18166666666666667 0.023333333333333334 0.08333333333333333
0 0.73 0.010833333333333334 0.016666666666666666 0.021666666666666667
0 0.6016666666666667 0.20666666666666667 0.02 0.03666666666666667
0 0.71 0.018333333333333333 0.03 0.03666666666666667
0 0.5966666666666667 0.24916666666666668 0.02 0.03833333333333333
0 0.6116666666666667 0.24916666666666668 0.03333333333333333 0.065
0 0.7466666666666667 0.0175 0.02 0.035
0 0.7841666666666667 0.024166666666666666 0.018333333333333333 0.04833333333333333
0 0.1675 0.39 0.018333333333333333 0.06333333333333334
0 0.465 0.4225 0.02 0.07166666666666667
0 0.15583333333333332 0.425 0.025 0.07666666666666666
0 0.17833333333333334 0.44083333333333335 0.02 0.055
0 0.7658333333333334 0.029166666666666667 0.021666666666666667 0.058333333333333334
0 0.8008333333333333 0.0275 0.015 0.055
0 0.8133333333333334 0.03 0.016666666666666666 0.06
0 0.19666666666666666 0.475 0.02 0.056666666666666664
