0 0.535 0.51 0.016666666666666666 0.06666666666666667
0 0.5025 0.48083333333333333 0.018333333333333333 0.07166666666666667
0 0.5791666666666667 0.4708333333333333 0.025 0.07166666666666667
0 0.5683333333333334 0.715 0.02666666666666667 0.06666666666666667
0 0.555 0.675 0.016666666666666666 0.06666666666666667
0 0.5708333333333333 0.6733333333333333 0.035 0.06333333333333334
0 0.5691666666666667 0.6441666666666667 0.015 0.055
0 0.5925 0.63 0.015 0.043333333333333335
0 0.5433333333333333 0.6316666666666667 0.02 0.056666666666666664
0 0.5983333333333334 0.62 0.016666666666666666 0.06666666666666667
0 0.5816666666666667 0.5983333333333334 0.016666666666666666 0.056666666666666664
0 0.555 0.5875 0.023333333333333334 0.058333333333333334
0 0.5416666666666666 0.5933333333333334 0.02666666666666667 0.05333333333333334
0 0.525 0.5883333333333334 0.02 0.03666666666666667
0 0.5683333333333334 0.58 0.013333333333333334 0.07
0 0.5216666666666666 0.5416666666666666 0.03333333333333333 0.04666666666666667
0 0.5841666666666666 0.5408333333333334 0.03833333333333333 0.035
0 0.5525 0.5341666666666667 0.025 0.051666666666666666
