0 0.38 0.4925 0.013333333333333334 0.065
0 0.49166666666666664 0.49416666666666664 0.03666666666666667 0.028333333333333332
0 0.39666666666666667 0.51 0.02666666666666667 0.04666666666666667
0 0.42833333333333334 0.5083333333333333 0.03666666666666667 0.02666666666666667
0 0.4691666666666667 0.5091666666666667 0.035 0.028333333333333332
0 0.5008333333333334 0.5158333333333334 0.03166666666666667 0.025
0 0.455 0.5308333333333334 0.03333333333333333 0.028333333333333332
0 0.42916666666666664 0.535 0.03166666666666667 0.03
0 0.3883333333333333 0.5358333333333334 0.04 0.03166666666666667
0 0.39 0.5583333333333333 0.03333333333333333 0.02666666666666667
0 0.4216666666666667 0.5633333333333334 0.03 0.04666666666666667
0 0.3975 0.585 0.028333333333333332 0.03666666666666667
0 0.42833333333333334 0.5991666666666666 0.02666666666666667 0.041666666666666664
0 0.43833333333333335 0.6366666666666667 0.03 0.03333333333333333
0 0.4141666666666667 0.6325 0.028333333333333332 0.06166666666666667
0 0.43666666666666665 0.6775 0.023333333333333334 0.058333333333333334
0 0.4558333333333333 0.675 0.035 0.04666666666666667
0 0.45166666666666666 0.7133333333333334 0.016666666666666666 0.056666666666666664
0 0.47333333333333333 0.7241666666666666 0.03 0.028333333333333332
0 0.45166666666666666 0.7541666666666667 0.03666666666666667 0.03833333333333333
0 0.4875 0.7533333333333333 0.03166666666666667 0.03333333333333333
0 0.4633333333333333 0.785 0.02666666666666667 0.03333333333333333
0 0.4866666666666667 0.7816666666666666 0.03 0.03
0 0.5191666666666667 0.7866666666666666 0.03166666666666667 0.03333333333333333
0 0.4633333333333333 0.8075 0.03333333333333333 0.03833333333333333
0 0.5008333333333334 0.8116666666666666 0.03166666666666667 0.03333333333333333
0 0.3225 0.059166666666666666 0.035 0.055
0 0.505 0.8391666666666666 0.03333333333333333 0.025
0 0.36833333333333335 0.095 0.03 0.06666666666666667
0 0.3333333333333333 0.10583333333333333 0.023333333333333334 0.051666666666666666
0 0.38416666666666666 0.12333333333333334 0.015 0.08
0 0.3566666666666667 0.13166666666666665 0.023333333333333334 0.06
0 0.4058333333333333 0.15583333333333332 0.018333333333333333 0.06833333333333333
0 0.36666666666666664 0.18833333333333332 0.03 0.06333333333333334
0 0.38166666666666665 0.1875 0.023333333333333334 0.041666666666666664
0 0.4008333333333333 0.195 0.028333333333333332 0.05333333333333334
0 0.3975 0.23 0.03166666666666667 0.043333333333333335
0 0.4075 0.23166666666666666 0.0016666666666666668 0.0033333333333333335
0 0.43916666666666665 0.31416666666666665 0.0016666666666666668 0.0016666666666666668
0 0.42583333333333334 0.29083333333333333 0.03166666666666667 0.051666666666666666
0 0.4225 0.31416666666666665 0.035 0.058333333333333334
0 0.39916666666666667 0.3358333333333333 0.011666666666666667 0.058333333333333334
0 0.41 0.3466666666666667 0.013333333333333334 0.07666666666666666
0 0.44583333333333336 0.3625 0.015 0.051666666666666666
0 0.465 0.38 0.03 0.07
0 0.4266666666666667 0.41083333333333333 0.02666666666666667 0.07166666666666667
0 0.41 0.4225 0.02 0.07166666666666667
0 0.40166666666666667 0.4533333333333333 0.016666666666666666 0.07666666666666666
0 0.5175 0.45916666666666667 0.035 0.035
0 0.4891666666666667 0.46166666666666667 0.03833333333333333 0.03333333333333333
0 0.39 0.4658333333333333 0.016666666666666666 0.065
0 0.41833333333333333 0.4775 0.02 0.041666666666666664
0 0.5291666666666667 0.47583333333333333 0.028333333333333332 0.03166666666666667
0 0.4508333333333333 0.4891666666666667 0.035 0.028333333333333332
