0 0.6775 0.034166666666666665 0.04833333333333333 0.06833333333333333
0 0.8558333333333333 0.5608333333333333 0.065 0.095
0 0.14083333333333334 0.5633333333333334 0.06833333333333333 0.06
0 0.315 0.645 0.06333333333333334 0.056666666666666664
0 0.9591666666666666 0.69 0.041666666666666664 0.12333333333333334
0 0.33 0.8433333333333334 0.06333333333333334 0.07333333333333333
0 0.38666666666666666 0.06166666666666667 0.06666666666666667 0.06
0 0.6325 0.9791666666666666 0.051666666666666666 0.041666666666666664
0 0.34 0.1425 0.056666666666666664 0.07833333333333334
0 0.9775 0.22166666666666668 0.045 0.1
0 0.31416666666666665 0.22916666666666666 0.065 0.065
0 0.1825 0.3325 0.07166666666666667 0.07833333333333334
0 0.18166666666666667 0.45 0.06333333333333334 0.06333333333333334
