0 0.7991666666666667 0.42916666666666664 0.035 0.04833333333333333
0 0.545 0.43166666666666664 0.043333333333333335 0.03333333333333333
0 0.30833333333333335 0.4483333333333333 0.04 0.05
0 0.7975 0.4716666666666667 0.025 0.05333333333333334
0 0.3825 0.475 0.03166666666666667 0.07333333333333333
0 0.2816666666666667 0.4775 0.02 0.06833333333333333
0 0.7575 0.48333333333333334 0.041666666666666664 0.04666666666666667
0 0.3 0.485 0.023333333333333334 0.06666666666666667
0 0.7758333333333334 0.4866666666666667 0.028333333333333332 0.04666666666666667
0 0.32083333333333336 0.49333333333333335 0.03166666666666667 0.03666666666666667
0 0.32416666666666666 0.52 0.025 0.03666666666666667
0 0.30083333333333334 0.5291666666666667 0.021666666666666667 0.06833333333333333
0 0.7983333333333333 0.5291666666666667 0.02 0.06166666666666667
0 0.7358333333333333 0.5308333333333334 0.041666666666666664 0.04833333333333333
0 0.32916666666666666 0.5491666666666667 0.035 0.04833333333333333
0 0.4216666666666667 0.5566666666666666 0.02 0.09333333333333334
0 0.3175 0.5541666666666667 0.021666666666666667 0.058333333333333334
0 0.285 0.5641666666666667 0.016666666666666666 0.07166666666666667
0 0.2708333333333333 0.5625 0.021666666666666667 0.09166666666666666
0 0.4216666666666667 0.5675 0.02 0.06833333333333333
0 0.3025 0.59 0.018333333333333333 0.06
0 0.31916666666666665 0.595 0.025 0.056666666666666664
0 0.25 0.5975 0.02666666666666667 0.08166666666666667
0 0.2916666666666667 0.6058333333333333 0.016666666666666666 0.051666666666666666
0 0.43416666666666665 0.605 0.018333333333333333 0.06666666666666667
0 0.75 0.6166666666666667 0.043333333333333335 0.06
0 0.2658333333333333 0.6266666666666667 0.018333333333333333 0.06
0 0.285 0.6516666666666666 0.02 0.06333333333333334
0 0.42583333333333334 0.6508333333333334 0.018333333333333333 0.075
0 0.515 0.6658333333333334 0.03 0.075
0 0.2658333333333333 0.6966666666666667 0.021666666666666667 0.07666666666666666
0 0.2475 0.6966666666666667 0.018333333333333333 0.07333333333333333
0 0.2833333333333333 0.7625 0.03 0.085
0 0.2783333333333333 0.795 0.02666666666666667 0.06
0 0.26666666666666666 0.8208333333333333 0.02 0.075
0 0.28583333333333333 0.8666666666666667 0.025 0.07333333333333333
0 0.7891666666666667 0.8741666666666666 0.018333333333333333 0.095
0 0.7691666666666667 0.8925 0.028333333333333332 0.07833333333333334
0 0.2775 0.9 0.021666666666666667 0.07
0 0.7375 0.9191666666666667 0.045 0.06166666666666667
0 0.6891666666666667 0.9408333333333333 0.045 0.051666666666666666
0 0.7708333333333334 0.9475 0.021666666666666667 0.065
0 0.745 0.9533333333333334 0.03 0.04
0 0.7325 0.9858333333333333 0.035 0.028333333333333332
0 0.8616666666666667 0.07083333333333333 0.023333333333333334 0.07833333333333334
0 0.8066666666666666 0.10666666666666667 0.023333333333333334 0.05333333333333334
0 0.765 0.16083333333333333 0.023333333333333334 0.07166666666666667
0 0.83 0.15833333333333333 0.016666666666666666 0.056666666666666664
0 0.8133333333333334 0.16166666666666665 0.02666666666666667 0.06
0 0.9925 0.19416666666666665 0.015 0.028333333333333332
0 0.7341666666666666 0.19083333333333333 0.041666666666666664 0.055
0 0.845 0.19833333333333333 0.023333333333333334 0.06
0 0.815 0.20416666666666666 0.023333333333333334 0.051666666666666666
0 0.6316666666666667 0.21166666666666667 0.02666666666666667 0.023333333333333334
0 0.2475 0.21166666666666667 0.021666666666666667 0.07333333333333333
0 0.2683333333333333 0.24 0.023333333333333334 0.07666666666666666
0 0.64 0.23416666666666666 0.04 0.041666666666666664
0 0.7908333333333334 0.24166666666666667 0.021666666666666667 0.07666666666666666
0 0.9791666666666666 0.23916666666666667 0.028333333333333332 0.051666666666666666
0 0.61 0.2425 0.03666666666666667 0.051666666666666666
0 0.23166666666666666 0.25416666666666665 0.023333333333333334 0.058333333333333334
0 0.8108333333333333 0.25833333333333336 0.025 0.06333333333333334
0 0.23666666666666666 0.28 0.02666666666666667 0.06
0 0.26166666666666666 0.285 0.023333333333333334 0.07333333333333333
0 0.7608333333333334 0.29 0.025 0.05
0 0.245 0.3016666666666667 0.016666666666666666 0.06
0 0.5883333333333334 0.3 0.03 0.06333333333333334
0 0.78 0.30333333333333334 0.03 0.04666666666666667
0 0.805 0.30666666666666664 0.023333333333333334 0.06
0 0.6158333333333333 0.30583333333333335 0.028333333333333332 0.07166666666666667
0 0.7375 0.3075 0.041666666666666664 0.065
0 0.2575 0.3441666666666667 0.018333333333333333 0.06833333333333333
0 0.31833333333333336 0.3416666666666667 0.03333333333333333 0.03333333333333333
0 0.7541666666666667 0.3475 0.041666666666666664 0.035
0 0.8191666666666667 0.35583333333333333 0.028333333333333332 0.04833333333333333
0 0.7125 0.35583333333333333 0.035 0.028333333333333332
0 0.5991666666666666 0.36 0.035 0.03666666666666667
0 0.2791666666666667 0.3625 0.028333333333333332 0.075
0 0.25416666666666665 0.38416666666666666 0.025 0.07833333333333334
0 0.705 0.38083333333333336 0.04666666666666667 0.03833333333333333
0 0.5616666666666666 0.39416666666666667 0.043333333333333335 0.041666666666666664
0 0.8016666666666666 0.4008333333333333 0.03333333333333333 0.041666666666666664
0 0.8225 0.4166666666666667 0.018333333333333333 0.05333333333333334
0 0.27666666666666667 0.415 0.023333333333333334 0.06333333333333334
