0 0.5758333333333333 0.5433333333333333 0.041666666666666664 0.05333333333333334
0 0.44916666666666666 0.5316666666666666 0.035 0.05
0 0.4683333333333333 0.5233333333333333 0.03 0.05333333333333334
0 0.5675 0.5216666666666666 0.045 0.06333333333333334
0 0.5141666666666667 0.5 0.028333333333333332 0.06
0 0.5466666666666666 0.495 0.043333333333333335 0.04
0 0.49166666666666664 0.49333333333333335 0.02666666666666667 0.06
0 0.4716666666666667 0.4891666666666667 0.02666666666666667 0.03833333333333333
0 0.5175 0.4533333333333333 0.04833333333333333 0.03666666666666667
0 0.49083333333333334 0.685 0.041666666666666664 0.06333333333333334
0 0.5275 0.6708333333333333 0.03833333333333333 0.051666666666666666
0 0.4275 0.6558333333333334 0.04833333333333333 0.03166666666666667
0 0.51 0.65 0.04 0.03333333333333333
0 0.37583333333333335 0.6375 0.04833333333333333 0.045
0 0.44166666666666665 0.6266666666666667 0.04 0.04
0 0.4675 0.63 0.045 0.04666666666666667
0 0.5508333333333333 0.6275 0.04833333333333333 0.035
0 0.41083333333333333 0.6191666666666666 0.03833333333333333 0.041666666666666664
0 0.385 0.6141666666666666 0.04 0.04833333333333333
0 0.49583333333333335 0.6158333333333333 0.04833333333333333 0.03166666666666667
0 0.5416666666666666 0.5958333333333333 0.043333333333333335 0.041666666666666664
0 0.3525 0.5916666666666667 0.028333333333333332 0.04666666666666667
0 0.5008333333333334 0.5808333333333333 0.035 0.058333333333333334
0 0.46166666666666667 0.5825 0.023333333333333334 0.06166666666666667
0 0.4025 0.585 0.045 0.05
0 0.575 0.5791666666666667 0.04 0.06166666666666667
0 0.48083333333333333 0.5775 0.03166666666666667 0.04833333333333333
0 0.36833333333333335 0.5633333333333334 0.03333333333333333 0.056666666666666664
0 0.44083333333333335 0.5625 0.025 0.058333333333333334
0 0.4225 0.5641666666666667 0.028333333333333332 0.07166666666666667
0 0.5008333333333334 0.5416666666666666 0.03166666666666667 0.05333333333333334
0 0.5275 0.5491666666666667 0.03833333333333333 0.041666666666666664
0 0.395 0.5458333333333333 0.03 0.04833333333333333
