0 0.14083333333333334 0.5283333333333333 0.021666666666666667 0.04
0 0.11166666666666666 0.5216666666666666 0.02 0.07666666666666666
0 0.13166666666666665 0.5066666666666667 0.02 0.05333333333333334
0 0.3825 0.5033333333333333 0.035 0.04
0 0.14 0.4558333333333333 0.03 0.055
0 0.12416666666666666 0.4558333333333333 0.015 0.06166666666666667
0 0.145 0.41083333333333333 0.03 0.045
0 0.2375 0.3983333333333333 0.028333333333333332 0.06
0 0.1275 0.95 0.03166666666666667 0.043333333333333335
0 0.7941666666666667 0.33666666666666667 0.03166666666666667 0.023333333333333334
0 0.7233333333333334 0.3383333333333333 0.03 0.03666666666666667
0 0.92 0.31 0.02666666666666667 0.07666666666666666
0 0.37916666666666665 0.29833333333333334 0.035 0.03333333333333333
0 0.8025 0.30416666666666664 0.028333333333333332 0.045
0 0.8166666666666667 0.3025 0.043333333333333335 0.051666666666666666
0 0.4083333333333333 0.2833333333333333 0.023333333333333334 0.04666666666666667
0 0.3875 0.2733333333333333 0.028333333333333332 0.04
0 0.98 0.2783333333333333 0.02 0.06666666666666667
0 0.7758333333333334 0.27416666666666667 0.035 0.07166666666666667
0 0.8258333333333333 0.2708333333333333 0.028333333333333332 0.041666666666666664
0 0.3641666666666667 0.2658333333333333 0.035 0.03833333333333333
0 0.7933333333333333 0.25416666666666665 0.04 0.045
0 0.3925 0.245 0.03833333333333333 0.03666666666666667
0 0.805 0.24166666666666667 0.03333333333333333 0.023333333333333334
0 0.3516666666666667 0.2325 0.03666666666666667 0.03166666666666667
0 0.8125 0.215 0.035 0.03
0 0.9258333333333333 0.20833333333333334 0.03833333333333333 0.05333333333333334
0 0.9866666666666667 0.20666666666666667 0.023333333333333334 0.06333333333333334
0 0.7725 0.2025 0.051666666666666666 0.03166666666666667
0 0.8091666666666667 0.195 0.035 0.02
0 0.7958333333333333 0.17583333333333334 0.028333333333333332 0.021666666666666667
0 0.9883333333333333 0.14583333333333334 0.023333333333333334 0.055
0 0.95 0.14166666666666666 0.023333333333333334 0.056666666666666664
0 0.21333333333333335 0.125 0.03333333333333333 0.04666666666666667
0 0.17583333333333334 0.12083333333333333 0.03166666666666667 0.045
0 0.19666666666666666 0.08416666666666667 0.03 0.03833333333333333
0 0.19583333333333333 0.060833333333333336 0.03166666666666667 0.028333333333333332
0 0.185 0.015 0.02666666666666667 0.03
0 0.13333333333333333 0.8916666666666667 0.02 0.06333333333333334
0 0.11666666666666667 0.885 0.023333333333333334 0.09333333333333334
0 0.11416666666666667 0.8666666666666667 0.018333333333333333 0.06
0 0.13083333333333333 0.8525 0.021666666666666667 0.045
0 0.1475 0.8441666666666666 0.015 0.045
0 0.3416666666666667 0.825 0.02 0.08
0 0.12416666666666666 0.8133333333333334 0.018333333333333333 0.05333333333333334
0 0.8008333333333333 0.785 0.041666666666666664 0.04666666666666667
0 0.14083333333333334 0.785 0.021666666666666667 0.06
0 0.12833333333333333 0.7641666666666667 0.016666666666666666 0.045
0 0.7833333333333333 0.7475 0.03666666666666667 0.035
0 0.13333333333333333 0.72 0.023333333333333334 0.056666666666666664
0 0.15833333333333333 0.7166666666666667 0.016666666666666666 0.06333333333333334
0 0.11583333333333333 0.6791666666666667 0.021666666666666667 0.058333333333333334
0 0.8458333333333333 0.6841666666666667 0.035 0.065
0 0.14833333333333334 0.685 0.02 0.06
0 0.15416666666666667 0.655 0.028333333333333332 0.05333333333333334
0 0.12916666666666668 0.6441666666666667 0.025 0.06833333333333333
0 0.18166666666666667 0.6483333333333333 0.023333333333333334 0.05333333333333334
0 0.10833333333333334 0.6266666666666667 0.016666666666666666 0.04666666666666667
0 0.4225 0.63 0.03833333333333333 0.04
0 0.13333333333333333 0.625 0.02666666666666667 0.056666666666666664
0 0.16 0.6208333333333333 0.02666666666666667 0.03833333333333333
0 0.4083333333333333 0.6133333333333333 0.03 0.06
0 0.17333333333333334 0.605 0.03333333333333333 0.03666666666666667
0 0.43333333333333335 0.5975 0.023333333333333334 0.028333333333333332
0 0.18583333333333332 0.5833333333333334 0.028333333333333332 0.043333333333333335
0 0.12 0.5825 0.016666666666666666 0.03833333333333333
0 0.1425 0.5758333333333333 0.028333333333333332 0.04833333333333333
0 0.43666666666666665 0.5625 0.02666666666666667 0.055
0 0.15833333333333333 0.5608333333333333 0.03333333333333333 0.028333333333333332
0 0.4241666666666667 0.5525 0.028333333333333332 0.06166666666666667
0 0.16 0.5333333333333333 0.03 0.023333333333333334
