0 0.48333333333333334 0.4925 0.016666666666666666 0.065
0 0.4666666666666667 0.5025 0.023333333333333334 0.051666666666666666
0 0.4533333333333333 0.5041666666666667 0.02666666666666667 0.051666666666666666
0 0.43333333333333335 0.5175 0.016666666666666666 0.085
0 0.20416666666666666 0.5266666666666666 0.025 0.06666666666666667
0 0.4716666666666667 0.5375 0.016666666666666666 0.055
0 0.22333333333333333 0.5558333333333333 0.02666666666666667 0.051666666666666666
0 0.1925 0.5575 0.018333333333333333 0.058333333333333334
0 0.21416666666666667 0.5825 0.028333333333333332 0.045
0 0.2891666666666667 0.615 0.045 0.043333333333333335
0 0.7166666666666667 0.6866666666666666 0.023333333333333334 0.08
0 0.6658333333333334 0.7133333333333334 0.03833333333333333 0.03333333333333333
0 0.7383333333333333 0.7266666666666667 0.023333333333333334 0.056666666666666664
0 0.66 0.7425 0.03666666666666667 0.025
0 0.7575 0.7516666666666667 0.021666666666666667 0.056666666666666664
0 0.725 0.76 0.023333333333333334 0.07333333333333333
0 0.7408333333333333 0.7825 0.025 0.055
0 0.11166666666666666 0.7875 0.03666666666666667 0.055
0 0.775 0.7883333333333333 0.03333333333333333 0.06
0 0.8091666666666667 0.7941666666666667 0.035 0.03833333333333333
0 0.7508333333333334 0.8033333333333333 0.021666666666666667 0.06333333333333334
0 0.7891666666666667 0.8125 0.021666666666666667 0.065
0 0.15666666666666668 0.8233333333333334 0.03333333333333333 0.05
0 0.7708333333333334 0.8466666666666667 0.018333333333333333 0.056666666666666664
0 0.7875 0.8591666666666666 0.021666666666666667 0.08166666666666667
0 0.78 0.9041666666666667 0.023333333333333334 0.065
0 0.525 0.09666666666666666 0.03 0.06
0 0.5233333333333333 0.1275 0.02666666666666667 0.058333333333333334
0 0.55 0.13916666666666666 0.02 0.04833333333333333
0 0.3416666666666667 0.15083333333333335 0.05 0.035
0 0.5191666666666667 0.16583333333333333 0.018333333333333333 0.065
0 0.5375 0.18166666666666667 0.021666666666666667 0.06333333333333334
0 0.2891666666666667 0.1875 0.045 0.04833333333333333
0 0.55 0.19166666666666668 0.016666666666666666 0.06333333333333334
0 0.5608333333333333 0.20833333333333334 0.025 0.07
0 0.465 0.43916666666666665 0.03666666666666667 0.045
0 0.4791666666666667 0.45 0.035 0.05333333333333334
