0 0.3516666666666667 0.5066666666666667 0.043333333333333335 0.02666666666666667
0 0.38083333333333336 0.5233333333333333 0.015 0.06
0 0.37 0.5516666666666666 0.02 0.06666666666666667
0 0.3625 0.5616666666666666 0.015 0.05333333333333334
0 0.3441666666666667 0.6033333333333334 0.021666666666666667 0.08
0 0.09666666666666666 0.27666666666666667 0.043333333333333335 0.03666666666666667
0 0.3225 0.31 0.025 0.03
0 0.2941666666666667 0.3175 0.035 0.035
0 0.2725 0.3283333333333333 0.028333333333333332 0.02666666666666667
0 0.3275 0.3383333333333333 0.028333333333333332 0.03666666666666667
0 0.34833333333333333 0.3516666666666667 0.02 0.06333333333333334
0 0.2975 0.3475 0.021666666666666667 0.03166666666666667
0 0.2658333333333333 0.3525 0.03833333333333333 0.025
0 0.3283333333333333 0.3566666666666667 0.03666666666666667 0.03333333333333333
0 0.3641666666666667 0.37333333333333335 0.015 0.06666666666666667
0 0.29083333333333333 0.3725 0.035 0.03166666666666667
0 0.32666666666666666 0.38333333333333336 0.03666666666666667 0.02666666666666667
0 0.37666666666666665 0.39166666666666666 0.016666666666666666 0.06333333333333334
0 0.3425 0.3983333333333333 0.03166666666666667 0.03
0 0.3525 0.425 0.035 0.02666666666666667
0 0.3325 0.4483333333333333 0.018333333333333333 0.07
0 0.375 0.4683333333333333 0.03666666666666667 0.03333333333333333
