0 0.2833333333333333 0.5041666666666667 0.02 0.07166666666666667
0 0.91 0.49916666666666665 0.03666666666666667 0.051666666666666666
0 0.2575 0.4666666666666667 0.035 0.04666666666666667
0 0.23166666666666666 0.4633333333333333 0.03666666666666667 0.03
0 0.3175 0.4633333333333333 0.028333333333333332 0.03333333333333333
0 0.19416666666666665 0.43833333333333335 0.045 0.03666666666666667
0 0.9741666666666666 0.43583333333333335 0.041666666666666664 0.03833333333333333
0 0.23 0.4275 0.03 0.04833333333333333
0 0.25166666666666665 0.4225 0.03333333333333333 0.055
0 0.99 0.4375 0.006666666666666667 0.008333333333333333
0 0.18583333333333332 0.41083333333333333 0.035 0.03833333333333333
0 0.22416666666666665 0.40166666666666667 0.035 0.043333333333333335
0 0.19666666666666666 0.38666666666666666 0.03666666666666667 0.03333333333333333
0 0.18583333333333332 0.365 0.03833333333333333 0.05333333333333334
0 0.225 0.3475 0.02666666666666667 0.06833333333333333
0 0.5583333333333333 0.7966666666666666 0.043333333333333335 0.043333333333333335
0 0.51 0.7833333333333333 0.043333333333333335 0.03333333333333333
0 0.49416666666666664 0.7483333333333333 0.03833333333333333 0.03666666666666667
0 0.5191666666666667 0.7466666666666667 0.03833333333333333 0.05333333333333334
0 0.5766666666666667 0.7366666666666667 0.03 0.07333333333333333
0 0.545 0.7358333333333333 0.03 0.058333333333333334
0 0.5675 0.7183333333333334 0.028333333333333332 0.07666666666666666
0 0.5441666666666667 0.6991666666666667 0.021666666666666667 0.058333333333333334
0 0.8558333333333333 0.6541666666666667 0.03833333333333333 0.058333333333333334
0 0.8383333333333334 0.6266666666666667 0.03 0.08
0 0.8508333333333333 0.6258333333333334 0.028333333333333332 0.09166666666666666
0 0.8258333333333333 0.62 0.025 0.07666666666666666
0 0.8833333333333333 0.595 0.03666666666666667 0.06333333333333334
0 0.8833333333333333 0.5666666666666667 0.03 0.05333333333333334
0 0.2991666666666667 0.5575 0.018333333333333333 0.085
0 0.8266666666666667 0.5583333333333333 0.03333333333333333 0.056666666666666664
