0 0.43333333333333335 0.4766666666666667 0.02 0.07666666666666666
0 0.20416666666666666 0.49583333333333335 0.03833333333333333 0.03166666666666667
0 0.4725 0.5075 0.018333333333333333 0.058333333333333334
0 0.19083333333333333 0.51 0.035 0.04666666666666667
0 0.24166666666666667 0.52 0.03333333333333333 0.03
0 0.22 0.5266666666666666 0.03333333333333333 0.03666666666666667
0 0.12916666666666668 0.5266666666666666 0.03833333333333333 0.06666666666666667
0 0.31833333333333336 0.5575 0.043333333333333335 0.03166666666666667
0 0.7308333333333333 0.6191666666666666 0.021666666666666667 0.07833333333333334
0 0.76 0.6358333333333334 0.03666666666666667 0.028333333333333332
0 0.6383333333333333 0.645 0.02 0.056666666666666664
0 0.755 0.6758333333333333 0.016666666666666666 0.058333333333333334
0 0.7741666666666667 0.6783333333333333 0.021666666666666667 0.056666666666666664
0 0.735 0.6925 0.02666666666666667 0.075
0 0.8133333333333334 0.7108333333333333 0.04 0.051666666666666666
0 0.7641666666666667 0.725 0.018333333333333333 0.06333333333333334
0 0.7783333333333333 0.7383333333333333 0.02 0.06333333333333334
0 0.8016666666666666 0.7233333333333334 0.03333333333333333 0.04666666666666667
0 0.7466666666666667 0.7366666666666667 0.016666666666666666 0.06333333333333334
0 0.1225 0.7433333333333333 0.035 0.05
0 0.7858333333333334 0.7691666666666667 0.018333333333333333 0.051666666666666666
0 0.8033333333333333 0.7783333333333333 0.023333333333333334 0.07666666666666666
0 0.18083333333333335 0.7741666666666667 0.045 0.041666666666666664
0 0.7966666666666666 0.8233333333333334 0.023333333333333334 0.06666666666666667
0 0.5375 0.135 0.018333333333333333 0.07
0 0.5166666666666667 0.15333333333333332 0.02666666666666667 0.04666666666666667
0 0.49666666666666665 0.15916666666666668 0.03333333333333333 0.03833333333333333
0 0.5408333333333334 0.19083333333333333 0.018333333333333333 0.075
0 0.51 0.1925 0.03 0.045
0 0.5258333333333334 0.2025 0.015 0.065
0 0.5008333333333334 0.23916666666666667 0.035 0.041666666666666664
0 0.45666666666666667 0.37666666666666665 0.04 0.03333333333333333
0 0.46166666666666667 0.4041666666666667 0.04 0.045
0 0.4625 0.4041666666666667 0.0016666666666666668 0.0016666666666666668
0 0.4633333333333333 0.44583333333333336 0.016666666666666666 0.065
0 0.4483333333333333 0.44916666666666666 0.016666666666666666 0.055
0 0.4766666666666667 0.4625 0.016666666666666666 0.06833333333333333
0 0.15333333333333332 0.4658333333333333 0.04666666666666667 0.058333333333333334
