0 0.38166666666666665 0.4716666666666667 0.03666666666666667 0.12666666666666668
0 0.6983333333333334 0.4891666666666667 0.07333333333333333 0.075
0 0.84 0.505 0.06333333333333334 0.07666666666666666
0 0.32666666666666666 0.5175 0.043333333333333335 0.125
0 0.5158333333333334 0.56 0.051666666666666666 0.09666666666666666
0 0.1325 0.03166666666666667 0.06833333333333333 0.06333333333333334
0 0.3475 0.6083333333333333 0.028333333333333332 0.11
0 0.6866666666666666 0.615 0.056666666666666664 0.10666666666666667
0 0.46416666666666667 0.6525 0.065 0.06166666666666667
0 0.3258333333333333 0.7183333333333334 0.04833333333333333 0.08666666666666667
0 0.895 0.7325 0.056666666666666664 0.105
0 0.059166666666666666 0.049166666666666664 0.07833333333333334 0.065
0 0.33166666666666667 0.8283333333333334 0.043333333333333335 0.08333333333333333
0 0.01 0.1475 0.02 0.09833333333333333
0 0.3858333333333333 0.18916666666666668 0.045 0.10166666666666667
0 0.9516666666666667 0.23916666666666667 0.056666666666666664 0.08833333333333333
0 0.105 0.014166666666666666 0.04666666666666667 0.028333333333333332
0 0.2941666666666667 0.3775 0.055 0.07166666666666667
