0 0.8316666666666667 0.5225 0.07 0.095
0 0.8658333333333333 0.5233333333333333 0.03833333333333333 0.10666666666666667
0 0.025833333333333333 0.5325 0.051666666666666666 0.085
0 0.8058333333333333 0.5725 0.06166666666666667 0.10166666666666667
0 0.5341666666666667 0.6508333333333334 0.07833333333333334 0.055
0 0.255 0.06666666666666667 0.06 0.07
0 0.4066666666666667 0.7616666666666667 0.056666666666666664 0.1
0 0.4175 0.8408333333333333 0.065 0.058333333333333334
0 0.43916666666666665 0.9075 0.06833333333333333 0.07166666666666667
0 0.5033333333333333 0.9241666666666667 0.06666666666666667 0.065
0 0.22583333333333333 0.9408333333333333 0.028333333333333332 0.11833333333333333
0 0.09583333333333334 0.14166666666666666 0.065 0.06333333333333334
0 0.4825 0.20333333333333334 0.051666666666666666 0.09
0 0.2775 0.20666666666666667 0.058333333333333334 0.09
0 0.875 0.3025 0.06 0.07833333333333334
0 0.12916666666666668 0.31666666666666665 0.065 0.06666666666666667
0 0.8333333333333334 0.025833333333333333 0.03 0.051666666666666666
0 0.8983333333333333 0.38333333333333336 0.06333333333333334 0.08333333333333333
0 0.16 0.39 0.06666666666666667 0.05
0 0.8366666666666667 0.39166666666666666 0.07666666666666666 0.06
0 0.03 0.03333333333333333 0.05 0.06666666666666667
0 0.8333333333333334 0.44666666666666666 0.08 0.05
