0 0.2875 0.53 0.028333333333333332 0.04666666666666667
0 0.4275 0.5208333333333334 0.018333333333333333 0.051666666666666666
0 0.46166666666666667 0.5241666666666667 0.02 0.045
0 0.32166666666666666 0.52 0.013333333333333334 0.043333333333333335
0 0.36916666666666664 0.5016666666666667 0.021666666666666667 0.06666666666666667
0 0.43833333333333335 0.5008333333333334 0.013333333333333334 0.045
0 0.30666666666666664 0.49833333333333335 0.016666666666666666 0.07333333333333333
0 0.41583333333333333 0.49333333333333335 0.018333333333333333 0.04666666666666667
0 0.33416666666666667 0.4891666666666667 0.025 0.06833333333333333
0 0.43916666666666665 0.5208333333333334 0.0016666666666666668 0.0016666666666666668
0 0.3983333333333333 0.48083333333333333 0.02666666666666667 0.07166666666666667
0 0.32666666666666666 0.4775 0.02666666666666667 0.051666666666666666
0 0.36083333333333334 0.47333333333333333 0.021666666666666667 0.06666666666666667
0 0.43583333333333335 0.45916666666666667 0.025 0.075
0 0.43166666666666664 0.4508333333333333 0.0033333333333333335 0.005
0 0.435 0.44416666666666665 0.02666666666666667 0.051666666666666666
0 0.415 0.41583333333333333 0.023333333333333334 0.045
0 0.43166666666666664 0.4091666666666667 0.02666666666666667 0.041666666666666664
0 0.9441666666666667 0.37666666666666665 0.03166666666666667 0.056666666666666664
0 0.7891666666666667 0.355 0.018333333333333333 0.05333333333333334
0 0.7758333333333334 0.3283333333333333 0.018333333333333333 0.05333333333333334
0 0.7941666666666667 0.3175 0.018333333333333333 0.058333333333333334
0 0.7725 0.2941666666666667 0.018333333333333333 0.065
0 0.81 0.2675 0.016666666666666666 0.03833333333333333
0 0.8008333333333333 0.2625 0.018333333333333333 0.045
0 0.7883333333333333 0.25666666666666665 0.02 0.06
0 0.8283333333333334 0.24166666666666667 0.02 0.05
0 0.8091666666666667 0.2175 0.021666666666666667 0.045
0 0.8475 0.21916666666666668 0.018333333333333333 0.041666666666666664
0 0.8216666666666667 0.21833333333333332 0.023333333333333334 0.04666666666666667
0 0.7966666666666666 0.20916666666666667 0.02666666666666667 0.03833333333333333
0 0.845 0.19083333333333333 0.023333333333333334 0.04833333333333333
0 0.825 0.17166666666666666 0.02666666666666667 0.05
0 0.8416666666666667 0.16 0.023333333333333334 0.056666666666666664
0 0.805 0.16083333333333333 0.03 0.058333333333333334
0 0.8666666666666667 0.1475 0.02 0.075
0 0.9925 0.13 0.015 0.043333333333333335
0 0.835 0.12 0.03 0.05
0 0.8775 0.12 0.011666666666666667 0.023333333333333334
0 0.86 0.08833333333333333 0.02 0.05
0 0.8783333333333333 0.09083333333333334 0.02 0.04833333333333333
0 0.9908333333333333 0.08333333333333333 0.018333333333333333 0.06
0 0.8533333333333334 0.05583333333333333 0.023333333333333334 0.065
0 0.875 0.055 0.02 0.056666666666666664
0 0.8683333333333333 0.02 0.02 0.04
0 0.8491666666666666 0.016666666666666666 0.025 0.03333333333333333
0 0.8825 0.005 0.011666666666666667 0.01
0 0.2425 0.7658333333333334 0.025 0.04833333333333333
0 0.25083333333333335 0.7216666666666667 0.018333333333333333 0.05333333333333334
0 0.2708333333333333 0.7133333333333334 0.018333333333333333 0.06333333333333334
0 0.24916666666666668 0.6875 0.021666666666666667 0.051666666666666666
0 0.44333333333333336 0.6808333333333333 0.013333333333333334 0.06166666666666667
0 0.26916666666666667 0.6716666666666666 0.025 0.06333333333333334
0 0.23416666666666666 0.67 0.018333333333333333 0.05
0 0.47333333333333333 0.6666666666666666 0.016666666666666666 0.07666666666666666
0 0.46 0.6433333333333333 0.016666666666666666 0.07
0 0.4191666666666667 0.6416666666666667 0.015 0.056666666666666664
0 0.24916666666666668 0.6383333333333333 0.018333333333333333 0.07333333333333333
0 0.2758333333333333 0.6291666666666667 0.011666666666666667 0.051666666666666666
0 0.445 0.6216666666666667 0.016666666666666666 0.05333333333333334
0 0.2875 0.6166666666666667 0.018333333333333333 0.06666666666666667
0 0.40166666666666667 0.6083333333333333 0.016666666666666666 0.06666666666666667
0 0.4708333333333333 0.6116666666666667 0.025 0.06
0 0.42 0.5975 0.016666666666666666 0.065
0 0.4325 0.5966666666666667 0.015 0.056666666666666664
0 0.3983333333333333 0.5983333333333334 0.0033333333333333335 0.013333333333333334
0 0.3383333333333333 0.5833333333333334 0.016666666666666666 0.05333333333333334
0 0.38916666666666666 0.5808333333333333 0.015 0.06166666666666667
0 0.3016666666666667 0.58 0.02 0.07333333333333333
0 0.495 0.575 0.02666666666666667 0.02666666666666667
0 0.44166666666666665 0.5708333333333333 0.02 0.055
0 0.285 0.5716666666666667 0.03333333333333333 0.06
0 0.42333333333333334 0.5825 0.006666666666666667 0.011666666666666667
0 0.465 0.5591666666666667 0.023333333333333334 0.045
0 0.44666666666666666 0.5558333333333333 0.02666666666666667 0.051666666666666666
0 0.3958333333333333 0.5491666666666667 0.015 0.058333333333333334
0 0.37666666666666665 0.5466666666666666 0.016666666666666666 0.06333333333333334
0 0.3333333333333333 0.5383333333333333 0.02 0.06
0 0.41 0.5375 0.013333333333333334 0.058333333333333334
0 0.34833333333333333 0.5391666666666667 0.02 0.065
0 0.41833333333333333 0.535 0.013333333333333334 0.043333333333333335
