0 0.6558333333333334 0.51 0.03166666666666667 0.023333333333333334
0 0.62 0.5033333333333333 0.03333333333333333 0.02666666666666667
0 0.5991666666666666 0.49 0.03833333333333333 0.02666666666666667
0 0.65 0.4875 0.03333333333333333 0.021666666666666667
0 0.5808333333333333 0.4766666666666667 0.028333333333333332 0.03
0 0.5608333333333333 0.47333333333333333 0.028333333333333332 0.02666666666666667
0 0.64 0.47 0.03666666666666667 0.02666666666666667
0 0.5375 0.465 0.03166666666666667 0.03
0 0.6116666666666667 0.4633333333333333 0.03 0.02666666666666667
0 0.5108333333333334 0.4608333333333333 0.035 0.025
0 0.5825 0.4508333333333333 0.035 0.028333333333333332
0 0.6241666666666666 0.44333333333333336 0.03833333333333333 0.02666666666666667
0 0.565 0.44083333333333335 0.03 0.028333333333333332
0 0.51 0.4275 0.03666666666666667 0.03833333333333333
0 0.5516666666666666 0.42583333333333334 0.03333333333333333 0.028333333333333332
0 0.5991666666666666 0.4225 0.035 0.028333333333333332
0 0.5891666666666666 0.405 0.035 0.03
0 0.6575 0.8 0.035 0.03666666666666667
0 0.6408333333333334 0.7833333333333333 0.028333333333333332 0.03666666666666667
0 0.7 0.7708333333333334 0.03666666666666667 0.025
0 0.6666666666666666 0.765 0.023333333333333334 0.04
0 0.6216666666666667 0.7641666666666667 0.02 0.051666666666666666
0 0.6833333333333333 0.7591666666666667 0.023333333333333334 0.03166666666666667
0 0.6483333333333333 0.7325 0.02666666666666667 0.06166666666666667
0 0.7141666666666666 0.7333333333333333 0.03833333333333333 0.043333333333333335
0 0.615 0.7275 0.02 0.028333333333333332
0 0.6916666666666667 0.7266666666666667 0.02666666666666667 0.03666666666666667
0 0.735 0.7208333333333333 0.023333333333333334 0.06833333333333333
0 0.6341666666666667 0.715 0.025 0.04666666666666667
0 0.6716666666666666 0.7158333333333333 0.02 0.04833333333333333
0 0.6525 0.7116666666666667 0.018333333333333333 0.04666666666666667
0 0.685 0.7075 0.013333333333333334 0.051666666666666666
0 0.7058333333333333 0.6966666666666667 0.03166666666666667 0.023333333333333334
0 0.6308333333333334 0.6958333333333333 0.028333333333333332 0.035
0 0.7441666666666666 0.6808333333333333 0.021666666666666667 0.045
0 0.6733333333333333 0.6808333333333333 0.023333333333333334 0.041666666666666664
0 0.6975 0.6741666666666667 0.028333333333333332 0.025
0 0.66 0.6675 0.02666666666666667 0.041666666666666664
0 0.6308333333333334 0.6683333333333333 0.028333333333333332 0.02666666666666667
0 0.6566666666666666 0.6658333333333334 0.03333333333333333 0.041666666666666664
0 0.72 0.6575 0.03 0.055
0 0.6866666666666666 0.6475 0.03 0.025
0 0.6416666666666667 0.6425 0.03 0.025
0 0.6716666666666666 0.6308333333333334 0.03 0.028333333333333332
0 0.7183333333333334 0.625 0.03 0.05
0 0.6475 0.6191666666666666 0.035 0.025
0 0.6966666666666667 0.6166666666666667 0.03 0.03
0 0.6683333333333333 0.5791666666666667 0.03333333333333333 0.028333333333333332
0 0.6416666666666667 0.5783333333333334 0.03666666666666667 0.03
0 0.6358333333333334 0.56 0.028333333333333332 0.023333333333333334
0 0.6825 0.5525 0.03833333333333333 0.028333333333333332
0 0.6491666666666667 0.54 0.035 0.03
0 0.6691666666666667 0.5258333333333334 0.035 0.028333333333333332
