0 0.5441666666666667 0.5416666666666666 0.035 0.06
0 0.6108333333333333 0.3525 0.021666666666666667 0.085
0 0.7733333333333333 0.3258333333333333 0.03333333333333333 0.04833333333333333
0 0.5558333333333333 0.32916666666666666 0.018333333333333333 0.045
0 0.5575 0.27 0.018333333333333333 0.09333333333333334
0 0.15083333333333335 0.20166666666666666 0.04833333333333333 0.09666666666666666
0 0.6783333333333333 0.8558333333333333 0.023333333333333334 0.06833333333333333
0 0.6658333333333334 0.8183333333333334 0.018333333333333333 0.06
0 0.6491666666666667 0.775 0.018333333333333333 0.06666666666666667
0 0.5583333333333333 0.7316666666666667 0.03333333333333333 0.03333333333333333
0 0.6458333333333334 0.7175 0.018333333333333333 0.06833333333333333
0 0.5258333333333334 0.7225 0.041666666666666664 0.045
0 0.5825 0.705 0.035 0.04666666666666667
0 0.5441666666666667 0.7025 0.04833333333333333 0.03166666666666667
0 0.57 0.6683333333333333 0.04 0.04
0 0.5275 0.6658333333333334 0.03166666666666667 0.058333333333333334
0 0.6516666666666666 0.6583333333333333 0.016666666666666666 0.056666666666666664
0 0.6 0.6483333333333333 0.016666666666666666 0.07
0 0.5725 0.6275 0.025 0.075
0 0.5441666666666667 0.6166666666666667 0.041666666666666664 0.04666666666666667
0 0.49583333333333335 0.5775 0.021666666666666667 0.105
