0 0.6366666666666667 0.625 0.02 0.08333333333333333
0 0.7925 0.6566666666666666 0.03833333333333333 0.03666666666666667
0 0.5841666666666666 0.7025 0.018333333333333333 0.08833333333333333
0 0.5716666666666667 0.7208333333333333 0.013333333333333334 0.055
0 0.18583333333333332 0.755 0.041666666666666664 0.08
0 0.7058333333333333 0.11 0.025 0.08
0 0.6941666666666667 0.14916666666666667 0.018333333333333333 0.058333333333333334
0 0.6766666666666666 0.19166666666666668 0.016666666666666666 0.07
0 0.5866666666666667 0.2325 0.03333333333333333 0.035
0 0.6708333333333333 0.24416666666666667 0.025 0.075
0 0.5516666666666666 0.24333333333333335 0.043333333333333335 0.05
0 0.6091666666666666 0.2625 0.035 0.051666666666666666
0 0.5741666666666667 0.2633333333333333 0.045 0.03333333333333333
0 0.5983333333333334 0.2975 0.04 0.035
0 0.5566666666666666 0.30666666666666664 0.03333333333333333 0.06333333333333334
0 0.68 0.31 0.016666666666666666 0.06
0 0.6 0.3425 0.02666666666666667 0.065
0 0.5833333333333334 0.37666666666666665 0.02 0.08333333333333333
0 0.5241666666666667 0.4275 0.018333333333333333 0.085
0 0.5575 0.44333333333333336 0.015 0.07333333333333333
0 0.5425 0.4633333333333333 0.025 0.08
