0 0.4633333333333333 0.49416666666666664 0.016666666666666666 0.041666666666666664
0 0.48083333333333333 0.5041666666666667 0.015 0.045
0 0.49416666666666664 0.5066666666666667 0.018333333333333333 0.05333333333333334
0 0.5308333333333334 0.5083333333333333 0.015 0.06
0 0.4625 0.5333333333333333 0.021666666666666667 0.06
0 0.5125 0.5483333333333333 0.018333333333333333 0.07666666666666666
0 0.475 0.5483333333333333 0.023333333333333334 0.05
0 0.4925 0.5816666666666667 0.021666666666666667 0.06666666666666667
0 0.43916666666666665 0.5816666666666667 0.018333333333333333 0.07666666666666666
0 0.4741666666666667 0.5991666666666666 0.021666666666666667 0.06833333333333333
0 0.4575 0.6075 0.021666666666666667 0.065
0 0.51 0.635 0.02666666666666667 0.08
0 0.4766666666666667 0.6541666666666667 0.02 0.06166666666666667
0 0.48833333333333334 0.6675 0.02 0.07166666666666667
0 0.515 0.6658333333333334 0.016666666666666666 0.085
0 0.5258333333333334 0.6958333333333333 0.018333333333333333 0.075
0 0.5008333333333334 0.7041666666666667 0.015 0.051666666666666666
0 0.47833333333333333 0.7116666666666667 0.016666666666666666 0.06
0 0.46166666666666667 0.7308333333333333 0.016666666666666666 0.06833333333333333
0 0.49083333333333334 0.7608333333333334 0.025 0.055
0 0.5133333333333333 0.7791666666666667 0.04 0.04833333333333333
0 0.4216666666666667 0.8041666666666667 0.04 0.065
0 0.39916666666666667 0.8508333333333333 0.028333333333333332 0.075
0 0.49583333333333335 0.1925 0.021666666666666667 0.07833333333333334
0 0.53 0.21166666666666667 0.02 0.07666666666666666
0 0.5358333333333334 0.26666666666666666 0.011666666666666667 0.05
0 0.5133333333333333 0.26666666666666666 0.013333333333333334 0.06
0 0.5283333333333333 0.305 0.013333333333333334 0.06666666666666667
0 0.515 0.3175 0.016666666666666666 0.055
0 0.5375 0.3358333333333333 0.025 0.075
0 0.5158333333333334 0.38 0.018333333333333333 0.07
0 0.525 0.4125 0.016666666666666666 0.06833333333333333
0 0.4608333333333333 0.42 0.021666666666666667 0.056666666666666664
0 0.49333333333333335 0.4266666666666667 0.013333333333333334 0.07
0 0.44916666666666666 0.42333333333333334 0.018333333333333333 0.06
0 0.4708333333333333 0.4125 0.0016666666666666668 0.0016666666666666668
0 0.5325 0.44416666666666665 0.011666666666666667 0.06833333333333333
0 0.49416666666666664 0.41583333333333333 0.0016666666666666668 0.0016666666666666668
0 0.51 0.4508333333333333 0.016666666666666666 0.06166666666666667
0 0.5191666666666667 0.47833333333333333 0.015 0.05
0 0.4533333333333333 0.48333333333333334 0.02 0.06666666666666667
