0 0.7433333333333333 0.5016666666666667 0.02 0.07666666666666666
0 0.7116666666666667 0.425 0.016666666666666666 0.04
0 0.6958333333333333 0.4191666666666667 0.018333333333333333 0.058333333333333334
0 0.7275 0.4116666666666667 0.018333333333333333 0.06333333333333334
0 0.7733333333333333 0.3875 0.04 0.058333333333333334
0 0.7108333333333333 0.37666666666666665 0.018333333333333333 0.07333333333333333
0 0.6933333333333334 0.3725 0.02666666666666667 0.06166666666666667
0 0.7383333333333333 0.35583333333333333 0.023333333333333334 0.07166666666666667
0 0.7241666666666666 0.3525 0.015 0.06833333333333333
0 0.6841666666666667 0.32916666666666666 0.025 0.06833333333333333
0 0.7075 0.3025 0.021666666666666667 0.07166666666666667
0 0.6616666666666666 0.29833333333333334 0.016666666666666666 0.05333333333333334
0 0.7025 0.2875 0.015 0.03833333333333333
0 0.6775 0.2833333333333333 0.015 0.07
0 0.21333333333333335 0.9591666666666666 0.023333333333333334 0.08166666666666667
0 0.6941666666666667 0.25583333333333336 0.021666666666666667 0.07166666666666667
0 0.6658333333333334 0.24916666666666668 0.035 0.058333333333333334
0 0.5058333333333334 0.22 0.03166666666666667 0.04
0 0.5283333333333333 0.21666666666666667 0.03 0.03666666666666667
0 0.5383333333333333 0.18583333333333332 0.03666666666666667 0.03166666666666667
0 0.5308333333333334 0.15 0.035 0.043333333333333335
0 0.58 0.12666666666666668 0.04 0.03666666666666667
0 0.6183333333333333 0.115 0.03666666666666667 0.03666666666666667
0 0.5241666666666667 0.11333333333333333 0.03833333333333333 0.03333333333333333
0 0.5616666666666666 0.1125 0.04 0.035
0 0.5916666666666667 0.105 0.023333333333333334 0.03333333333333333
0 0.635 0.09666666666666666 0.04 0.056666666666666664
0 0.605 0.08833333333333333 0.03 0.03
0 0.5675 0.08583333333333333 0.03833333333333333 0.025
0 0.5966666666666667 0.065 0.03333333333333333 0.03333333333333333
0 0.6308333333333334 0.059166666666666666 0.035 0.03166666666666667
0 0.17916666666666667 0.945 0.018333333333333333 0.08333333333333333
0 0.6516666666666666 0.03916666666666667 0.03333333333333333 0.03833333333333333
0 0.6366666666666667 0.018333333333333333 0.03333333333333333 0.03666666666666667
0 0.3258333333333333 0.9225 0.018333333333333333 0.07833333333333334
0 0.19583333333333333 0.92 0.021666666666666667 0.08666666666666667
0 0.4066666666666667 0.8841666666666667 0.013333333333333334 0.035
0 0.395 0.8358333333333333 0.03333333333333333 0.075
0 0.4091666666666667 0.8325 0.021666666666666667 0.041666666666666664
0 0.8375 0.7683333333333333 0.03166666666666667 0.05
0 0.8225 0.7616666666666667 0.028333333333333332 0.03666666666666667
0 0.25 0.9908333333333333 0.03 0.018333333333333333
0 0.8441666666666666 0.7075 0.018333333333333333 0.075
0 0.2275 0.99 0.0016666666666666668 0.0033333333333333335
0 0.195 0.9916666666666667 0.02 0.016666666666666666
0 0.185 0.9875 0.013333333333333334 0.025
0 0.5408333333333334 0.6725 0.021666666666666667 0.085
0 0.8308333333333333 0.655 0.021666666666666667 0.056666666666666664
0 0.8116666666666666 0.6225 0.02 0.051666666666666666
0 0.8308333333333333 0.5916666666666667 0.021666666666666667 0.07333333333333333
0 0.7633333333333333 0.5866666666666667 0.03666666666666667 0.04
0 0.8058333333333333 0.5783333333333334 0.028333333333333332 0.06666666666666667
0 0.7633333333333333 0.5591666666666667 0.03333333333333333 0.03833333333333333
