0 0.6216666666666667 0.5191666666666667 0.023333333333333334 0.075
0 0.6841666666666667 0.5166666666666667 0.028333333333333332 0.07666666666666666
0 0.4166666666666667 0.5175 0.023333333333333334 0.045
0 0.5841666666666666 0.5091666666666667 0.04833333333333333 0.03166666666666667
0 0.5991666666666666 0.5083333333333333 0.035 0.05333333333333334
0 0.5408333333333334 0.4866666666666667 0.035 0.05333333333333334
0 0.56 0.47833333333333333 0.03333333333333333 0.03333333333333333
0 0.6525 0.4825 0.028333333333333332 0.075
0 0.6366666666666667 0.47 0.03333333333333333 0.06666666666666667
0 0.6125 0.4658333333333333 0.035 0.058333333333333334
0 0.305 0.46416666666666667 0.023333333333333334 0.08166666666666667
0 0.59 0.46166666666666667 0.03666666666666667 0.04666666666666667
0 0.5616666666666666 0.45416666666666666 0.03 0.04833333333333333
0 0.6733333333333333 0.4533333333333333 0.03333333333333333 0.06666666666666667
0 0.5358333333333334 0.4475 0.035 0.035
0 0.7216666666666667 0.4483333333333333 0.03666666666666667 0.03666666666666667
0 0.6991666666666667 0.44416666666666665 0.03833333333333333 0.058333333333333334
0 0.665 0.43833333333333335 0.04666666666666667 0.09333333333333334
0 0.2758333333333333 0.435 0.03166666666666667 0.05
0 0.25166666666666665 0.41583333333333333 0.03666666666666667 0.04833333333333333
0 0.66 0.41 0.03666666666666667 0.03666666666666667
0 0.2966666666666667 0.4025 0.023333333333333334 0.06833333333333333
0 0.26 0.4025 0.023333333333333334 0.065
0 0.28 0.39416666666666667 0.02 0.058333333333333334
0 0.2425 0.3616666666666667 0.018333333333333333 0.08333333333333333
0 0.2791666666666667 0.35333333333333333 0.021666666666666667 0.05
0 0.22333333333333333 0.345 0.02666666666666667 0.08
0 0.25666666666666665 0.3325 0.02 0.07833333333333334
0 0.2425 0.3 0.028333333333333332 0.06
0 0.22083333333333333 0.2825 0.018333333333333333 0.051666666666666666
0 0.22916666666666666 0.2658333333333333 0.025 0.06166666666666667
0 0.8825 0.23 0.03166666666666667 0.043333333333333335
0 0.8441666666666666 0.20416666666666666 0.028333333333333332 0.055
0 0.5141666666666667 0.76 0.021666666666666667 0.08
0 0.4975 0.7183333333333334 0.021666666666666667 0.06333333333333334
0 0.4766666666666667 0.6866666666666666 0.023333333333333334 0.06666666666666667
