0 0.8408333333333333 0.4841666666666667 0.018333333333333333 0.075
0 0.5275 0.5008333333333334 0.025 0.07166666666666667
0 0.83 0.5225 0.02 0.075
0 0.7875 0.6108333333333333 0.018333333333333333 0.055
0 0.77 0.6133333333333333 0.02666666666666667 0.043333333333333335
0 0.7208333333333333 0.6233333333333333 0.025 0.04666666666666667
0 0.7508333333333334 0.6241666666666666 0.025 0.055
0 0.7391666666666666 0.6416666666666667 0.018333333333333333 0.07
0 0.9008333333333334 0.055 0.021666666666666667 0.08
0 0.7708333333333334 0.65 0.021666666666666667 0.056666666666666664
0 0.6933333333333334 0.6591666666666667 0.02666666666666667 0.051666666666666666
0 0.7133333333333334 0.6683333333333333 0.016666666666666666 0.06666666666666667
0 0.7633333333333333 0.6925 0.03 0.03166666666666667
0 0.7133333333333334 0.7283333333333334 0.02666666666666667 0.06
0 0.7133333333333334 0.7641666666666667 0.02 0.058333333333333334
0 0.7291666666666666 0.8008333333333333 0.018333333333333333 0.07833333333333334
0 0.7058333333333333 0.805 0.025 0.06333333333333334
0 0.425 0.81 0.02 0.056666666666666664
0 0.4375 0.8208333333333333 0.015 0.065
0 0.45916666666666667 0.8266666666666667 0.015 0.07
0 0.7258333333333333 0.8341666666666666 0.018333333333333333 0.065
0 0.42 0.8566666666666667 0.023333333333333334 0.07666666666666666
0 0.7108333333333333 0.865 0.028333333333333332 0.06
0 0.8133333333333334 0.8633333333333333 0.03666666666666667 0.06333333333333334
0 0.43416666666666665 0.8716666666666667 0.025 0.06333333333333334
0 0.7291666666666666 0.8791666666666667 0.018333333333333333 0.035
0 0.4533333333333333 0.9016666666666666 0.016666666666666666 0.06666666666666667
0 0.7183333333333334 0.915 0.02 0.03666666666666667
0 0.4683333333333333 0.915 0.023333333333333334 0.05
0 0.43583333333333335 0.9241666666666667 0.021666666666666667 0.065
0 0.7325 0.9266666666666666 0.021666666666666667 0.06666666666666667
0 0.4525 0.9416666666666667 0.028333333333333332 0.06
0 0.4741666666666667 0.9625 0.028333333333333332 0.051666666666666666
0 0.3416666666666667 0.08833333333333333 0.016666666666666666 0.06333333333333334
0 0.45416666666666666 0.9791666666666666 0.021666666666666667 0.041666666666666664
0 0.4791666666666667 0.9925 0.018333333333333333 0.015
0 0.3725 0.09666666666666666 0.021666666666666667 0.05
0 0.3883333333333333 0.008333333333333333 0.01 0.016666666666666666
0 0.30333333333333334 0.11666666666666667 0.02 0.056666666666666664
0 0.38416666666666666 0.11833333333333333 0.018333333333333333 0.04666666666666667
0 0.2825 0.145 0.021666666666666667 0.07333333333333333
0 0.3675 0.15333333333333332 0.015 0.07
0 0.38166666666666665 0.16416666666666666 0.023333333333333334 0.065
0 0.9008333333333334 0.013333333333333334 0.018333333333333333 0.02666666666666667
0 0.35333333333333333 0.17 0.013333333333333334 0.05333333333333334
0 0.325 0.015 0.013333333333333334 0.03
0 0.3358333333333333 0.195 0.021666666666666667 0.05333333333333334
0 0.3425 0.21916666666666668 0.018333333333333333 0.051666666666666666
0 0.3591666666666667 0.22 0.021666666666666667 0.06666666666666667
0 0.2758333333333333 0.24666666666666667 0.018333333333333333 0.07666666666666666
0 0.32666666666666666 0.25333333333333335 0.016666666666666666 0.06666666666666667
0 0.3358333333333333 0.275 0.021666666666666667 0.06333333333333334
0 0.25583333333333336 0.28583333333333333 0.011666666666666667 0.065
0 0.2683333333333333 0.28583333333333333 0.016666666666666666 0.07833333333333334
0 0.3025 0.295 0.021666666666666667 0.043333333333333335
0 0.7783333333333333 0.2941666666666667 0.02666666666666667 0.07166666666666667
0 0.32083333333333336 0.31 0.015 0.04
0 0.2791666666666667 0.31583333333333335 0.025 0.045
0 0.3 0.3258333333333333 0.02666666666666667 0.035
0 0.39666666666666667 0.025 0.02666666666666667 0.05
0 0.2775 0.355 0.025 0.056666666666666664
0 0.305 0.35583333333333333 0.03333333333333333 0.058333333333333334
0 0.2575 0.37583333333333335 0.021666666666666667 0.07166666666666667
0 0.2375 0.385 0.021666666666666667 0.05
0 0.8316666666666667 0.41083333333333333 0.023333333333333334 0.055
0 0.36333333333333334 0.4241666666666667 0.02 0.07166666666666667
0 0.44333333333333336 0.44 0.023333333333333334 0.07666666666666666
0 0.43 0.4525 0.016666666666666666 0.045
0 0.8241666666666667 0.4583333333333333 0.018333333333333333 0.05
0 0.41 0.4608333333333333 0.016666666666666666 0.045
