0 0.41083333333333333 0.4583333333333333 0.03166666666666667 0.02
0 0.7116666666666667 0.4633333333333333 0.016666666666666666 0.07
0 0.5883333333333334 0.465 0.03 0.04
0 0.43916666666666665 0.47333333333333333 0.028333333333333332 0.04666666666666667
0 0.73 0.4791666666666667 0.02 0.04833333333333333
0 0.5691666666666667 0.48 0.041666666666666664 0.03
0 0.48583333333333334 0.4816666666666667 0.03166666666666667 0.03
0 0.6158333333333333 0.48333333333333334 0.035 0.03
0 0.7483333333333333 0.4841666666666667 0.02666666666666667 0.07833333333333334
0 0.42 0.4866666666666667 0.03666666666666667 0.04
0 0.38083333333333336 0.4891666666666667 0.018333333333333333 0.04833333333333333
0 0.4741666666666667 0.49583333333333335 0.03833333333333333 0.03833333333333333
0 0.4041666666666667 0.49666666666666665 0.035 0.03
0 0.5916666666666667 0.5091666666666667 0.043333333333333335 0.03166666666666667
0 0.625 0.5166666666666667 0.03 0.03666666666666667
0 0.43583333333333335 0.5316666666666666 0.03833333333333333 0.03666666666666667
0 0.3908333333333333 0.5341666666666667 0.015 0.055
0 0.415 0.5375 0.03333333333333333 0.04833333333333333
0 0.4675 0.5366666666666666 0.028333333333333332 0.04666666666666667
0 0.6275 0.5466666666666666 0.03166666666666667 0.04
0 0.4141666666666667 0.5716666666666667 0.025 0.06333333333333334
0 0.445 0.5716666666666667 0.02666666666666667 0.056666666666666664
0 0.6941666666666667 0.5808333333333333 0.018333333333333333 0.041666666666666664
0 0.64 0.5933333333333334 0.02666666666666667 0.05333333333333334
0 0.43583333333333335 0.5966666666666667 0.021666666666666667 0.056666666666666664
0 0.4075 0.5975 0.035 0.055
0 0.6558333333333334 0.6125 0.021666666666666667 0.075
0 0.6283333333333333 0.6108333333333333 0.02 0.085
0 0.3975 0.6208333333333333 0.03166666666666667 0.058333333333333334
0 0.4575 0.6208333333333333 0.025 0.04833333333333333
0 0.4475 0.6533333333333333 0.025 0.06333333333333334
0 0.41083333333333333 0.6733333333333333 0.018333333333333333 0.06
0 0.43166666666666664 0.6833333333333333 0.023333333333333334 0.08
0 0.4025 0.7166666666666667 0.018333333333333333 0.06333333333333334
0 0.42333333333333334 0.72 0.016666666666666666 0.06
0 0.38416666666666666 0.7183333333333334 0.018333333333333333 0.07666666666666666
0 0.41333333333333333 0.7475 0.016666666666666666 0.06166666666666667
0 0.39666666666666667 0.7683333333333333 0.016666666666666666 0.06333333333333334
0 0.42 0.785 0.016666666666666666 0.06666666666666667
0 0.38 0.7975 0.02 0.065
0 0.4033333333333333 0.8325 0.016666666666666666 0.06833333333333333
0 0.8875 0.9441666666666667 0.045 0.03166666666666667
0 0.9466666666666667 0.9791666666666666 0.03 0.041666666666666664
0 0.4708333333333333 0.105 0.021666666666666667 0.06333333333333334
0 0.4675 0.1475 0.018333333333333333 0.035
0 0.45416666666666666 0.17166666666666666 0.041666666666666664 0.08
0 0.4925 0.18 0.028333333333333332 0.056666666666666664
0 0.33166666666666667 0.1925 0.03 0.03166666666666667
0 0.3 0.20333333333333334 0.043333333333333335 0.04
0 0.48083333333333333 0.20833333333333334 0.018333333333333333 0.06666666666666667
0 0.375 0.21083333333333334 0.023333333333333334 0.025
0 0.505 0.22166666666666668 0.03333333333333333 0.03
0 0.3516666666666667 0.22583333333333333 0.03 0.03833333333333333
0 0.2991666666666667 0.23 0.028333333333333332 0.03333333333333333
0 0.33916666666666667 0.23416666666666666 0.035 0.04833333333333333
0 0.275 0.23416666666666666 0.03666666666666667 0.035
0 0.3958333333333333 0.23833333333333334 0.03833333333333333 0.03333333333333333
0 0.51 0.25333333333333335 0.04 0.04
0 0.43166666666666664 0.25583333333333336 0.03333333333333333 0.028333333333333332
0 0.38083333333333336 0.2608333333333333 0.035 0.028333333333333332
0 0.30833333333333335 0.2633333333333333 0.03 0.04666666666666667
0 0.33666666666666667 0.2658333333333333 0.03 0.065
0 0.36 0.2708333333333333 0.03333333333333333 0.028333333333333332
0 0.5108333333333334 0.27666666666666667 0.035 0.04666666666666667
0 0.3958333333333333 0.2791666666666667 0.03833333333333333 0.03166666666666667
0 0.545 0.2841666666666667 0.03333333333333333 0.025
0 0.36833333333333335 0.29333333333333333 0.03 0.02
0 0.44083333333333335 0.2991666666666667 0.035 0.035
0 0.4033333333333333 0.2991666666666667 0.03666666666666667 0.025
0 0.47833333333333333 0.3016666666666667 0.03333333333333333 0.03
0 0.37333333333333335 0.31583333333333335 0.03666666666666667 0.028333333333333332
0 0.41083333333333333 0.3175 0.03833333333333333 0.028333333333333332
0 0.4483333333333333 0.32666666666666666 0.04 0.03333333333333333
0 0.47833333333333333 0.325 0.043333333333333335 0.043333333333333335
0 0.6733333333333333 0.3325 0.04 0.051666666666666666
0 0.4075 0.3441666666666667 0.035 0.03166666666666667
0 0.37583333333333335 0.3458333333333333 0.041666666666666664 0.03166666666666667
0 0.4766666666666667 0.35 0.043333333333333335 0.03
0 0.6791666666666667 0.36666666666666664 0.03166666666666667 0.07
0 0.3525 0.37166666666666665 0.03166666666666667 0.06333333333333334
0 0.9216666666666666 0.37333333333333335 0.043333333333333335 0.07333333333333333
0 0.37583333333333335 0.38166666666666665 0.03833333333333333 0.04
0 0.4275 0.3825 0.035 0.045
0 0.7025 0.39916666666666667 0.018333333333333333 0.06166666666666667
0 0.415 0.4 0.03333333333333333 0.04666666666666667
0 0.5791666666666667 0.4025 0.041666666666666664 0.028333333333333332
0 0.4525 0.41833333333333333 0.041666666666666664 0.03
0 0.7225 0.4241666666666667 0.025 0.06833333333333333
0 0.38 0.4241666666666667 0.043333333333333335 0.035
0 0.9525 0.42583333333333334 0.028333333333333332 0.065
0 0.5691666666666667 0.42833333333333334 0.045 0.03666666666666667
0 0.4766666666666667 0.42916666666666664 0.03333333333333333 0.035
0 0.36 0.435 0.03 0.05
0 0.4975 0.43583333333333335 0.03166666666666667 0.041666666666666664
0 0.43333333333333335 0.4375 0.04666666666666667 0.03833333333333333
0 0.38333333333333336 0.4508333333333333 0.03 0.04833333333333333
0 0.4975 0.45666666666666667 0.028333333333333332 0.03333333333333333
0 0.6091666666666666 0.4533333333333333 0.035 0.03333333333333333
0 0.5383333333333333 0.4575 0.03 0.028333333333333332
0 0.4625 0.4575 0.03833333333333333 0.03166666666666667
0 0.5133333333333333 0.4583333333333333 0.03 0.04666666666666667
