0 0.5875 0.5208333333333334 0.045 0.028333333333333332
0 0.645 0.95 0.02 0.08333333333333333
0 0.19333333333333333 0.9441666666666667 0.05 0.035
0 0.4708333333333333 0.445 0.025 0.06
0 0.4508333333333333 0.435 0.03166666666666667 0.02666666666666667
0 0.49083333333333334 0.4275 0.018333333333333333 0.065
0 0.49083333333333334 0.4266666666666667 0.018333333333333333 0.06666666666666667
0 0.48 0.3925 0.03 0.055
0 0.5133333333333333 0.37666666666666665 0.02 0.08333333333333333
0 0.4658333333333333 0.37833333333333335 0.025 0.06666666666666667
0 0.5041666666666667 0.3516666666666667 0.021666666666666667 0.08666666666666667
0 0.4116666666666667 0.3433333333333333 0.03333333333333333 0.02666666666666667
0 0.44666666666666666 0.3358333333333333 0.03666666666666667 0.065
0 0.5316666666666666 0.33416666666666667 0.016666666666666666 0.065
0 0.4683333333333333 0.3225 0.023333333333333334 0.08166666666666667
0 0.4875 0.30833333333333335 0.018333333333333333 0.08333333333333333
0 0.5225 0.3 0.015 0.043333333333333335
0 0.5033333333333333 0.2891666666666667 0.016666666666666666 0.075
0 0.5116666666666667 0.265 0.016666666666666666 0.07
0 0.46416666666666667 0.25833333333333336 0.021666666666666667 0.06333333333333334
0 0.41833333333333333 0.24583333333333332 0.02 0.08166666666666667
0 0.48833333333333334 0.23583333333333334 0.02666666666666667 0.075
0 0.4775 0.20833333333333334 0.015 0.06666666666666667
0 0.4633333333333333 0.21083333333333334 0.02 0.04833333333333333
0 0.46 0.1725 0.043333333333333335 0.035
0 0.6158333333333333 0.885 0.035 0.06333333333333334
0 0.62 0.8708333333333333 0.04 0.07166666666666667
0 0.5408333333333334 0.85 0.03833333333333333 0.03
0 0.6158333333333333 0.8208333333333333 0.045 0.028333333333333332
0 0.2475 0.9833333333333333 0.051666666666666666 0.03333333333333333
0 0.6341666666666667 0.9825 0.015 0.035
0 0.2 0.9808333333333333 0.043333333333333335 0.03833333333333333
0 0.5583333333333333 0.7933333333333333 0.03333333333333333 0.05
0 0.5775 0.7916666666666666 0.035 0.03666666666666667
0 0.6008333333333333 0.7866666666666666 0.035 0.043333333333333335
0 0.6258333333333334 0.6225 0.028333333333333332 0.07166666666666667
0 0.6141666666666666 0.6025 0.028333333333333332 0.051666666666666666
0 0.5866666666666667 0.5958333333333333 0.04 0.04833333333333333
0 0.6308333333333334 0.5591666666666667 0.041666666666666664 0.041666666666666664
0 0.23166666666666666 0.9541666666666667 0.05333333333333334 0.035
0 0.6016666666666667 0.5366666666666666 0.04 0.056666666666666664
