0 0.4891666666666667 0.4691666666666667 0.015 0.011666666666666667
0 0.475 0.47 0.01 0.01
0 0.46166666666666667 0.4683333333333333 0.016666666666666666 0.013333333333333334
0 0.5116666666666667 0.4583333333333333 0.016666666666666666 0.016666666666666666
0 0.49666666666666665 0.4575 0.013333333333333334 0.011666666666666667
0 0.435 0.4508333333333333 0.02 0.028333333333333332
0 0.305 0.45 0.013333333333333334 0.02666666666666667
0 0.49916666666666665 0.44583333333333336 0.018333333333333333 0.018333333333333333
0 0.4675 0.4475 0.018333333333333333 0.035
0 0.45416666666666666 0.445 0.018333333333333333 0.03666666666666667
0 0.435 0.44916666666666666 0.02 0.028333333333333332
0 0.3425 0.4425 0.018333333333333333 0.025
0 0.515 0.43916666666666665 0.02 0.055
0 0.39166666666666666 0.43583333333333335 0.016666666666666666 0.025
0 0.48333333333333334 0.44083333333333335 0.013333333333333334 0.035
0 0.4716666666666667 0.44 0.01 0.02666666666666667
0 0.37416666666666665 0.4325 0.018333333333333333 0.021666666666666667
0 0.4525 0.43166666666666664 0.015 0.02666666666666667
0 0.5033333333333333 0.42 0.02 0.02
0 0.3525 0.41333333333333333 0.021666666666666667 0.043333333333333335
0 0.31583333333333335 0.41 0.025 0.03666666666666667
0 0.39666666666666667 0.4091666666666667 0.01 0.025
0 0.335 0.4166666666666667 0.016666666666666666 0.016666666666666666
0 0.3591666666666667 0.4041666666666667 0.011666666666666667 0.025
0 0.3908333333333333 0.4075 0.018333333333333333 0.03166666666666667
0 0.37583333333333335 0.39916666666666667 0.011666666666666667 0.03833333333333333
0 0.7075 0.22583333333333333 0.025 0.051666666666666666
0 0.805 0.13 0.013333333333333334 0.056666666666666664
0 0.7858333333333334 0.09666666666666666 0.028333333333333332 0.05
0 0.835 0.04833333333333333 0.03 0.07666666666666666
0 0.8341666666666666 0.0425 0.03166666666666667 0.085
0 0.8333333333333334 0.025833333333333333 0.02666666666666667 0.051666666666666666
0 0.9508333333333333 0.7391666666666666 0.008333333333333333 0.005
0 0.9408333333333333 0.7391666666666666 0.015 0.011666666666666667
0 0.93 0.7366666666666667 0.02 0.02
0 0.9633333333333334 0.7358333333333333 0.0033333333333333335 0.0016666666666666668
0 0.9241666666666667 0.7333333333333333 0.011666666666666667 0.016666666666666666
0 0.9391666666666667 0.7325 0.008333333333333333 0.025
0 0.9458333333333333 0.7208333333333333 0.015 0.011666666666666667
0 0.9875 0.72 0.011666666666666667 0.02
0 0.9791666666666666 0.7225 0.015 0.018333333333333333
0 0.9608333333333333 0.7166666666666667 0.021666666666666667 0.013333333333333334
0 0.9075 0.7133333333333334 0.025 0.016666666666666666
0 0.9916666666666667 0.7133333333333334 0.016666666666666666 0.016666666666666666
0 0.9933333333333333 0.7125 0.013333333333333334 0.018333333333333333
0 0.9225 0.7075 0.015 0.021666666666666667
0 0.925 0.7033333333333334 0.013333333333333334 0.013333333333333334
0 0.94 0.655 0.013333333333333334 0.03
0 0.3516666666666667 0.6383333333333333 0.013333333333333334 0.013333333333333334
0 0.36916666666666664 0.6375 0.021666666666666667 0.03166666666666667
0 0.35083333333333333 0.63 0.008333333333333333 0.02
0 0.34 0.625 0.013333333333333334 0.02
