0 0.4683333333333333 0.5375 0.03 0.04833333333333333
0 0.49833333333333335 0.5258333333333334 0.03 0.035
0 0.5283333333333333 0.5316666666666666 0.03 0.03
0 0.44416666666666665 0.5283333333333333 0.021666666666666667 0.06333333333333334
0 0.4625 0.5141666666666667 0.028333333333333332 0.045
0 0.4791666666666667 0.4841666666666667 0.03166666666666667 0.028333333333333332
0 0.45416666666666666 0.4691666666666667 0.035 0.045
0 0.47833333333333333 0.4608333333333333 0.03 0.045
0 0.45666666666666667 0.44333333333333336 0.03 0.04666666666666667
0 0.4475 0.43583333333333335 0.03166666666666667 0.051666666666666666
0 0.48 0.4325 0.02666666666666667 0.03166666666666667
0 0.49416666666666664 0.4058333333333333 0.03833333333333333 0.03166666666666667
0 0.465 0.38416666666666666 0.02666666666666667 0.051666666666666666
0 0.5033333333333333 0.37416666666666665 0.043333333333333335 0.041666666666666664
0 0.49 0.365 0.02666666666666667 0.043333333333333335
0 0.495 0.3325 0.03 0.03833333333333333
0 0.5208333333333334 0.3325 0.03166666666666667 0.028333333333333332
0 0.535 0.3016666666666667 0.03333333333333333 0.03333333333333333
0 0.5091666666666667 0.2975 0.03166666666666667 0.035
0 0.5675 0.2825 0.035 0.028333333333333332
0 0.5366666666666666 0.275 0.03 0.02666666666666667
0 0.5133333333333333 0.26916666666666667 0.03 0.041666666666666664
0 0.5791666666666667 0.25833333333333336 0.028333333333333332 0.02666666666666667
0 0.5541666666666667 0.25333333333333335 0.035 0.03333333333333333
0 0.52 0.24833333333333332 0.03666666666666667 0.043333333333333335
0 0.5016666666666667 0.7075 0.03333333333333333 0.035
0 0.5266666666666666 0.7033333333333334 0.04 0.03333333333333333
0 0.4633333333333333 0.69 0.02 0.07666666666666666
0 0.5016666666666667 0.6866666666666666 0.043333333333333335 0.03333333333333333
0 0.44 0.6666666666666666 0.013333333333333334 0.05333333333333334
0 0.4741666666666667 0.6658333333333334 0.018333333333333333 0.07833333333333334
0 0.5316666666666666 0.6616666666666666 0.03 0.03
0 0.5575 0.655 0.035 0.03333333333333333
0 0.5733333333333334 0.655 0.023333333333333334 0.05333333333333334
0 0.5 0.65 0.03 0.023333333333333334
0 0.5316666666666666 0.6441666666666667 0.02666666666666667 0.021666666666666667
0 0.4483333333333333 0.6441666666666667 0.016666666666666666 0.075
0 0.5408333333333334 0.6275 0.028333333333333332 0.028333333333333332
0 0.5158333333333334 0.6216666666666667 0.028333333333333332 0.03
0 0.49583333333333335 0.6216666666666667 0.028333333333333332 0.03333333333333333
0 0.4625 0.6175 0.015 0.065
0 0.5533333333333333 0.6125 0.023333333333333334 0.03166666666666667
0 0.4775 0.6141666666666666 0.018333333333333333 0.041666666666666664
0 0.5283333333333333 0.6 0.02666666666666667 0.03333333333333333
0 0.5041666666666667 0.5941666666666666 0.028333333333333332 0.03166666666666667
0 0.55 0.5925 0.03333333333333333 0.028333333333333332
0 0.5725 0.5866666666666667 0.021666666666666667 0.02666666666666667
0 0.4841666666666667 0.5783333333333334 0.028333333333333332 0.03333333333333333
0 0.5141666666666667 0.575 0.025 0.023333333333333334
0 0.5483333333333333 0.57 0.03333333333333333 0.02666666666666667
0 0.46416666666666667 0.5725 0.03166666666666667 0.051666666666666666
0 0.52 0.56 0.03333333333333333 0.02666666666666667
0 0.4975 0.5483333333333333 0.028333333333333332 0.03
0 0.545 0.545 0.03 0.02666666666666667
