0 0.5633333333333334 0.5608333333333333 0.02666666666666667 0.08833333333333333
0 0.5375 0.5266666666666666 0.03166666666666667 0.09666666666666666
0 0.58 0.5033333333333333 0.023333333333333334 0.07
0 0.5441666666666667 0.4583333333333333 0.03833333333333333 0.05333333333333334
0 0.57 0.45666666666666667 0.04666666666666667 0.056666666666666664
0 0.5033333333333333 0.45166666666666666 0.05333333333333334 0.03666666666666667
0 0.5108333333333334 0.4225 0.045 0.03166666666666667
0 0.46166666666666667 0.40166666666666667 0.05 0.05333333333333334
0 0.4266666666666667 0.35 0.05 0.03666666666666667
0 0.44333333333333336 0.33 0.05333333333333334 0.03666666666666667
0 0.37916666666666665 0.2941666666666667 0.04833333333333333 0.045
0 0.4083333333333333 0.29 0.04 0.043333333333333335
0 0.3566666666666667 0.2525 0.043333333333333335 0.045
0 0.37 0.24833333333333332 0.06 0.04666666666666667
0 0.3275 0.19916666666666666 0.041666666666666664 0.04833333333333333
0 0.6808333333333333 0.7908333333333334 0.021666666666666667 0.08166666666666667
0 0.6975 0.7725 0.021666666666666667 0.08166666666666667
0 0.7208333333333333 0.7658333333333334 0.035 0.04833333333333333
0 0.7475 0.7616666666666667 0.041666666666666664 0.04666666666666667
0 0.6616666666666666 0.7608333333333334 0.043333333333333335 0.058333333333333334
0 0.6425 0.7441666666666666 0.041666666666666664 0.07833333333333334
0 0.7033333333333334 0.7158333333333333 0.03333333333333333 0.051666666666666666
0 0.73 0.7133333333333334 0.03333333333333333 0.06666666666666667
0 0.6741666666666667 0.7133333333333334 0.025 0.06
0 0.7683333333333333 0.7108333333333333 0.03333333333333333 0.055
0 0.7766666666666666 0.7108333333333333 0.04666666666666667 0.055
0 0.6033333333333334 0.7108333333333333 0.05333333333333334 0.035
0 0.7533333333333333 0.7033333333333334 0.03 0.07666666666666666
0 0.6983333333333334 0.6975 0.03 0.051666666666666666
0 0.5866666666666667 0.6933333333333334 0.03666666666666667 0.02666666666666667
0 0.7416666666666667 0.66 0.04 0.07
0 0.5675 0.66 0.041666666666666664 0.09
0 0.5683333333333334 0.6208333333333333 0.03 0.06833333333333333
