0 0.42083333333333334 0.4658333333333333 0.018333333333333333 0.058333333333333334
0 0.37166666666666665 0.4683333333333333 0.016666666666666666 0.06
0 0.2733333333333333 0.4683333333333333 0.023333333333333334 0.07333333333333333
0 0.4575 0.4683333333333333 0.018333333333333333 0.07
0 0.435 0.48333333333333334 0.016666666666666666 0.06
0 0.3383333333333333 0.4875 0.016666666666666666 0.055
0 0.2525 0.49 0.021666666666666667 0.05
0 0.23416666666666666 0.495 0.021666666666666667 0.05333333333333334
0 0.3516666666666667 0.49416666666666664 0.016666666666666666 0.055
0 0.3233333333333333 0.5008333333333334 0.02 0.055
0 0.36083333333333334 0.5091666666666667 0.015 0.051666666666666666
0 0.25166666666666665 0.52 0.023333333333333334 0.06666666666666667
0 0.48833333333333334 0.5325 0.016666666666666666 0.07166666666666667
0 0.3466666666666667 0.5391666666666667 0.02 0.041666666666666664
0 0.3258333333333333 0.5375 0.028333333333333332 0.045
0 0.25916666666666666 0.5525 0.018333333333333333 0.06166666666666667
0 0.3725 0.5541666666666667 0.035 0.051666666666666666
0 0.32916666666666666 0.5566666666666666 0.018333333333333333 0.05333333333333334
0 0.475 0.5633333333333334 0.013333333333333334 0.06666666666666667
0 0.49833333333333335 0.5683333333333334 0.013333333333333334 0.07666666666666666
0 0.2891666666666667 0.5741666666666667 0.011666666666666667 0.045
0 0.5116666666666667 0.5741666666666667 0.016666666666666666 0.06833333333333333
0 0.3433333333333333 0.5775 0.03333333333333333 0.055
0 0.4866666666666667 0.5875 0.013333333333333334 0.04833333333333333
0 0.3516666666666667 0.605 0.013333333333333334 0.06
0 0.32 0.6166666666666667 0.016666666666666666 0.06666666666666667
0 0.5183333333333333 0.6258333333333334 0.02 0.04833333333333333
0 0.47 0.63 0.02 0.06333333333333334
0 0.45 0.6325 0.016666666666666666 0.055
0 0.49583333333333335 0.6433333333333333 0.015 0.06666666666666667
0 0.3433333333333333 0.645 0.016666666666666666 0.07666666666666666
0 0.4791666666666667 0.6491666666666667 0.018333333333333333 0.07166666666666667
0 0.5091666666666667 0.6508333333333334 0.015 0.075
0 0.52 0.6591666666666667 0.016666666666666666 0.041666666666666664
0 0.5466666666666666 0.66 0.016666666666666666 0.07333333333333333
0 0.3275 0.6758333333333333 0.018333333333333333 0.075
0 0.45666666666666667 0.6758333333333333 0.02666666666666667 0.035
0 0.3641666666666667 0.68 0.03166666666666667 0.06
0 0.48833333333333334 0.6966666666666667 0.013333333333333334 0.056666666666666664
0 0.46416666666666667 0.7016666666666667 0.018333333333333333 0.05
0 0.5008333333333334 0.7008333333333333 0.015 0.051666666666666666
0 0.31166666666666665 0.7058333333333333 0.02 0.065
0 0.5733333333333334 0.7008333333333333 0.016666666666666666 0.07166666666666667
0 0.45 0.7058333333333333 0.016666666666666666 0.035
0 0.5541666666666667 0.705 0.018333333333333333 0.06666666666666667
0 0.5341666666666667 0.7225 0.015 0.07833333333333334
0 0.5483333333333333 0.7475 0.016666666666666666 0.06166666666666667
0 0.52 0.7466666666666667 0.016666666666666666 0.07333333333333333
0 0.5783333333333334 0.7625 0.016666666666666666 0.058333333333333334
0 0.5616666666666666 0.7766666666666666 0.016666666666666666 0.07
0 0.5466666666666666 0.7891666666666667 0.02 0.058333333333333334
0 0.5341666666666667 0.7966666666666666 0.018333333333333333 0.07
0 0.5558333333333333 0.8466666666666667 0.025 0.056666666666666664
0 0.09833333333333333 0.91 0.03666666666666667 0.06333333333333334
0 0.06666666666666667 0.9416666666666667 0.03 0.06666666666666667
0 0.155 0.9833333333333333 0.03666666666666667 0.03333333333333333
0 0.4791666666666667 0.17 0.025 0.06333333333333334
0 0.4866666666666667 0.18 0.01 0.04
0 0.5025 0.18333333333333332 0.028333333333333332 0.06
0 0.5316666666666666 0.23083333333333333 0.03333333333333333 0.028333333333333332
0 0.5566666666666666 0.22833333333333333 0.03 0.023333333333333334
0 0.45416666666666666 0.23916666666666667 0.041666666666666664 0.035
0 0.42833333333333334 0.2475 0.04 0.03166666666666667
0 0.55 0.25333333333333335 0.04 0.03
0 0.5783333333333334 0.25583333333333336 0.03666666666666667 0.03166666666666667
0 0.5891666666666666 0.26166666666666666 0.035 0.04
0 0.5141666666666667 0.2625 0.03166666666666667 0.035
0 0.4058333333333333 0.26666666666666666 0.03166666666666667 0.02666666666666667
0 0.6041666666666666 0.26916666666666667 0.03833333333333333 0.041666666666666664
0 0.43666666666666665 0.2758333333333333 0.04 0.03166666666666667
0 0.5375 0.28 0.028333333333333332 0.02666666666666667
0 0.5625 0.285 0.03833333333333333 0.03
0 0.62 0.28583333333333333 0.02666666666666667 0.045
0 0.4008333333333333 0.29083333333333333 0.03166666666666667 0.025
0 0.6008333333333333 0.2891666666666667 0.03166666666666667 0.03833333333333333
0 0.5158333333333334 0.2916666666666667 0.035 0.03333333333333333
0 0.42083333333333334 0.2975 0.03166666666666667 0.025
0 0.5691666666666667 0.30833333333333335 0.028333333333333332 0.03
0 0.54 0.31583333333333335 0.03333333333333333 0.028333333333333332
0 0.385 0.32 0.03 0.03666666666666667
0 0.37 0.3225 0.03 0.051666666666666666
0 0.4216666666666667 0.3375 0.02666666666666667 0.058333333333333334
0 0.3958333333333333 0.34 0.03833333333333333 0.03333333333333333
0 0.4008333333333333 0.35833333333333334 0.03833333333333333 0.04
0 0.3625 0.36083333333333334 0.021666666666666667 0.03833333333333333
0 0.4508333333333333 0.36333333333333334 0.028333333333333332 0.07
0 0.3466666666666667 0.37666666666666665 0.016666666666666666 0.04666666666666667
0 0.36 0.3958333333333333 0.0033333333333333335 0.0016666666666666668
0 0.4225 0.38 0.03833333333333333 0.03333333333333333
0 0.39666666666666667 0.40166666666666667 0.03 0.03666666666666667
0 0.06583333333333333 0.4083333333333333 0.03833333333333333 0.07
0 0.37083333333333335 0.4116666666666667 0.021666666666666667 0.043333333333333335
0 0.41583333333333333 0.4125 0.03833333333333333 0.03833333333333333
0 0.44333333333333336 0.42083333333333334 0.02666666666666667 0.058333333333333334
0 0.34 0.42333333333333334 0.02666666666666667 0.06
0 0.3541666666666667 0.4266666666666667 0.025 0.06333333333333334
0 0.275 0.4241666666666667 0.03 0.065
0 0.38083333333333336 0.44166666666666665 0.015 0.056666666666666664
0 0.04083333333333333 0.4475 0.021666666666666667 0.058333333333333334
0 0.2525 0.4483333333333333 0.025 0.06666666666666667
0 0.365 0.45416666666666666 0.02 0.051666666666666666
