0 0.2791666666666667 0.6425 0.055 0.07833333333333334
0 0.0175 0.6425 0.035 0.065
0 0.3075 0.6775 0.065 0.075
0 0.085 0.7233333333333334 0.056666666666666664 0.06333333333333334
0 0.22833333333333333 0.7566666666666667 0.06333333333333334 0.06333333333333334
0 0.6841666666666667 0.7533333333333333 0.06166666666666667 0.04666666666666667
0 0.8016666666666666 0.7566666666666667 0.06666666666666667 0.05333333333333334
0 0.8108333333333333 0.8166666666666667 0.06833333333333333 0.06333333333333334
0 0.20916666666666667 0.8216666666666667 0.065 0.05333333333333334
0 0.53 0.8775 0.06666666666666667 0.051666666666666666
0 0.8416666666666667 0.9066666666666666 0.06333333333333334 0.09666666666666666
0 0.20166666666666666 0.905 0.07 0.05
0 0.8658333333333333 0.9475 0.058333333333333334 0.09833333333333333
0 0.6325 0.965 0.06833333333333333 0.05
0 0.6883333333333334 0.9608333333333333 0.06333333333333334 0.07833333333333334
0 0.6025 0.9958333333333333 0.041666666666666664 0.008333333333333333
