0 0.9816666666666667 0.9825 0.03666666666666667 0.035
0 0.8691666666666666 0.4116666666666667 0.035 0.12
0 0.485 0.21416666666666667 0.07333333333333333 0.055
0 0.9208333333333333 0.08666666666666667 0.055 0.10666666666666667
0 0.9708333333333333 0.8358333333333333 0.03166666666666667 0.12166666666666667
0 0.4375 0.765 0.055 0.11
0 0.3641666666666667 0.75 0.06166666666666667 0.08
0 0.49583333333333335 0.7208333333333333 0.065 0.09833333333333333
0 0.9941666666666666 0.6841666666666667 0.011666666666666667 0.085
0 0.3441666666666667 0.6591666666666667 0.075 0.058333333333333334
0 0.4666666666666667 0.6358333333333334 0.07 0.085
0 0.4741666666666667 0.5841666666666666 0.075 0.058333333333333334
0 0.39 0.5791666666666667 0.07333333333333333 0.07833333333333334
0 0.8508333333333333 0.5791666666666667 0.04833333333333333 0.10833333333333334
