0 0.18416666666666667 0.4875 0.018333333333333333 0.045
0 0.48333333333333334 0.48 0.023333333333333334 0.07666666666666666
0 0.17 0.47333333333333333 0.02 0.07666666666666666
0 0.1875 0.44916666666666666 0.018333333333333333 0.075
0 0.6283333333333333 0.945 0.016666666666666666 0.08333333333333333
0 0.25083333333333335 0.37666666666666665 0.025 0.04666666666666667
0 0.29583333333333334 0.36333333333333334 0.028333333333333332 0.04666666666666667
0 0.2708333333333333 0.3641666666666667 0.025 0.065
0 0.23333333333333334 0.3625 0.016666666666666666 0.04833333333333333
0 0.25166666666666665 0.3408333333333333 0.023333333333333334 0.055
0 0.2733333333333333 0.3283333333333333 0.02 0.06666666666666667
0 0.32083333333333336 0.31833333333333336 0.018333333333333333 0.04666666666666667
0 0.30666666666666664 0.3075 0.02 0.065
0 0.255 0.3 0.03 0.04
0 0.30833333333333335 0.26666666666666666 0.023333333333333334 0.056666666666666664
0 0.30833333333333335 0.22916666666666666 0.02 0.058333333333333334
0 0.2916666666666667 0.19083333333333333 0.016666666666666666 0.08166666666666667
0 0.315 0.20333333333333334 0.006666666666666667 0.01
0 0.29583333333333334 0.15583333333333332 0.018333333333333333 0.06833333333333333
0 0.20916666666666667 0.12916666666666668 0.035 0.06166666666666667
0 0.31083333333333335 0.12916666666666668 0.028333333333333332 0.06166666666666667
0 0.5533333333333333 0.1225 0.02 0.07833333333333334
0 0.5658333333333333 0.11416666666666667 0.021666666666666667 0.055
0 0.2875 0.09583333333333334 0.018333333333333333 0.03833333333333333
0 0.5791666666666667 0.08166666666666667 0.025 0.07666666666666666
0 0.305 0.08 0.016666666666666666 0.03666666666666667
0 0.5908333333333333 0.07166666666666667 0.028333333333333332 0.07666666666666666
0 0.5575 0.06333333333333334 0.028333333333333332 0.06
0 0.30583333333333335 0.08083333333333333 0.0016666666666666668 0.0016666666666666668
0 0.5383333333333333 0.04666666666666667 0.02666666666666667 0.07
0 0.6708333333333333 0.9083333333333333 0.018333333333333333 0.06333333333333334
0 0.5675 0.02 0.021666666666666667 0.04
0 0.115 0.9033333333333333 0.02666666666666667 0.07666666666666666
0 0.5408333333333334 0.013333333333333334 0.021666666666666667 0.02666666666666667
0 0.6408333333333334 0.9016666666666666 0.018333333333333333 0.04666666666666667
0 0.5441666666666667 0.008333333333333333 0.025 0.016666666666666666
0 0.6275 0.8758333333333334 0.018333333333333333 0.04833333333333333
0 0.6466666666666666 0.8441666666666666 0.016666666666666666 0.06833333333333333
0 0.6325 0.8375 0.021666666666666667 0.07166666666666667
0 0.66 0.8258333333333333 0.013333333333333334 0.058333333333333334
0 0.7358333333333333 0.8208333333333333 0.015 0.04833333333333333
0 0.6783333333333333 0.7966666666666666 0.023333333333333334 0.06333333333333334
0 0.7491666666666666 0.7816666666666666 0.018333333333333333 0.06666666666666667
0 0.6541666666666667 0.7841666666666667 0.021666666666666667 0.055
0 0.6875 0.9791666666666666 0.015 0.041666666666666664
0 0.6741666666666667 0.7691666666666667 0.021666666666666667 0.065
0 0.7366666666666667 0.7558333333333334 0.016666666666666666 0.07833333333333334
0 0.6783333333333333 0.7316666666666667 0.02666666666666667 0.06333333333333334
0 0.6941666666666667 0.7266666666666667 0.018333333333333333 0.056666666666666664
0 0.7575 0.72 0.011666666666666667 0.06
0 0.7458333333333333 0.7141666666666666 0.018333333333333333 0.08166666666666667
0 0.7133333333333334 0.7041666666666667 0.023333333333333334 0.045
0 0.7341666666666666 0.6858333333333333 0.021666666666666667 0.04833333333333333
0 0.695 0.6866666666666666 0.013333333333333334 0.02666666666666667
0 0.7141666666666666 0.6758333333333333 0.028333333333333332 0.035
0 0.7358333333333333 0.6491666666666667 0.025 0.051666666666666666
0 0.7108333333333333 0.6433333333333333 0.035 0.06333333333333334
0 0.7566666666666667 0.6266666666666667 0.02 0.07333333333333333
0 0.775 0.62 0.023333333333333334 0.05
0 0.6158333333333333 0.9633333333333334 0.015 0.07333333333333333
0 0.19 0.5883333333333334 0.023333333333333334 0.05
0 0.6525 0.5766666666666667 0.018333333333333333 0.07
0 0.5716666666666667 0.5583333333333333 0.023333333333333334 0.07666666666666666
0 0.5866666666666667 0.5491666666666667 0.016666666666666666 0.04833333333333333
0 0.18666666666666668 0.5433333333333333 0.02 0.06
0 0.6058333333333333 0.5383333333333333 0.018333333333333333 0.043333333333333335
