0 0.8666666666666667 0.5416666666666666 0.07333333333333333 0.06333333333333334
0 0.11166666666666666 0.5258333333333334 0.07 0.051666666666666666
0 0.7941666666666667 0.5233333333333333 0.075 0.06
0 0.8083333333333333 0.4675 0.07 0.051666666666666666
0 0.785 0.38666666666666666 0.06333333333333334 0.10666666666666667
0 0.8225 0.38333333333333336 0.03833333333333333 0.11333333333333333
0 0.76 0.3416666666666667 0.06 0.10333333333333333
0 0.5275 0.2791666666666667 0.07166666666666667 0.055
0 0.7891666666666667 0.9308333333333333 0.03166666666666667 0.12166666666666667
0 0.35333333333333333 0.14416666666666667 0.04666666666666667 0.11166666666666666
0 0.36666666666666664 0.06666666666666667 0.06333333333333334 0.06
0 0.39416666666666667 0.0175 0.06166666666666667 0.035
0 0.17666666666666667 0.014166666666666666 0.02666666666666667 0.028333333333333332
0 0.4625 0.0075 0.045 0.015
0 0.008333333333333333 0.9141666666666667 0.016666666666666666 0.035
0 0.3491666666666667 0.8683333333333333 0.065 0.056666666666666664
0 0.205 0.8575 0.06 0.08166666666666667
0 0.0475 0.7758333333333334 0.06833333333333333 0.06833333333333333
0 0.43833333333333335 0.7208333333333333 0.05 0.095
0 0.37833333333333335 0.9766666666666667 0.07 0.04666666666666667
0 0.8366666666666667 0.6083333333333333 0.06666666666666667 0.06666666666666667
0 0.09166666666666666 0.5966666666666667 0.07 0.06
