0 0.4141666666666667 0.5316666666666666 0.041666666666666664 0.03666666666666667
0 0.44916666666666666 0.5233333333333333 0.025 0.043333333333333335
0 0.37416666666666665 0.515 0.028333333333333332 0.03666666666666667
0 0.5916666666666667 0.5141666666666667 0.02 0.06166666666666667
0 0.35 0.5025 0.03 0.051666666666666666
0 0.42 0.49416666666666664 0.03333333333333333 0.03166666666666667
0 0.7083333333333334 0.4825 0.03 0.058333333333333334
0 0.6816666666666666 0.4725 0.03 0.041666666666666664
0 0.3675 0.465 0.035 0.04666666666666667
0 0.4008333333333333 0.4666666666666667 0.018333333333333333 0.07333333333333333
0 0.35083333333333333 0.4625 0.03166666666666667 0.055
0 0.655 0.43416666666666665 0.04666666666666667 0.028333333333333332
0 0.7175 0.4225 0.035 0.03833333333333333
0 0.49666666666666665 0.3075 0.006666666666666667 0.011666666666666667
0 0.7941666666666667 0.94 0.025 0.06
0 0.12666666666666668 0.0075 0.04666666666666667 0.015
0 0.7716666666666666 0.8875 0.02 0.06166666666666667
0 0.7533333333333333 0.8216666666666667 0.016666666666666666 0.05
0 0.7441666666666666 0.73 0.018333333333333333 0.07666666666666666
0 0.44916666666666666 0.5866666666666667 0.03166666666666667 0.02666666666666667
0 0.41083333333333333 0.5841666666666666 0.03166666666666667 0.028333333333333332
0 0.42916666666666664 0.5733333333333334 0.03833333333333333 0.03
0 0.7491666666666666 0.57 0.028333333333333332 0.07666666666666666
0 0.37 0.5658333333333333 0.03666666666666667 0.035
0 0.39916666666666667 0.5616666666666666 0.03166666666666667 0.02666666666666667
0 0.4666666666666667 0.5616666666666666 0.03 0.04
0 0.4891666666666667 0.5558333333333333 0.028333333333333332 0.041666666666666664
0 0.4275 0.5483333333333333 0.03166666666666667 0.02666666666666667
0 0.6983333333333334 0.5483333333333333 0.03 0.06
0 0.46 0.5441666666666667 0.03 0.041666666666666664
