0 0.5933333333333334 0.4816666666666667 0.016666666666666666 0.056666666666666664
0 0.6075 0.4875 0.018333333333333333 0.075
0 0.6158333333333333 0.5116666666666667 0.015 0.06
0 0.5741666666666667 0.9825 0.03166666666666667 0.035
0 0.8733333333333333 0.24333333333333335 0.043333333333333335 0.03666666666666667
0 0.6525 0.2708333333333333 0.028333333333333332 0.025
0 0.8 0.28 0.04 0.03
0 0.6991666666666667 0.2916666666666667 0.041666666666666664 0.023333333333333334
0 0.6441666666666667 0.29833333333333334 0.028333333333333332 0.03333333333333333
0 0.6108333333333333 0.3491666666666667 0.0016666666666666668 0.0016666666666666668
0 0.6533333333333333 0.30916666666666665 0.03666666666666667 0.035
0 0.705 0.3125 0.04 0.025
0 0.67 0.32166666666666666 0.02666666666666667 0.043333333333333335
0 0.6091666666666666 0.32416666666666666 0.015 0.06166666666666667
0 0.64 0.3375 0.03666666666666667 0.021666666666666667
0 0.6808333333333333 0.3375 0.045 0.035
0 0.6008333333333333 0.35 0.015 0.06666666666666667
0 0.7083333333333334 0.35583333333333333 0.03 0.03833333333333333
0 0.6433333333333333 0.36083333333333334 0.03 0.03166666666666667
0 0.6808333333333333 0.3616666666666667 0.03166666666666667 0.03666666666666667
0 0.6291666666666667 0.36666666666666664 0.03166666666666667 0.04666666666666667
0 0.6216666666666667 0.3875 0.02666666666666667 0.04833333333333333
0 0.6025 0.4325 0.035 0.035
