0 0.29 0.5183333333333333 0.03333333333333333 0.03
0 0.25166666666666665 0.5308333333333334 0.02666666666666667 0.045
0 0.23083333333333333 0.5825 0.03166666666666667 0.045
0 0.36666666666666664 0.5966666666666667 0.03333333333333333 0.03333333333333333
0 0.3283333333333333 0.6033333333333334 0.03666666666666667 0.03
0 0.35583333333333333 0.6066666666666667 0.021666666666666667 0.03333333333333333
0 0.3875 0.625 0.041666666666666664 0.043333333333333335
0 0.3858333333333333 0.6541666666666667 0.025 0.028333333333333332
0 0.36083333333333334 0.6608333333333334 0.035 0.035
0 0.31083333333333335 0.6783333333333333 0.03833333333333333 0.03666666666666667
0 0.2733333333333333 0.685 0.023333333333333334 0.05333333333333334
0 0.3491666666666667 0.6883333333333334 0.03833333333333333 0.03666666666666667
0 0.7241666666666666 0.74 0.03833333333333333 0.043333333333333335
0 0.3283333333333333 0.7475 0.023333333333333334 0.08166666666666667
0 0.6941666666666667 0.7716666666666666 0.005 0.01
0 0.1975 0.7566666666666667 0.025 0.06
0 0.7008333333333333 0.7633333333333333 0.021666666666666667 0.03333333333333333
0 0.14833333333333334 0.7666666666666667 0.03 0.02666666666666667
0 0.2841666666666667 0.7725 0.035 0.051666666666666666
0 0.31166666666666665 0.8458333333333333 0.02 0.07166666666666667
0 0.3408333333333333 0.005833333333333334 0.025 0.011666666666666667
0 0.4083333333333333 0.13666666666666666 0.023333333333333334 0.03666666666666667
0 0.3825 0.1425 0.021666666666666667 0.018333333333333333
0 0.36 0.15333333333333332 0.02 0.023333333333333334
0 0.35 0.15666666666666668 0.016666666666666666 0.013333333333333334
0 0.4041666666666667 0.16333333333333333 0.015 0.03333333333333333
0 0.3283333333333333 0.16416666666666666 0.03 0.041666666666666664
0 0.3466666666666667 0.1675 0.02666666666666667 0.03166666666666667
0 0.39416666666666667 0.17166666666666666 0.028333333333333332 0.04666666666666667
0 0.3541666666666667 0.17666666666666667 0.03166666666666667 0.023333333333333334
0 0.37333333333333335 0.011666666666666667 0.023333333333333334 0.023333333333333334
0 0.37666666666666665 0.17666666666666667 0.02666666666666667 0.04666666666666667
0 0.32916666666666666 0.195 0.03166666666666667 0.03333333333333333
0 0.3575 0.1925 0.03166666666666667 0.045
0 0.30416666666666664 0.2 0.021666666666666667 0.03333333333333333
0 0.34 0.25 0.016666666666666666 0.06
0 0.34833333333333333 0.25416666666666665 0.02 0.04833333333333333
0 0.72 0.25916666666666666 0.03666666666666667 0.045
0 0.3591666666666667 0.265 0.015 0.05
0 0.34833333333333333 0.2941666666666667 0.03333333333333333 0.035
0 0.31583333333333335 0.3358333333333333 0.021666666666666667 0.04833333333333333
0 0.27666666666666667 0.35333333333333333 0.023333333333333334 0.05333333333333334
0 0.31166666666666665 0.3541666666666667 0.02666666666666667 0.03833333333333333
0 0.29 0.36 0.023333333333333334 0.03666666666666667
0 0.2966666666666667 0.3775 0.02666666666666667 0.041666666666666664
0 0.255 0.38416666666666666 0.02 0.035
0 0.2733333333333333 0.3925 0.03333333333333333 0.028333333333333332
0 0.3566666666666667 0.02666666666666667 0.03 0.03666666666666667
0 0.6466666666666666 0.3958333333333333 0.03 0.04833333333333333
0 0.6633333333333333 0.4058333333333333 0.02666666666666667 0.041666666666666664
0 0.24 0.4141666666666667 0.02666666666666667 0.041666666666666664
0 0.6841666666666667 0.4141666666666667 0.025 0.045
0 0.2633333333333333 0.415 0.023333333333333334 0.023333333333333334
0 0.2866666666666667 0.4141666666666667 0.03 0.03166666666666667
0 0.235 0.43166666666666664 0.03 0.04666666666666667
0 0.26 0.43666666666666665 0.02666666666666667 0.02666666666666667
0 0.285 0.44333333333333336 0.03 0.03333333333333333
0 0.24083333333333334 0.4533333333333333 0.03833333333333333 0.03
0 0.2725 0.4633333333333333 0.03166666666666667 0.03
0 0.25583333333333336 0.48333333333333334 0.021666666666666667 0.02666666666666667
0 0.23833333333333334 0.48583333333333334 0.023333333333333334 0.04833333333333333
0 0.2758333333333333 0.4925 0.028333333333333332 0.051666666666666666
0 0.21416666666666667 0.495 0.018333333333333333 0.056666666666666664
0 0.2941666666666667 0.4925 0.035 0.03833333333333333
0 0.185 0.495 0.02666666666666667 0.07
