0 0.15666666666666668 0.4825 0.02666666666666667 0.06166666666666667
0 0.13083333333333333 0.5008333333333334 0.025 0.065
0 0.11333333333333333 0.5025 0.02666666666666667 0.065
0 0.07583333333333334 0.5166666666666667 0.035 0.03333333333333333
0 0.19 0.5333333333333333 0.04 0.03333333333333333
0 0.21166666666666667 0.5858333333333333 0.02666666666666667 0.065
0 0.37 0.6241666666666666 0.02 0.07166666666666667
0 0.8291666666666667 0.03 0.015 0.05333333333333334
0 0.2225 0.6366666666666667 0.018333333333333333 0.05
0 0.7966666666666666 0.03166666666666667 0.03 0.06333333333333334
0 0.23666666666666666 0.6558333333333334 0.02 0.065
0 0.37416666666666665 0.6683333333333333 0.03166666666666667 0.06
0 0.20916666666666667 0.6708333333333333 0.021666666666666667 0.06166666666666667
0 0.23 0.6883333333333334 0.023333333333333334 0.05333333333333334
0 0.25333333333333335 0.6925 0.013333333333333334 0.03166666666666667
0 0.21916666666666668 0.7141666666666666 0.011666666666666667 0.03833333333333333
0 0.24583333333333332 0.7191666666666666 0.015 0.03833333333333333
0 0.2675 0.7233333333333334 0.015 0.05
0 0.325 0.7275 0.03333333333333333 0.065
0 0.4475 0.7391666666666666 0.035 0.045
0 0.23583333333333334 0.7375 0.025 0.051666666666666666
0 0.25833333333333336 0.7466666666666667 0.02 0.06
0 0.8425 0.0375 0.015 0.045
0 0.45 0.7616666666666667 0.03666666666666667 0.03666666666666667
0 0.3591666666666667 0.78 0.021666666666666667 0.09
0 0.2816666666666667 0.7791666666666667 0.023333333333333334 0.051666666666666666
0 0.23666666666666666 0.7775 0.023333333333333334 0.041666666666666664
0 0.25583333333333336 0.7858333333333334 0.021666666666666667 0.051666666666666666
0 0.3458333333333333 0.7916666666666666 0.021666666666666667 0.07333333333333333
0 0.37916666666666665 0.8008333333333333 0.018333333333333333 0.075
0 0.2708333333333333 0.8025 0.015 0.058333333333333334
0 0.31833333333333336 0.8083333333333333 0.04 0.04
0 0.28583333333333333 0.8208333333333333 0.025 0.051666666666666666
0 0.30666666666666664 0.83 0.02666666666666667 0.05
0 0.29 0.8566666666666667 0.04 0.043333333333333335
0 0.35583333333333333 0.8658333333333333 0.045 0.045
0 0.8183333333333334 0.050833333333333335 0.023333333333333334 0.065
0 0.3258333333333333 0.8783333333333333 0.035 0.03333333333333333
0 0.8033333333333333 0.0475 0.023333333333333334 0.075
0 0.36833333333333335 0.905 0.03 0.03333333333333333
0 0.39916666666666667 0.9266666666666666 0.03166666666666667 0.06333333333333334
0 0.8483333333333334 0.060833333333333336 0.02 0.045
0 0.815 0.08083333333333333 0.023333333333333334 0.051666666666666666
0 0.8308333333333333 0.085 0.021666666666666667 0.06333333333333334
0 0.8483333333333334 0.0875 0.02666666666666667 0.035
0 0.7975 0.10666666666666667 0.018333333333333333 0.043333333333333335
0 0.4716666666666667 0.10833333333333334 0.03666666666666667 0.05
0 0.8133333333333334 0.1175 0.01 0.025
0 0.8383333333333334 0.12083333333333333 0.03 0.041666666666666664
0 0.8016666666666666 0.145 0.05333333333333334 0.03333333333333333
0 0.32666666666666666 0.14 0.05 0.06
0 0.8116666666666666 0.1675 0.04666666666666667 0.03166666666666667
0 0.8166666666666667 0.008333333333333333 0.02 0.016666666666666666
0 0.8183333333333334 0.008333333333333333 0.016666666666666666 0.016666666666666666
0 0.8475 0.0075 0.025 0.015
0 0.2758333333333333 0.3675 0.03833333333333333 0.055
0 0.14166666666666666 0.44 0.02 0.056666666666666664
0 0.1775 0.44333333333333336 0.021666666666666667 0.07333333333333333
0 0.12666666666666668 0.44583333333333336 0.02 0.04833333333333333
