0 0.5991666666666666 0.4275 0.035 0.045
0 0.6141666666666666 0.43 0.03166666666666667 0.05333333333333334
0 0.5641666666666667 0.43 0.03833333333333333 0.03333333333333333
0 0.31 0.45916666666666667 0.04666666666666667 0.028333333333333332
0 0.24833333333333332 0.4716666666666667 0.03333333333333333 0.03333333333333333
0 0.8408333333333333 0.9058333333333334 0.041666666666666664 0.051666666666666666
0 0.2 0.03916666666666667 0.02666666666666667 0.07833333333333334
0 0.22666666666666666 0.165 0.016666666666666666 0.08666666666666667
0 0.21166666666666667 0.28583333333333333 0.023333333333333334 0.075
0 0.5158333333333334 0.30333333333333334 0.028333333333333332 0.023333333333333334
0 0.555 0.3075 0.03 0.028333333333333332
0 0.535 0.31833333333333336 0.03333333333333333 0.02666666666666667
0 0.595 0.32916666666666666 0.03666666666666667 0.03166666666666667
0 0.5008333333333334 0.33166666666666667 0.03166666666666667 0.04
0 0.4775 0.3383333333333333 0.028333333333333332 0.04
0 0.565 0.3375 0.03333333333333333 0.035
0 0.5316666666666666 0.3433333333333333 0.03333333333333333 0.03
0 0.27 0.3475 0.03 0.055
0 0.5041666666666667 0.35083333333333333 0.028333333333333332 0.041666666666666664
0 0.5466666666666666 0.36 0.03333333333333333 0.03666666666666667
0 0.2375 0.37333333333333335 0.035 0.05333333333333334
0 0.22166666666666668 0.36833333333333335 0.016666666666666666 0.06666666666666667
0 0.5166666666666667 0.37416666666666665 0.02666666666666667 0.041666666666666664
0 0.375 0.37916666666666665 0.02 0.06166666666666667
0 0.5891666666666666 0.37666666666666665 0.028333333333333332 0.04
0 0.6141666666666666 0.39166666666666666 0.03166666666666667 0.05
0 0.5283333333333333 0.41 0.04 0.02666666666666667
0 0.2841666666666667 0.42333333333333334 0.035 0.03666666666666667
0 0.26166666666666666 0.4216666666666667 0.02666666666666667 0.043333333333333335
