0 0.6808333333333333 0.5266666666666666 0.065 0.06666666666666667
0 0.23833333333333334 0.5058333333333334 0.07666666666666666 0.051666666666666666
0 0.38916666666666666 0.5016666666666667 0.075 0.06
0 0.055 0.4625 0.07333333333333333 0.08166666666666667
0 0.9633333333333334 0.4 0.06666666666666667 0.05333333333333334
0 0.5816666666666667 0.35583333333333333 0.056666666666666664 0.09833333333333333
0 0.37 0.2708333333333333 0.05333333333333334 0.095
0 0.4075 0.24 0.06833333333333333 0.05333333333333334
0 0.26 0.2325 0.07333333333333333 0.085
0 0.8916666666666667 0.23583333333333334 0.06333333333333334 0.085
0 0.5191666666666667 0.12333333333333334 0.06166666666666667 0.05333333333333334
0 0.9658333333333333 0.03666666666666667 0.06833333333333333 0.05
0 0.27666666666666667 0.03 0.07333333333333333 0.06
0 0.21 0.016666666666666666 0.06 0.03333333333333333
0 0.8933333333333333 0.7991666666666667 0.07333333333333333 0.055
0 0.7691666666666667 0.7408333333333333 0.06833333333333333 0.055
0 0.7566666666666667 0.6591666666666667 0.06666666666666667 0.058333333333333334
0 0.7908333333333334 0.59 0.065 0.06666666666666667
0 0.07333333333333333 0.57 0.07333333333333333 0.06
0 0.024166666666666666 0.5525 0.04833333333333333 0.051666666666666666
