0 0.23583333333333334 0.5633333333333334 0.025 0.05
0 0.2833333333333333 0.5575 0.02 0.06166666666666667
0 0.22166666666666668 0.5533333333333333 0.02666666666666667 0.05
0 0.26 0.5158333333333334 0.016666666666666666 0.07166666666666667
0 0.245 0.5075 0.02 0.055
0 0.2325 0.49916666666666665 0.021666666666666667 0.051666666666666666
0 0.19666666666666666 0.495 0.03333333333333333 0.06666666666666667
0 0.21833333333333332 0.5166666666666667 0.0033333333333333335 0.0033333333333333335
0 0.24333333333333335 0.4508333333333333 0.03333333333333333 0.041666666666666664
0 0.1925 0.44666666666666666 0.025 0.07666666666666666
0 0.7066666666666667 0.98 0.02 0.04
0 0.20333333333333334 0.4266666666666667 0.02 0.06
0 0.25083333333333335 0.4166666666666667 0.035 0.03666666666666667
0 0.23333333333333334 0.41583333333333333 0.02666666666666667 0.051666666666666666
0 0.21916666666666668 0.4091666666666667 0.025 0.065
0 0.5808333333333333 0.39166666666666666 0.03166666666666667 0.06333333333333334
0 0.5566666666666666 0.3825 0.03333333333333333 0.04833333333333333
0 0.4775 0.375 0.018333333333333333 0.08333333333333333
0 0.5366666666666666 0.375 0.04 0.05333333333333334
0 0.22083333333333333 0.3725 0.028333333333333332 0.03833333333333333
0 0.25 0.3575 0.03 0.041666666666666664
0 0.5466666666666666 0.33166666666666667 0.023333333333333334 0.06
0 0.5308333333333334 0.3375 0.018333333333333333 0.051666666666666666
0 0.23 0.325 0.023333333333333334 0.05
0 0.5125 0.31666666666666665 0.021666666666666667 0.06
0 0.24583333333333332 0.31416666666666665 0.021666666666666667 0.058333333333333334
0 0.23333333333333334 0.2866666666666667 0.02666666666666667 0.06666666666666667
0 0.2633333333333333 0.26666666666666666 0.02 0.06333333333333334
0 0.22916666666666666 0.245 0.018333333333333333 0.06333333333333334
0 0.25416666666666665 0.215 0.018333333333333333 0.056666666666666664
0 0.5583333333333333 0.9716666666666667 0.016666666666666666 0.056666666666666664
0 0.23666666666666666 0.19916666666666666 0.02 0.065
0 0.20166666666666666 0.13416666666666666 0.023333333333333334 0.06833333333333333
0 0.5908333333333333 0.1125 0.03166666666666667 0.06833333333333333
0 0.5758333333333333 0.051666666666666666 0.021666666666666667 0.056666666666666664
0 0.475 0.04 0.023333333333333334 0.08
0 0.5433333333333333 0.95 0.023333333333333334 0.03666666666666667
0 0.5816666666666667 0.94 0.03666666666666667 0.02666666666666667
0 0.5191666666666667 0.9241666666666667 0.028333333333333332 0.035
0 0.5716666666666667 0.9241666666666667 0.04 0.025
0 0.6933333333333334 0.9233333333333333 0.02 0.06333333333333334
0 0.38083333333333336 0.9075 0.035 0.04833333333333333
0 0.49166666666666664 0.895 0.04 0.03333333333333333
0 0.4008333333333333 0.8941666666666667 0.03833333333333333 0.035
0 0.675 0.8916666666666667 0.023333333333333334 0.06
0 0.42916666666666664 0.8866666666666667 0.03166666666666667 0.05333333333333334
0 0.3525 0.8741666666666666 0.028333333333333332 0.04833333333333333
0 0.33416666666666667 0.8691666666666666 0.021666666666666667 0.03166666666666667
0 0.4533333333333333 0.86 0.04 0.05
0 0.365 0.8566666666666667 0.03333333333333333 0.05333333333333334
0 0.4675 0.8466666666666667 0.028333333333333332 0.06
0 0.32916666666666666 0.8391666666666666 0.035 0.028333333333333332
0 0.44416666666666665 0.8208333333333333 0.021666666666666667 0.04833333333333333
0 0.36833333333333335 0.8216666666666667 0.02 0.07666666666666666
0 0.6125 0.8091666666666667 0.021666666666666667 0.021666666666666667
0 0.3441666666666667 0.7908333333333334 0.018333333333333333 0.07833333333333334
0 0.5783333333333334 0.7916666666666666 0.02666666666666667 0.023333333333333334
0 0.6016666666666667 0.7825 0.03333333333333333 0.035
0 0.4058333333333333 0.7808333333333334 0.03833333333333333 0.055
0 0.5533333333333333 0.7733333333333333 0.03333333333333333 0.05333333333333334
0 0.5708333333333333 0.7691666666666667 0.028333333333333332 0.025
0 0.5933333333333334 0.7541666666666667 0.03 0.035
0 0.61 0.7483333333333333 0.02666666666666667 0.04666666666666667
0 0.5608333333333333 0.7425 0.035 0.028333333333333332
0 0.29583333333333334 0.74 0.028333333333333332 0.07333333333333333
0 0.23166666666666666 0.7333333333333333 0.03333333333333333 0.04
0 0.2625 0.7216666666666667 0.028333333333333332 0.03
0 0.5758333333333333 0.72 0.035 0.043333333333333335
0 0.24333333333333335 0.715 0.03333333333333333 0.03
0 0.2875 0.7441666666666666 0.0016666666666666668 0.0016666666666666668
0 0.335 0.7083333333333334 0.016666666666666666 0.07333333333333333
0 0.54 0.7075 0.03 0.041666666666666664
0 0.30583333333333335 0.7016666666666667 0.018333333333333333 0.06333333333333334
0 0.5533333333333333 0.7025 0.02 0.04833333333333333
0 0.6433333333333333 0.7008333333333333 0.016666666666666666 0.065
0 0.37416666666666665 0.6933333333333334 0.028333333333333332 0.06333333333333334
0 0.4075 0.6875 0.03833333333333333 0.035
0 0.25833333333333336 0.6825 0.03333333333333333 0.041666666666666664
0 0.24166666666666667 0.6758333333333333 0.03 0.03833333333333333
0 0.3125 0.6666666666666666 0.018333333333333333 0.06666666666666667
0 0.5283333333333333 0.6666666666666666 0.02666666666666667 0.04
0 0.6358333333333334 0.655 0.011666666666666667 0.04666666666666667
0 0.215 0.6541666666666667 0.02 0.065
0 0.2675 0.6408333333333334 0.035 0.035
0 0.24583333333333332 0.6375 0.025 0.04833333333333333
0 0.55 0.635 0.043333333333333335 0.04
0 0.23083333333333333 0.6141666666666666 0.025 0.051666666666666666
0 0.21 0.61 0.02 0.06
0 0.2725 0.6075 0.021666666666666667 0.041666666666666664
0 0.23583333333333334 0.5783333333333334 0.028333333333333332 0.03
0 0.6316666666666667 0.5825 0.016666666666666666 0.07166666666666667
0 0.25833333333333336 0.5691666666666667 0.03 0.045
