0 0.57 0.5458333333333333 0.023333333333333334 0.08166666666666667
0 0.5525 0.52 0.018333333333333333 0.07333333333333333
0 0.535 0.5158333333333334 0.03 0.075
0 0.5908333333333333 0.5166666666666667 0.018333333333333333 0.08
0 0.5633333333333334 0.5016666666666667 0.016666666666666666 0.06
0 0.7466666666666667 0.4875 0.03666666666666667 0.045
0 0.7808333333333334 0.4791666666666667 0.03833333333333333 0.03166666666666667
0 0.6291666666666667 0.4775 0.045 0.035
0 0.5341666666666667 0.47583333333333333 0.021666666666666667 0.058333333333333334
0 0.8033333333333333 0.4716666666666667 0.03333333333333333 0.043333333333333335
0 0.7608333333333334 0.45416666666666666 0.035 0.03166666666666667
0 0.37666666666666665 0.4041666666666667 0.02666666666666667 0.055
0 0.2783333333333333 0.3983333333333333 0.02 0.08
0 0.24916666666666668 0.37666666666666665 0.035 0.03666666666666667
0 0.25666666666666665 0.345 0.02 0.05333333333333334
0 0.2758333333333333 0.3358333333333333 0.025 0.06833333333333333
0 0.20916666666666667 0.33666666666666667 0.03833333333333333 0.05333333333333334
0 0.23666666666666666 0.3325 0.02 0.058333333333333334
0 0.21083333333333334 0.3175 0.035 0.04833333333333333
0 0.245 0.2991666666666667 0.016666666666666666 0.065
0 0.2625 0.2916666666666667 0.018333333333333333 0.05333333333333334
0 0.22166666666666668 0.2658333333333333 0.016666666666666666 0.06833333333333333
0 0.20333333333333334 0.26 0.02 0.07666666666666666
0 0.2375 0.25416666666666665 0.021666666666666667 0.06833333333333333
0 0.8708333333333333 0.2475 0.035 0.041666666666666664
0 0.8233333333333334 0.22333333333333333 0.04 0.03333333333333333
0 0.20916666666666667 0.21083333333333334 0.025 0.065
0 0.49333333333333335 0.8191666666666667 0.02 0.07833333333333334
0 0.4775 0.7816666666666666 0.018333333333333333 0.06
0 0.5916666666666667 0.7441666666666666 0.04 0.041666666666666664
0 0.48083333333333333 0.74 0.018333333333333333 0.06333333333333334
0 0.6025 0.7216666666666667 0.045 0.03333333333333333
0 0.63 0.7033333333333334 0.03666666666666667 0.05
0 0.6341666666666667 0.6608333333333334 0.03166666666666667 0.06166666666666667
0 0.5791666666666667 0.5608333333333333 0.025 0.06833333333333333
