0 0.395 0.5083333333333333 0.043333333333333335 0.02666666666666667
0 0.42583333333333334 0.4925 0.015 0.06166666666666667
0 0.4141666666666667 0.46416666666666667 0.021666666666666667 0.06833333333333333
0 0.4075 0.46 0.018333333333333333 0.06666666666666667
0 0.38916666666666666 0.3875 0.021666666666666667 0.07833333333333334
0 0.145 0.735 0.043333333333333335 0.03666666666666667
0 0.36583333333333334 0.7 0.028333333333333332 0.03333333333333333
0 0.3375 0.6925 0.035 0.035
0 0.3175 0.6833333333333333 0.028333333333333332 0.02666666666666667
0 0.37166666666666665 0.6741666666666667 0.02666666666666667 0.03166666666666667
0 0.3125 0.6608333333333334 0.03833333333333333 0.025
0 0.39166666666666666 0.66 0.023333333333333334 0.06333333333333334
0 0.3466666666666667 0.6558333333333334 0.03 0.045
0 0.375 0.6541666666666667 0.03 0.03166666666666667
0 0.4075 0.6358333333333334 0.015 0.06833333333333333
0 0.335 0.6383333333333333 0.03333333333333333 0.03
0 0.37083333333333335 0.6283333333333333 0.035 0.02666666666666667
0 0.42 0.615 0.013333333333333334 0.06
0 0.385 0.6125 0.03 0.028333333333333332
0 0.3975 0.5875 0.035 0.025
0 0.4175 0.5441666666666667 0.035 0.03166666666666667
0 0.39 0.5333333333333333 0.04 0.02666666666666667
