0 0.3283333333333333 0.4625 0.03333333333333333 0.075
0 0.8166666666666667 0.4716666666666667 0.02666666666666667 0.06666666666666667
0 0.43333333333333335 0.4716666666666667 0.03666666666666667 0.06
0 0.7891666666666667 0.4816666666666667 0.03166666666666667 0.056666666666666664
0 0.8358333333333333 0.49416666666666664 0.021666666666666667 0.075
0 0.32 0.49916666666666665 0.02666666666666667 0.06166666666666667
0 0.755 0.5016666666666667 0.02666666666666667 0.03333333333333333
0 0.8191666666666667 0.51 0.018333333333333333 0.056666666666666664
0 0.2708333333333333 0.5075 0.035 0.051666666666666666
0 0.23833333333333334 0.51 0.02 0.06333333333333334
0 0.34833333333333333 0.5108333333333334 0.03666666666666667 0.03166666666666667
0 0.7925 0.5291666666666667 0.03166666666666667 0.058333333333333334
0 0.4558333333333333 0.525 0.035 0.05
0 0.755 0.5333333333333333 0.03333333333333333 0.04
0 0.7766666666666666 0.5291666666666667 0.02666666666666667 0.041666666666666664
0 0.7983333333333333 0.5325 0.023333333333333334 0.051666666666666666
0 0.2575 0.5475 0.021666666666666667 0.06166666666666667
0 0.8066666666666666 0.56 0.03333333333333333 0.043333333333333335
0 0.8141666666666667 0.5625 0.04833333333333333 0.06166666666666667
0 0.7433333333333333 0.5683333333333334 0.03 0.03333333333333333
0 0.24583333333333332 0.5683333333333334 0.028333333333333332 0.056666666666666664
0 0.7541666666666667 0.5841666666666666 0.018333333333333333 0.055
0 0.7766666666666666 0.6275 0.006666666666666667 0.011666666666666667
0 0.7758333333333334 0.5991666666666666 0.018333333333333333 0.07166666666666667
0 0.6575 0.6033333333333334 0.035 0.06333333333333334
0 0.7366666666666667 0.6141666666666666 0.02 0.058333333333333334
0 0.715 0.6116666666666667 0.03 0.07666666666666666
0 0.7433333333333333 0.6366666666666667 0.023333333333333334 0.07666666666666666
0 0.73 0.6783333333333333 0.023333333333333334 0.07333333333333333
0 0.7833333333333333 0.68 0.023333333333333334 0.08
0 0.7541666666666667 0.685 0.018333333333333333 0.07333333333333333
0 0.63 0.6916666666666667 0.02 0.08333333333333333
0 0.7716666666666666 0.705 0.016666666666666666 0.08333333333333333
0 0.74 0.7183333333333334 0.02666666666666667 0.07
0 0.74 0.72 0.02666666666666667 0.07
0 0.6158333333333333 0.7216666666666667 0.018333333333333333 0.06666666666666667
0 0.7858333333333334 0.7466666666666667 0.018333333333333333 0.05333333333333334
0 0.3125 0.7475 0.028333333333333332 0.06833333333333333
0 0.7833333333333333 0.7733333333333333 0.02 0.08
0 0.7633333333333333 0.7866666666666666 0.03333333333333333 0.07333333333333333
0 0.5383333333333333 0.805 0.02666666666666667 0.07
0 0.28833333333333333 0.9791666666666666 0.023333333333333334 0.041666666666666664
0 0.275 0.9808333333333333 0.03333333333333333 0.03833333333333333
0 0.20416666666666666 0.10916666666666666 0.018333333333333333 0.10166666666666667
0 0.22666666666666666 0.21 0.023333333333333334 0.07
0 0.25833333333333336 0.225 0.023333333333333334 0.05333333333333334
0 0.24333333333333335 0.24 0.02 0.06333333333333334
0 0.2733333333333333 0.23833333333333334 0.023333333333333334 0.056666666666666664
0 0.2966666666666667 0.25 0.016666666666666666 0.07
0 0.25166666666666665 0.26416666666666666 0.02 0.051666666666666666
0 0.21083333333333334 0.26916666666666667 0.025 0.051666666666666666
0 0.28833333333333333 0.2891666666666667 0.023333333333333334 0.065
0 0.24166666666666667 0.31166666666666665 0.02 0.06666666666666667
0 0.31 0.31583333333333335 0.02 0.07833333333333334
0 0.21583333333333332 0.31833333333333336 0.018333333333333333 0.056666666666666664
0 0.325 0.345 0.016666666666666666 0.04666666666666667
0 0.83 0.3425 0.03333333333333333 0.051666666666666666
0 0.25 0.3591666666666667 0.02666666666666667 0.06833333333333333
0 0.31166666666666665 0.36333333333333334 0.03 0.056666666666666664
0 0.8291666666666667 0.3725 0.025 0.04833333333333333
0 0.27416666666666667 0.37833333333333335 0.018333333333333333 0.07666666666666666
0 0.3433333333333333 0.38083333333333336 0.03666666666666667 0.025
0 0.7633333333333333 0.3858333333333333 0.02666666666666667 0.075
0 0.8133333333333334 0.40166666666666667 0.023333333333333334 0.06666666666666667
0 0.25666666666666665 0.405 0.02 0.07
0 0.34833333333333333 0.4083333333333333 0.04 0.03666666666666667
0 0.7708333333333334 0.4175 0.025 0.06833333333333333
0 0.22666666666666666 0.4141666666666667 0.023333333333333334 0.06166666666666667
0 0.8308333333333333 0.41833333333333333 0.018333333333333333 0.07333333333333333
0 0.7958333333333333 0.42083333333333334 0.021666666666666667 0.07166666666666667
0 0.2758333333333333 0.425 0.025 0.056666666666666664
0 0.38666666666666666 0.43416666666666665 0.04 0.03166666666666667
0 0.23583333333333334 0.43166666666666664 0.018333333333333333 0.07333333333333333
0 0.30083333333333334 0.44166666666666665 0.025 0.05
0 0.8133333333333334 0.4508333333333333 0.02 0.058333333333333334
0 0.7725 0.4508333333333333 0.025 0.055
