0 0.8566666666666667 0.4791666666666667 0.03 0.07166666666666667
0 0.31416666666666665 0.04583333333333333 0.025 0.07166666666666667
0 0.4041666666666667 0.04 0.021666666666666667 0.08
0 0.7783333333333333 0.5366666666666666 0.023333333333333334 0.05333333333333334
0 0.8308333333333333 0.5383333333333333 0.021666666666666667 0.06666666666666667
0 0.795 0.5366666666666666 0.023333333333333334 0.056666666666666664
0 0.74 0.5425 0.02 0.055
0 0.76 0.5541666666666667 0.016666666666666666 0.06833333333333333
0 0.7683333333333333 0.5841666666666666 0.03333333333333333 0.04833333333333333
0 0.7858333333333334 0.5875 0.028333333333333332 0.035
0 0.7225 0.5958333333333333 0.025 0.051666666666666666
0 0.7433333333333333 0.6008333333333333 0.016666666666666666 0.06166666666666667
0 0.3258333333333333 0.004166666666666667 0.018333333333333333 0.008333333333333333
0 0.7208333333333333 0.6375 0.015 0.065
0 0.735 0.6575 0.013333333333333334 0.06166666666666667
0 0.7283333333333334 0.705 0.02666666666666667 0.06333333333333334
0 0.7466666666666667 0.7166666666666667 0.016666666666666666 0.07666666666666666
0 0.39 0.07 0.016666666666666666 0.05
0 0.7266666666666667 0.7525 0.02666666666666667 0.058333333333333334
0 0.8183333333333334 0.7591666666666667 0.03666666666666667 0.055
0 0.4116666666666667 0.07083333333333333 0.02666666666666667 0.04833333333333333
0 0.49833333333333335 0.785 0.016666666666666666 0.07
0 0.75 0.7933333333333333 0.02 0.06666666666666667
0 0.7341666666666666 0.8083333333333333 0.025 0.056666666666666664
0 0.48833333333333334 0.8116666666666666 0.023333333333333334 0.06333333333333334
0 0.73 0.8133333333333334 0.016666666666666666 0.04
0 0.7508333333333334 0.8275 0.011666666666666667 0.041666666666666664
0 0.4791666666666667 0.8508333333333333 0.03833333333333333 0.03166666666666667
0 0.37416666666666665 0.0725 0.018333333333333333 0.041666666666666664
0 0.7466666666666667 0.8733333333333333 0.016666666666666666 0.07
0 0.5141666666666667 0.8716666666666667 0.028333333333333332 0.043333333333333335
0 0.47833333333333333 0.8866666666666667 0.02666666666666667 0.05
0 0.495 0.8925 0.02 0.051666666666666666
0 0.5091666666666667 0.895 0.021666666666666667 0.04666666666666667
0 0.5316666666666666 0.9191666666666667 0.03 0.03833333333333333
0 0.5166666666666667 0.9316666666666666 0.02666666666666667 0.03333333333333333
0 0.48333333333333334 0.9341666666666667 0.023333333333333334 0.041666666666666664
0 0.5033333333333333 0.9391666666666667 0.03333333333333333 0.041666666666666664
0 0.5391666666666667 0.9491666666666667 0.03833333333333333 0.035
0 0.4975 0.9733333333333334 0.028333333333333332 0.03666666666666667
0 0.5133333333333333 0.9733333333333334 0.03 0.03
0 0.5416666666666666 0.9741666666666666 0.03333333333333333 0.028333333333333332
0 0.5508333333333333 0.9925 0.03833333333333333 0.015
0 0.39166666666666666 0.10666666666666667 0.02666666666666667 0.043333333333333335
0 0.30583333333333335 0.1025 0.015 0.045
0 0.37 0.11666666666666667 0.02 0.05333333333333334
0 0.32083333333333336 0.1375 0.015 0.058333333333333334
0 0.2783333333333333 0.13916666666666666 0.02666666666666667 0.065
0 0.2925 0.14916666666666667 0.018333333333333333 0.055
0 0.35083333333333333 0.15583333333333332 0.018333333333333333 0.041666666666666664
0 0.36916666666666664 0.15416666666666667 0.028333333333333332 0.051666666666666666
0 0.37416666666666665 0.011666666666666667 0.018333333333333333 0.023333333333333334
0 0.33416666666666667 0.17666666666666667 0.018333333333333333 0.05333333333333334
0 0.3025 0.1725 0.018333333333333333 0.06833333333333333
0 0.315 0.1875 0.02 0.041666666666666664
0 0.3541666666666667 0.1925 0.015 0.021666666666666667
0 0.3375 0.19333333333333333 0.025 0.03333333333333333
0 0.3125 0.22 0.025 0.04
0 0.3375 0.22416666666666665 0.035 0.051666666666666666
0 0.29 0.23666666666666666 0.023333333333333334 0.06333333333333334
0 0.2758333333333333 0.24083333333333334 0.021666666666666667 0.045
0 0.4033333333333333 0.0225 0.023333333333333334 0.045
0 0.4216666666666667 0.023333333333333334 0.016666666666666666 0.04666666666666667
0 0.39416666666666667 0.2975 0.018333333333333333 0.06833333333333333
0 0.43666666666666665 0.31833333333333336 0.01 0.05
0 0.4683333333333333 0.32 0.03 0.07333333333333333
0 0.4583333333333333 0.33 0.013333333333333334 0.043333333333333335
0 0.8533333333333334 0.34 0.023333333333333334 0.06333333333333334
0 0.92 0.029166666666666667 0.03 0.058333333333333334
0 0.8525 0.39666666666666667 0.025 0.05333333333333334
0 0.5591666666666667 0.4 0.025 0.07333333333333333
0 0.8508333333333333 0.43916666666666665 0.021666666666666667 0.06166666666666667
