0 0.6458333333333334 0.44083333333333335 0.075 0.07833333333333334
0 0.7983333333333333 0.39916666666666667 0.06333333333333334 0.07833333333333334
0 0.31416666666666665 0.3958333333333333 0.04833333333333333 0.115
0 0.2683333333333333 0.3858333333333333 0.04 0.13166666666666665
0 0.4666666666666667 0.3416666666666667 0.05333333333333334 0.10333333333333333
0 0.6208333333333333 0.33916666666666667 0.045 0.115
0 0.29833333333333334 0.2725 0.03 0.11833333333333333
0 0.4141666666666667 0.24416666666666667 0.06833333333333333 0.06166666666666667
0 0.2683333333333333 0.17833333333333334 0.05333333333333334 0.08666666666666667
0 0.8541666666666666 0.16333333333333333 0.058333333333333334 0.11
0 0.045 0.9383333333333334 0.05 0.09666666666666666
0 0.275 0.06416666666666666 0.04666666666666667 0.085
0 0.07166666666666667 0.8825 0.07 0.07833333333333334
0 0.018333333333333333 0.8583333333333333 0.03666666666666667 0.05333333333333334
0 0.33 0.7241666666666666 0.05 0.10166666666666667
0 0.9166666666666666 0.6766666666666666 0.05333333333333334 0.09333333333333334
0 0.9116666666666666 0.9783333333333334 0.03333333333333333 0.043333333333333335
0 0.16083333333333333 0.9733333333333334 0.08166666666666667 0.05333333333333334
0 0.8341666666666666 0.9666666666666667 0.041666666666666664 0.06666666666666667
0 0.23666666666666666 0.5283333333333333 0.06 0.07333333333333333
