0 0.8275 0.5475 0.08166666666666667 0.055
0 0.8916666666666667 0.03166666666666667 0.06333333333333334 0.06333333333333334
0 0.8041666666666667 0.695 0.06166666666666667 0.10333333333333333
0 0.38416666666666666 0.8458333333333333 0.065 0.065
0 0.3566666666666667 0.92 0.06 0.08333333333333333
0 0.47333333333333333 0.9466666666666667 0.05 0.10666666666666667
0 0.4066666666666667 0.9825 0.08 0.035
0 0.855 0.18083333333333335 0.06666666666666667 0.09833333333333333
0 0.9733333333333334 0.1825 0.05333333333333334 0.06166666666666667
0 0.7533333333333333 0.22666666666666666 0.07666666666666666 0.05333333333333334
0 0.7658333333333334 0.31166666666666665 0.07833333333333334 0.056666666666666664
0 0.7183333333333334 0.3408333333333333 0.06666666666666667 0.085
0 0.6691666666666667 0.36833333333333335 0.06833333333333333 0.07666666666666666
0 0.43666666666666665 0.46416666666666667 0.03 0.12166666666666667
