0 0.5675 0.535 0.021666666666666667 0.06
0 0.365 0.5241666666666667 0.016666666666666666 0.07166666666666667
0 0.5283333333333333 0.5158333333333334 0.016666666666666666 0.041666666666666664
0 0.5225 0.4975 0.0016666666666666668 0.0016666666666666668
0 0.3516666666666667 0.5008333333333334 0.023333333333333334 0.06833333333333333
0 0.375 0.49833333333333335 0.016666666666666666 0.06
0 0.5625 0.4925 0.025 0.045
0 0.5108333333333334 0.4766666666666667 0.018333333333333333 0.05333333333333334
0 0.545 0.47583333333333333 0.02 0.06166666666666667
0 0.49916666666666665 0.4725 0.015 0.06166666666666667
0 0.3883333333333333 0.4658333333333333 0.016666666666666666 0.07833333333333334
0 0.5258333333333334 0.45166666666666666 0.015 0.056666666666666664
0 0.5483333333333333 0.455 0.0033333333333333335 0.0033333333333333335
0 0.5133333333333333 0.4425 0.013333333333333334 0.055
0 0.4375 0.44083333333333335 0.018333333333333333 0.045
0 0.4033333333333333 0.44 0.016666666666666666 0.06666666666666667
0 0.37833333333333335 0.43666666666666665 0.023333333333333334 0.05333333333333334
0 0.545 0.43333333333333335 0.016666666666666666 0.04666666666666667
0 0.4891666666666667 0.43166666666666664 0.015 0.06
0 0.47833333333333333 0.4191666666666667 0.013333333333333334 0.065
0 0.53 0.4091666666666667 0.016666666666666666 0.055
0 0.5033333333333333 0.4125 0.02 0.065
0 0.45166666666666666 0.4075 0.016666666666666666 0.058333333333333334
0 0.5075 0.41 0.015 0.06
0 0.47 0.4008333333333333 0.02 0.058333333333333334
0 0.3975 0.395 0.015 0.06666666666666667
0 0.435 0.3983333333333333 0.023333333333333334 0.056666666666666664
0 0.37666666666666665 0.4025 0.02666666666666667 0.041666666666666664
0 0.5158333333333334 0.38666666666666666 0.015 0.056666666666666664
0 0.5333333333333333 0.37916666666666665 0.023333333333333334 0.045
0 0.55 0.37833333333333335 0.016666666666666666 0.05
0 0.4091666666666667 0.36583333333333334 0.018333333333333333 0.058333333333333334
0 0.49166666666666664 0.365 0.016666666666666666 0.06333333333333334
0 0.43333333333333335 0.3575 0.023333333333333334 0.065
0 0.4625 0.35833333333333334 0.015 0.07
0 0.425 0.3525 0.02 0.06166666666666667
0 0.45166666666666666 0.3458333333333333 0.016666666666666666 0.06833333333333333
0 0.505 0.35 0.013333333333333334 0.056666666666666664
0 0.5233333333333333 0.345 0.016666666666666666 0.043333333333333335
0 0.5525 0.3333333333333333 0.015 0.056666666666666664
0 0.5383333333333333 0.3308333333333333 0.02 0.06833333333333333
0 0.485 0.3283333333333333 0.02 0.07
0 0.4725 0.32166666666666666 0.015 0.07333333333333333
0 0.52 0.31916666666666665 0.023333333333333334 0.06166666666666667
0 0.5066666666666667 0.2991666666666667 0.03 0.055
0 0.5541666666666667 0.29 0.035 0.04666666666666667
0 0.5125 0.26166666666666666 0.025 0.03666666666666667
0 0.88 0.19666666666666666 0.02 0.056666666666666664
0 0.8658333333333333 0.16083333333333333 0.021666666666666667 0.058333333333333334
0 0.8825 0.14333333333333334 0.018333333333333333 0.056666666666666664
0 0.8608333333333333 0.11 0.021666666666666667 0.056666666666666664
0 0.88 0.09416666666666666 0.02 0.058333333333333334
0 0.9008333333333334 0.09916666666666667 0.018333333333333333 0.055
0 0.8933333333333333 0.09333333333333334 0.02 0.043333333333333335
0 0.915 0.06416666666666666 0.02 0.051666666666666666
0 0.935 0.055 0.023333333333333334 0.04666666666666667
0 0.8975 0.05 0.021666666666666667 0.05
0 0.8833333333333333 0.0475 0.03666666666666667 0.06166666666666667
0 0.9341666666666667 0.024166666666666666 0.021666666666666667 0.04833333333333333
0 0.8883333333333333 0.015833333333333335 0.03333333333333333 0.03166666666666667
0 0.9183333333333333 0.018333333333333333 0.02 0.03666666666666667
0 0.3408333333333333 0.6291666666666667 0.018333333333333333 0.07166666666666667
0 0.35583333333333333 0.6041666666666666 0.018333333333333333 0.07166666666666667
0 0.3333333333333333 0.5683333333333334 0.02 0.07
0 0.375 0.5583333333333333 0.016666666666666666 0.06
0 0.35083333333333333 0.5591666666666667 0.018333333333333333 0.051666666666666666
