0 0.12833333333333333 0.48833333333333334 0.03 0.07666666666666666
0 0.75 0.475 0.03 0.06333333333333334
0 0.82 0.37083333333333335 0.03333333333333333 0.03166666666666667
0 0.8283333333333334 0.3441666666666667 0.03666666666666667 0.028333333333333332
0 0.8158333333333333 0.32666666666666666 0.035 0.02666666666666667
0 0.7808333333333334 0.31833333333333336 0.035 0.03
0 0.8208333333333333 0.3016666666666667 0.035 0.02666666666666667
0 0.8025 0.28833333333333333 0.03833333333333333 0.03333333333333333
0 0.785 0.27416666666666667 0.03666666666666667 0.035
0 0.8691666666666666 0.26416666666666666 0.021666666666666667 0.03166666666666667
0 0.8291666666666667 0.2625 0.035 0.028333333333333332
0 0.8341666666666666 0.24333333333333335 0.03166666666666667 0.016666666666666666
0 0.8591666666666666 0.24166666666666667 0.021666666666666667 0.056666666666666664
0 0.7991666666666667 0.22833333333333333 0.028333333333333332 0.03333333333333333
0 0.8741666666666666 0.225 0.015 0.056666666666666664
0 0.7908333333333334 0.21083333333333334 0.035 0.04833333333333333
0 0.7783333333333333 0.19916666666666666 0.03666666666666667 0.035
0 0.8266666666666667 0.18916666666666668 0.03666666666666667 0.041666666666666664
0 0.8666666666666667 0.17416666666666666 0.02 0.075
0 0.7233333333333334 0.17166666666666666 0.023333333333333334 0.06
0 0.8008333333333333 0.16916666666666666 0.035 0.028333333333333332
0 0.8341666666666666 0.155 0.035 0.04
0 0.8091666666666667 0.1425 0.028333333333333332 0.028333333333333332
0 0.7075 0.13666666666666666 0.025 0.04666666666666667
0 0.7266666666666667 0.12833333333333333 0.03333333333333333 0.043333333333333335
0 0.6858333333333333 0.12333333333333334 0.03166666666666667 0.04666666666666667
0 0.8383333333333334 0.12166666666666667 0.03 0.05
0 0.74 0.11666666666666667 0.03333333333333333 0.03333333333333333
0 0.8625 0.10166666666666667 0.018333333333333333 0.06
0 0.8191666666666667 0.0975 0.03833333333333333 0.06166666666666667
0 0.7433333333333333 0.09416666666666666 0.04 0.03833333333333333
0 0.7116666666666667 0.08583333333333333 0.02666666666666667 0.041666666666666664
0 0.8466666666666667 0.0675 0.023333333333333334 0.055
0 0.8408333333333333 0.03666666666666667 0.018333333333333333 0.07333333333333333
0 0.06416666666666666 0.8716666666666667 0.021666666666666667 0.08333333333333333
0 0.25083333333333335 0.8625 0.021666666666666667 0.03833333333333333
0 0.23333333333333334 0.8533333333333334 0.02 0.06333333333333334
0 0.205 0.8591666666666666 0.02 0.06166666666666667
0 0.2225 0.825 0.021666666666666667 0.04666666666666667
0 0.24083333333333334 0.8225 0.025 0.04833333333333333
0 0.20583333333333334 0.8141666666666667 0.015 0.04833333333333333
0 0.25416666666666665 0.8066666666666666 0.015 0.02666666666666667
0 0.2175 0.7883333333333333 0.021666666666666667 0.04666666666666667
0 0.29333333333333333 0.9841666666666666 0.02 0.03166666666666667
0 0.23833333333333334 0.79 0.03 0.04
0 0.18166666666666667 0.7608333333333334 0.023333333333333334 0.04833333333333333
0 0.25333333333333335 0.76 0.02666666666666667 0.03
0 0.7741666666666667 0.76 0.015 0.02666666666666667
0 0.19666666666666666 0.7558333333333334 0.02 0.06833333333333333
0 0.21583333333333332 0.7483333333333333 0.028333333333333332 0.05333333333333334
0 0.7758333333333334 0.7675 0.0016666666666666668 0.0016666666666666668
0 0.15166666666666667 0.7275 0.02 0.058333333333333334
0 0.2791666666666667 0.7175 0.021666666666666667 0.06166666666666667
0 0.1775 0.7033333333333334 0.021666666666666667 0.07
0 0.7766666666666666 0.7008333333333333 0.03 0.041666666666666664
0 0.2825 0.9766666666666667 0.021666666666666667 0.04666666666666667
0 0.1975 0.6883333333333334 0.018333333333333333 0.07333333333333333
0 0.7541666666666667 0.6808333333333333 0.025 0.03166666666666667
0 0.16 0.6775 0.016666666666666666 0.045
0 0.7091666666666666 0.6675 0.028333333333333332 0.051666666666666666
0 0.7866666666666666 0.665 0.02666666666666667 0.03666666666666667
0 0.14666666666666667 0.66 0.013333333333333334 0.07333333333333333
0 0.7583333333333333 0.6525 0.03666666666666667 0.03166666666666667
0 0.17333333333333334 0.6475 0.02 0.058333333333333334
0 0.15666666666666668 0.6358333333333334 0.016666666666666666 0.051666666666666666
0 0.7933333333333333 0.6316666666666667 0.03 0.05
0 0.13083333333333333 0.6275 0.021666666666666667 0.07166666666666667
0 0.7666666666666667 0.625 0.03666666666666667 0.02666666666666667
0 0.1875 0.6066666666666667 0.015 0.05
0 0.15583333333333332 0.5983333333333334 0.021666666666666667 0.04666666666666667
0 0.1425 0.5925 0.015 0.03166666666666667
0 0.17416666666666666 0.5883333333333334 0.018333333333333333 0.08333333333333333
0 0.5058333333333334 0.5833333333333334 0.025 0.07666666666666666
0 0.10916666666666666 0.5791666666666667 0.021666666666666667 0.055
0 0.135 0.5575 0.016666666666666666 0.058333333333333334
0 0.15333333333333332 0.5408333333333334 0.02 0.07833333333333334
