0 0.30416666666666664 0.4866666666666667 0.065 0.08666666666666667
0 0.5458333333333333 0.5033333333333333 0.07166666666666667 0.05333333333333334
0 0.4841666666666667 0.535 0.055 0.1
0 0.6416666666666667 0.03916666666666667 0.06666666666666667 0.07833333333333334
0 0.37916666666666665 0.5433333333333333 0.07166666666666667 0.05
0 0.2775 0.5958333333333333 0.075 0.051666666666666666
0 0.3975 0.6075 0.065 0.051666666666666666
0 0.3458333333333333 0.6466666666666666 0.03166666666666667 0.11666666666666667
0 0.6916666666666667 0.6825 0.03666666666666667 0.11833333333333333
0 0.7408333333333333 0.69 0.035 0.13
0 0.6433333333333333 0.815 0.03 0.11
0 0.8175 0.07583333333333334 0.055 0.11166666666666666
0 0.8533333333333334 0.95 0.03 0.1
0 0.6875 0.010833333333333334 0.028333333333333332 0.021666666666666667
0 0.81 0.3258333333333333 0.07666666666666666 0.051666666666666666
0 0.3591666666666667 0.3775 0.07166666666666667 0.06166666666666667
