0 0.6 0.5025 0.023333333333333334 0.06833333333333333
0 0.2875 0.5133333333333333 0.041666666666666664 0.03666666666666667
0 0.25666666666666665 0.5191666666666667 0.03666666666666667 0.03166666666666667
0 0.5816666666666667 0.5325 0.016666666666666666 0.08166666666666667
0 0.28583333333333333 0.5483333333333333 0.03166666666666667 0.043333333333333335
0 0.31416666666666665 0.5516666666666666 0.035 0.043333333333333335
0 0.2658333333333333 0.56 0.035 0.043333333333333335
0 0.5925 0.5675 0.011666666666666667 0.058333333333333334
0 0.5441666666666667 0.5716666666666667 0.035 0.056666666666666664
0 0.30916666666666665 0.58 0.018333333333333333 0.05333333333333334
0 0.6066666666666667 0.5775 0.02 0.07166666666666667
0 0.3416666666666667 0.5858333333333333 0.03 0.03833333333333333
0 0.2925 0.59 0.021666666666666667 0.05
0 0.3308333333333333 0.5991666666666666 0.03166666666666667 0.04833333333333333
0 0.585 0.6241666666666666 0.016666666666666666 0.06833333333333333
0 0.36833333333333335 0.625 0.03 0.03
0 0.3283333333333333 0.6316666666666667 0.02 0.043333333333333335
0 0.35333333333333333 0.6366666666666667 0.03333333333333333 0.03
0 0.31166666666666665 0.6466666666666666 0.016666666666666666 0.07333333333333333
0 0.295 0.65 0.023333333333333334 0.06333333333333334
0 0.36333333333333334 0.6666666666666666 0.03333333333333333 0.03333333333333333
0 0.5491666666666667 0.06416666666666666 0.021666666666666667 0.04833333333333333
0 0.3541666666666667 0.6808333333333333 0.03833333333333333 0.041666666666666664
0 0.3258333333333333 0.6966666666666667 0.03166666666666667 0.03333333333333333
0 0.31666666666666665 0.7191666666666666 0.03666666666666667 0.045
0 0.3616666666666667 0.7266666666666667 0.03333333333333333 0.03333333333333333
0 0.7058333333333333 0.7391666666666666 0.021666666666666667 0.08166666666666667
0 0.3416666666666667 0.7391666666666666 0.023333333333333334 0.04833333333333333
0 0.3333333333333333 0.7591666666666667 0.02666666666666667 0.035
0 0.31666666666666665 0.7616666666666667 0.016666666666666666 0.056666666666666664
0 0.3616666666666667 0.7825 0.03333333333333333 0.035
0 0.3375 0.7841666666666667 0.028333333333333332 0.03833333333333333
0 0.8083333333333333 0.79 0.03666666666666667 0.056666666666666664
0 0.3675 0.8125 0.028333333333333332 0.03833333333333333
0 0.7116666666666667 0.8116666666666666 0.023333333333333334 0.07666666666666666
0 0.395 0.82 0.03666666666666667 0.03666666666666667
0 0.34 0.8241666666666667 0.02666666666666667 0.058333333333333334
0 0.35583333333333333 0.8216666666666667 0.025 0.03666666666666667
0 0.32916666666666666 0.8266666666666667 0.025 0.06
0 0.39166666666666666 0.8466666666666667 0.03666666666666667 0.03
0 0.7991666666666667 0.8591666666666666 0.025 0.06166666666666667
0 0.365 0.8616666666666667 0.02666666666666667 0.04
0 0.3433333333333333 0.8683333333333333 0.02666666666666667 0.03
0 0.7683333333333333 0.8691666666666666 0.02666666666666667 0.03166666666666667
0 0.40166666666666667 0.8758333333333334 0.03666666666666667 0.028333333333333332
0 0.7908333333333334 0.9016666666666666 0.035 0.043333333333333335
0 0.3491666666666667 0.9033333333333333 0.028333333333333332 0.056666666666666664
0 0.395 0.9041666666666667 0.03 0.06166666666666667
0 0.5266666666666666 0.08916666666666667 0.02 0.03166666666666667
0 0.4225 0.9058333333333334 0.03166666666666667 0.03833333333333333
0 0.38333333333333336 0.9291666666666667 0.02 0.07166666666666667
0 0.785 0.9366666666666666 0.03 0.043333333333333335
0 0.37083333333333335 0.96 0.025 0.05333333333333334
0 0.3675 0.9666666666666667 0.03166666666666667 0.06666666666666667
0 0.7616666666666667 0.9783333333333334 0.03333333333333333 0.043333333333333335
0 0.5216666666666666 0.1275 0.02666666666666667 0.051666666666666666
0 0.505 0.135 0.02 0.05333333333333334
0 0.5166666666666667 0.16666666666666666 0.02 0.056666666666666664
0 0.49833333333333335 0.185 0.023333333333333334 0.056666666666666664
0 0.3883333333333333 0.205 0.013333333333333334 0.06666666666666667
0 0.6175 0.215 0.025 0.08666666666666667
0 0.5225 0.22916666666666666 0.015 0.06166666666666667
0 0.37583333333333335 0.22916666666666666 0.015 0.08166666666666667
0 0.49916666666666665 0.22833333333333333 0.025 0.06
0 0.48083333333333333 0.23333333333333334 0.018333333333333333 0.07333333333333333
0 0.6241666666666666 0.23666666666666666 0.011666666666666667 0.05
0 0.5075 0.24166666666666667 0.018333333333333333 0.07333333333333333
0 0.4058333333333333 0.24333333333333335 0.018333333333333333 0.06333333333333334
0 0.5583333333333333 0.021666666666666667 0.02666666666666667 0.043333333333333335
0 0.3625 0.26 0.015 0.07333333333333333
0 0.3466666666666667 0.2658333333333333 0.023333333333333334 0.06166666666666667
0 0.395 0.265 0.013333333333333334 0.07
0 0.3075 0.27 0.021666666666666667 0.07333333333333333
0 0.5183333333333333 0.2775 0.02666666666666667 0.055
0 0.4841666666666667 0.2816666666666667 0.03166666666666667 0.043333333333333335
0 0.385 0.27666666666666667 0.013333333333333334 0.05333333333333334
0 0.2975 0.30333333333333334 0.015 0.08
0 0.4891666666666667 0.30666666666666664 0.03166666666666667 0.05333333333333334
0 0.35083333333333333 0.31416666666666665 0.015 0.07166666666666667
0 0.38 0.3125 0.02 0.07166666666666667
0 0.2791666666666667 0.3225 0.021666666666666667 0.08166666666666667
0 0.315 0.3416666666666667 0.023333333333333334 0.07333333333333333
0 0.26916666666666667 0.36 0.015 0.05
0 0.3925 0.3591666666666667 0.015 0.075
0 0.3591666666666667 0.38083333333333336 0.018333333333333333 0.06833333333333333
0 0.275 0.41083333333333333 0.023333333333333334 0.065
0 0.33666666666666667 0.4425 0.02 0.07833333333333334
0 0.38083333333333336 0.4375 0.015 0.07833333333333334
0 0.35833333333333334 0.44333333333333336 0.03333333333333333 0.056666666666666664
0 0.5925 0.45166666666666666 0.015 0.07666666666666666
0 0.3566666666666667 0.4775 0.02 0.06833333333333333
0 0.6208333333333333 0.48083333333333333 0.028333333333333332 0.07166666666666667
0 0.2808333333333333 0.49083333333333334 0.03166666666666667 0.025
0 0.3416666666666667 0.5008333333333334 0.02 0.051666666666666666
