0 0.28583333333333333 0.475 0.041666666666666664 0.02666666666666667
0 0.6083333333333333 0.47833333333333333 0.02 0.05
0 0.595 0.4866666666666667 0.016666666666666666 0.05333333333333334
0 0.57 0.49833333333333335 0.02 0.056666666666666664
0 0.6208333333333333 0.5116666666666667 0.015 0.05333333333333334
0 0.59 0.5141666666666667 0.016666666666666666 0.058333333333333334
0 0.58 0.5216666666666666 0.013333333333333334 0.05333333333333334
0 0.5208333333333334 0.5233333333333333 0.035 0.03666666666666667
0 0.605 0.5258333333333334 0.013333333333333334 0.045
0 0.9816666666666667 0.041666666666666664 0.03666666666666667 0.03333333333333333
0 0.6125 0.5475 0.015 0.045
0 0.49416666666666664 0.55 0.021666666666666667 0.04666666666666667
0 0.5691666666666667 0.5525 0.015 0.055
0 0.5225 0.555 0.011666666666666667 0.03666666666666667
0 0.5116666666666667 0.5641666666666667 0.016666666666666666 0.075
0 0.6225 0.5658333333333333 0.018333333333333333 0.06166666666666667
0 0.49333333333333335 0.57 0.02666666666666667 0.056666666666666664
0 0.5891666666666666 0.5691666666666667 0.015 0.051666666666666666
0 0.6008333333333333 0.5775 0.015 0.058333333333333334
0 0.5358333333333334 0.5808333333333333 0.018333333333333333 0.058333333333333334
0 0.5533333333333333 0.5841666666666666 0.016666666666666666 0.07166666666666667
0 0.5766666666666667 0.595 0.013333333333333334 0.06333333333333334
0 0.6091666666666666 0.605 0.015 0.05
0 0.5658333333333333 0.6133333333333333 0.015 0.06333333333333334
0 0.5875 0.6141666666666666 0.018333333333333333 0.055
0 0.495 0.615 0.016666666666666666 0.056666666666666664
0 0.5158333333333334 0.6175 0.021666666666666667 0.04833333333333333
0 0.55 0.6275 0.016666666666666666 0.045
0 0.5083333333333333 0.6275 0.016666666666666666 0.051666666666666666
0 0.5975 0.6433333333333333 0.015 0.056666666666666664
0 0.4841666666666667 0.6416666666666667 0.021666666666666667 0.056666666666666664
0 0.5825 0.6533333333333333 0.025 0.043333333333333335
0 0.5216666666666666 0.6666666666666666 0.03 0.04
0 0.505 0.6666666666666666 0.023333333333333334 0.043333333333333335
0 0.5716666666666667 0.6666666666666666 0.02666666666666667 0.05333333333333334
0 0.49916666666666665 0.6933333333333334 0.028333333333333332 0.05
0 0.5316666666666666 0.7 0.02666666666666667 0.03666666666666667
0 0.5233333333333333 0.7125 0.02 0.045
0 0.5425 0.7383333333333333 0.021666666666666667 0.043333333333333335
0 0.5266666666666666 0.7483333333333333 0.02666666666666667 0.05333333333333334
0 0.5075 0.75 0.018333333333333333 0.07
0 0.5258333333333334 0.7758333333333334 0.018333333333333333 0.041666666666666664
0 0.545 0.7783333333333333 0.016666666666666666 0.043333333333333335
0 0.5183333333333333 0.8091666666666667 0.02 0.051666666666666666
0 0.5458333333333333 0.8108333333333333 0.021666666666666667 0.051666666666666666
0 0.5333333333333333 0.8191666666666667 0.02 0.04833333333333333
0 0.5233333333333333 0.8508333333333333 0.02 0.041666666666666664
0 0.5666666666666667 0.9025 0.03333333333333333 0.06166666666666667
0 0.795 0.08 0.023333333333333334 0.07
0 0.595 0.9083333333333333 0.02666666666666667 0.07
0 0.5783333333333334 0.9508333333333333 0.02 0.045
0 0.6066666666666667 0.9608333333333333 0.03666666666666667 0.058333333333333334
0 0.7816666666666666 0.0875 0.023333333333333334 0.07833333333333334
0 0.915 0.10666666666666667 0.02666666666666667 0.02666666666666667
0 0.5675 0.11166666666666666 0.03166666666666667 0.02666666666666667
0 0.5291666666666667 0.11833333333333333 0.041666666666666664 0.03333333333333333
0 0.9208333333333333 0.12666666666666668 0.035 0.03
0 0.5708333333333333 0.13416666666666666 0.03833333333333333 0.028333333333333332
0 0.5233333333333333 0.1375 0.03666666666666667 0.03166666666666667
0 0.5491666666666667 0.15333333333333332 0.03833333333333333 0.03
0 0.5916666666666667 0.1625 0.04 0.035
0 0.33 0.195 0.023333333333333334 0.03
0 0.3466666666666667 0.2075 0.03333333333333333 0.025
0 0.47833333333333333 0.215 0.03333333333333333 0.04
0 0.4091666666666667 0.21583333333333332 0.041666666666666664 0.025
0 0.5025 0.22666666666666666 0.025 0.04
0 0.4625 0.22666666666666666 0.041666666666666664 0.03
0 0.315 0.22333333333333333 0.03 0.03333333333333333
0 0.5241666666666667 0.24333333333333335 0.025 0.02
0 0.4533333333333333 0.24583333333333332 0.03333333333333333 0.041666666666666664
0 0.2816666666666667 0.25 0.013333333333333334 0.06
0 0.49833333333333335 0.255 0.03 0.03666666666666667
0 0.7891666666666667 0.25416666666666665 0.03166666666666667 0.04833333333333333
0 0.4816666666666667 0.2608333333333333 0.03 0.041666666666666664
0 0.30666666666666664 0.25833333333333336 0.016666666666666666 0.04666666666666667
0 0.54 0.2633333333333333 0.03333333333333333 0.03
0 0.29583333333333334 0.26666666666666666 0.021666666666666667 0.07
0 0.5225 0.27166666666666667 0.021666666666666667 0.043333333333333335
0 0.5433333333333333 0.295 0.023333333333333334 0.043333333333333335
0 0.5608333333333333 0.29333333333333333 0.028333333333333332 0.03333333333333333
0 0.585 0.2966666666666667 0.02666666666666667 0.04
0 0.275 0.31 0.016666666666666666 0.05333333333333334
0 0.285 0.31333333333333335 0.016666666666666666 0.056666666666666664
0 0.5483333333333333 0.32666666666666666 0.023333333333333334 0.03666666666666667
0 0.5916666666666667 0.3283333333333333 0.03 0.043333333333333335
0 0.26666666666666666 0.3275 0.023333333333333334 0.045
0 0.5675 0.33416666666666667 0.025 0.045
0 0.6166666666666667 0.3383333333333333 0.02666666666666667 0.03666666666666667
0 0.5658333333333333 0.33916666666666667 0.0016666666666666668 0.005
0 0.6158333333333333 0.35833333333333334 0.018333333333333333 0.03333333333333333
0 0.28 0.3591666666666667 0.016666666666666666 0.041666666666666664
0 0.6058333333333333 0.37416666666666665 0.018333333333333333 0.051666666666666666
0 0.5283333333333333 0.37166666666666665 0.02666666666666667 0.06666666666666667
0 0.6266666666666667 0.3925 0.023333333333333334 0.03833333333333333
0 0.5266666666666666 0.42 0.013333333333333334 0.06
0 0.6308333333333334 0.42916666666666664 0.03833333333333333 0.03166666666666667
0 0.5858333333333333 0.4275 0.041666666666666664 0.028333333333333332
0 0.2875 0.43166666666666664 0.025 0.06
0 0.6458333333333334 0.43083333333333335 0.0016666666666666668 0.005
0 0.6208333333333333 0.46 0.028333333333333332 0.05
0 0.5891666666666666 0.46 0.018333333333333333 0.04
0 0.5666666666666667 0.4683333333333333 0.03 0.04
