0 0.45 0.49 0.03333333333333333 0.06333333333333334
0 0.41583333333333333 0.4891666666666667 0.021666666666666667 0.085
0 0.465 0.5016666666666667 0.03 0.06666666666666667
0 0.37666666666666665 0.035 0.05 0.05333333333333334
0 0.4216666666666667 0.5283333333333333 0.02 0.08666666666666667
0 0.5183333333333333 0.5425 0.043333333333333335 0.028333333333333332
0 0.395 0.5433333333333333 0.02 0.07
0 0.4675 0.5808333333333333 0.005 0.005
0 0.4608333333333333 0.5625 0.025 0.08833333333333333
0 0.43916666666666665 0.5758333333333333 0.021666666666666667 0.085
0 0.4 0.59 0.016666666666666666 0.05
0 0.4216666666666667 0.5983333333333334 0.016666666666666666 0.08
0 0.41333333333333333 0.6233333333333333 0.02 0.08333333333333333
0 0.465 0.6291666666666667 0.02 0.07833333333333334
0 0.515 0.6458333333333334 0.023333333333333334 0.09166666666666666
0 0.43916666666666665 0.6483333333333333 0.028333333333333332 0.07666666666666666
0 0.45 0.6883333333333334 0.016666666666666666 0.07666666666666666
0 0.4666666666666667 0.6875 0.023333333333333334 0.055
0 0.48 0.7283333333333334 0.05 0.04
0 0.3641666666666667 0.050833333333333335 0.035 0.055
0 0.32166666666666666 0.059166666666666666 0.04 0.04833333333333333
0 0.3525 0.060833333333333336 0.035 0.045
0 0.38666666666666666 0.0075 0.05333333333333334 0.015
0 0.30666666666666664 0.0033333333333333335 0.02666666666666667 0.006666666666666667
0 0.29083333333333333 0.23916666666666667 0.03166666666666667 0.085
0 0.34 0.25833333333333336 0.05 0.03333333333333333
0 0.3016666666666667 0.265 0.03333333333333333 0.08
0 0.3 0.30083333333333334 0.04666666666666667 0.058333333333333334
0 0.3358333333333333 0.315 0.041666666666666664 0.04
0 0.38416666666666666 0.36583333333333334 0.055 0.03833333333333333
0 0.30083333333333334 0.020833333333333332 0.04833333333333333 0.035
0 0.4575 0.42916666666666664 0.028333333333333332 0.06833333333333333
0 0.4791666666666667 0.43916666666666665 0.035 0.03166666666666667
0 0.4375 0.44583333333333336 0.021666666666666667 0.075
