0 0.9033333333333333 0.4766666666666667 0.06 0.08333333333333333
0 0.4241666666666667 0.42916666666666664 0.03833333333333333 0.115
0 0.8475 0.4175 0.035 0.115
0 0.9366666666666666 0.4116666666666667 0.07333333333333333 0.05333333333333334
0 0.8958333333333334 0.3433333333333333 0.08166666666666667 0.06333333333333334
0 0.7433333333333333 0.25666666666666665 0.04 0.11333333333333333
0 0.7275 0.14666666666666667 0.07166666666666667 0.056666666666666664
0 0.7516666666666667 0.0925 0.06 0.07166666666666667
0 0.5408333333333334 0.07083333333333333 0.03833333333333333 0.115
0 0.2841666666666667 0.0275 0.06166666666666667 0.055
0 0.21583333333333332 0.020833333333333332 0.021666666666666667 0.041666666666666664
0 0.1625 0.8308333333333333 0.051666666666666666 0.09833333333333333
0 0.8475 0.52 0.055 0.1
