0 0.18 0.5016666666666667 0.023333333333333334 0.08
0 0.665 0.5116666666666667 0.043333333333333335 0.03666666666666667
0 0.1675 0.5591666666666667 0.021666666666666667 0.06166666666666667
0 0.19583333333333333 0.5791666666666667 0.035 0.041666666666666664
0 0.14333333333333334 0.5841666666666666 0.03333333333333333 0.051666666666666666
0 0.12083333333333333 0.5941666666666666 0.028333333333333332 0.03833333333333333
0 0.845 0.6 0.03666666666666667 0.03666666666666667
0 0.09 0.6133333333333333 0.04 0.03666666666666667
0 0.8658333333333333 0.6166666666666667 0.03166666666666667 0.05
0 0.14166666666666666 0.6308333333333334 0.02666666666666667 0.055
0 0.07416666666666667 0.6366666666666667 0.035 0.04666666666666667
0 0.12416666666666666 0.6391666666666667 0.028333333333333332 0.055
0 0.12 0.6583333333333333 0.023333333333333334 0.04
0 0.08916666666666667 0.6591666666666667 0.035 0.041666666666666664
0 0.8033333333333333 0.6583333333333333 0.023333333333333334 0.08
0 0.08333333333333333 0.6975 0.03 0.058333333333333334
0 0.11 0.6975 0.02666666666666667 0.06833333333333333
0 0.78 0.7116666666666667 0.02666666666666667 0.04666666666666667
0 0.4483333333333333 0.27166666666666667 0.02 0.06666666666666667
0 0.4083333333333333 0.285 0.04 0.043333333333333335
0 0.37 0.30333333333333334 0.03666666666666667 0.03666666666666667
0 0.44916666666666666 0.31916666666666665 0.028333333333333332 0.06166666666666667
0 0.4066666666666667 0.33166666666666667 0.03 0.06333333333333334
0 0.425 0.335 0.023333333333333334 0.056666666666666664
0 0.44166666666666665 0.3425 0.02666666666666667 0.058333333333333334
0 0.7333333333333333 0.3925 0.03 0.06833333333333333
0 0.43 0.4008333333333333 0.02 0.065
0 0.7066666666666667 0.41583333333333333 0.02666666666666667 0.075
0 0.7241666666666666 0.42833333333333334 0.018333333333333333 0.08333333333333333
0 0.6983333333333334 0.44916666666666666 0.023333333333333334 0.06833333333333333
