0 0.25583333333333336 0.465 0.028333333333333332 0.06333333333333334
0 0.4666666666666667 0.4658333333333333 0.03 0.03166666666666667
0 0.4083333333333333 0.47 0.03 0.02666666666666667
0 0.5016666666666667 0.4725 0.03666666666666667 0.03166666666666667
0 0.5541666666666667 0.4716666666666667 0.03833333333333333 0.03333333333333333
0 0.3625 0.47583333333333333 0.03166666666666667 0.03833333333333333
0 0.38083333333333336 0.47833333333333333 0.028333333333333332 0.03333333333333333
0 0.43083333333333335 0.4841666666666667 0.035 0.025
0 0.25583333333333336 0.49583333333333335 0.021666666666666667 0.051666666666666666
0 0.27 0.49666666666666665 0.016666666666666666 0.06
0 0.4708333333333333 0.49166666666666664 0.035 0.02666666666666667
0 0.23583333333333334 0.5083333333333333 0.021666666666666667 0.05333333333333334
0 0.38083333333333336 0.5041666666666667 0.03833333333333333 0.035
0 0.49 0.5041666666666667 0.03 0.021666666666666667
0 0.525 0.5133333333333333 0.04 0.04
0 0.3466666666666667 0.5133333333333333 0.03666666666666667 0.03666666666666667
0 0.5375 0.5266666666666666 0.041666666666666664 0.03666666666666667
0 0.25333333333333335 0.5375 0.023333333333333334 0.055
0 0.49166666666666664 0.545 0.02666666666666667 0.06666666666666667
0 0.3641666666666667 0.5475 0.028333333333333332 0.055
0 0.3375 0.5566666666666666 0.035 0.056666666666666664
0 0.5283333333333333 0.5666666666666667 0.016666666666666666 0.05333333333333334
0 0.49833333333333335 0.5741666666666667 0.03 0.06833333333333333
0 0.3408333333333333 0.5841666666666666 0.021666666666666667 0.065
0 0.2891666666666667 0.5875 0.015 0.04833333333333333
0 0.5116666666666667 0.5975 0.02 0.06166666666666667
0 0.3225 0.6083333333333333 0.015 0.056666666666666664
0 0.49416666666666664 0.6158333333333333 0.025 0.06833333333333333
0 0.5266666666666666 0.6141666666666666 0.016666666666666666 0.07166666666666667
0 0.5133333333333333 0.645 0.016666666666666666 0.06333333333333334
0 0.3308333333333333 0.6525 0.018333333333333333 0.06166666666666667
0 0.47 0.6583333333333333 0.02666666666666667 0.06333333333333334
0 0.49166666666666664 0.6675 0.016666666666666666 0.055
0 0.345 0.665 0.023333333333333334 0.07333333333333333
0 0.55 0.67 0.016666666666666666 0.07333333333333333
0 0.525 0.6733333333333333 0.013333333333333334 0.04666666666666667
0 0.32 0.6816666666666666 0.016666666666666666 0.07
0 0.5041666666666667 0.6941666666666667 0.015 0.058333333333333334
0 0.47583333333333333 0.6933333333333334 0.018333333333333333 0.06666666666666667
0 0.5583333333333333 0.7083333333333334 0.016666666666666666 0.056666666666666664
0 0.46 0.7083333333333334 0.02 0.04666666666666667
0 0.5383333333333333 0.7191666666666666 0.016666666666666666 0.075
0 0.575 0.7208333333333333 0.016666666666666666 0.075
0 0.5216666666666666 0.7425 0.016666666666666666 0.085
0 0.5508333333333333 0.7491666666666666 0.015 0.06166666666666667
0 0.5633333333333334 0.7791666666666667 0.016666666666666666 0.06166666666666667
0 0.58 0.7791666666666667 0.016666666666666666 0.065
0 0.5366666666666666 0.7775 0.016666666666666666 0.058333333333333334
0 0.5483333333333333 0.8091666666666667 0.016666666666666666 0.058333333333333334
0 0.56 0.8291666666666667 0.013333333333333334 0.055
0 0.105 0.9266666666666666 0.043333333333333335 0.02666666666666667
0 0.0575 0.9675 0.03166666666666667 0.065
0 0.15333333333333332 0.9891666666666666 0.03666666666666667 0.021666666666666667
0 0.49166666666666664 0.1625 0.02666666666666667 0.055
0 0.4925 0.19083333333333333 0.011666666666666667 0.03166666666666667
0 0.5091666666666667 0.20166666666666666 0.03833333333333333 0.05333333333333334
0 0.4725 0.2275 0.028333333333333332 0.041666666666666664
0 0.615 0.2275 0.02666666666666667 0.03166666666666667
0 0.5816666666666667 0.23666666666666666 0.023333333333333334 0.023333333333333334
0 0.6358333333333334 0.24666666666666667 0.03166666666666667 0.04666666666666667
0 0.4775 0.24833333333333332 0.021666666666666667 0.05333333333333334
0 0.44916666666666666 0.25333333333333335 0.035 0.03
0 0.5983333333333334 0.25666666666666665 0.02666666666666667 0.03333333333333333
0 0.5641666666666667 0.26416666666666666 0.03833333333333333 0.028333333333333332
0 0.6075 0.2675 0.028333333333333332 0.045
0 0.6383333333333333 0.27666666666666667 0.016666666666666666 0.06
0 0.5508333333333333 0.285 0.041666666666666664 0.02666666666666667
0 0.49833333333333335 0.28583333333333333 0.02666666666666667 0.03166666666666667
0 0.44666666666666666 0.2891666666666667 0.03666666666666667 0.03833333333333333
0 0.5291666666666667 0.29333333333333333 0.03833333333333333 0.03333333333333333
0 0.4716666666666667 0.2941666666666667 0.023333333333333334 0.028333333333333332
0 0.6058333333333333 0.29583333333333334 0.03166666666666667 0.045
0 0.62 0.2975 0.023333333333333334 0.055
0 0.5783333333333334 0.29583333333333334 0.03333333333333333 0.028333333333333332
0 0.4141666666666667 0.30583333333333335 0.028333333333333332 0.025
0 0.4925 0.3075 0.03166666666666667 0.03166666666666667
0 0.5225 0.3125 0.028333333333333332 0.021666666666666667
0 0.435 0.31666666666666665 0.04 0.023333333333333334
0 0.535 0.3233333333333333 0.03666666666666667 0.03333333333333333
0 0.4608333333333333 0.3233333333333333 0.03166666666666667 0.02666666666666667
0 0.5666666666666667 0.335 0.04 0.03
0 0.48833333333333334 0.3333333333333333 0.04 0.02666666666666667
0 0.5875 0.3408333333333333 0.028333333333333332 0.03166666666666667
0 0.42333333333333334 0.3416666666666667 0.043333333333333335 0.03
0 0.48 0.36583333333333334 0.04 0.035
0 0.555 0.37 0.04 0.03333333333333333
0 0.0725 0.4025 0.035 0.075
0 0.2841666666666667 0.41 0.03166666666666667 0.06666666666666667
0 0.5241666666666667 0.415 0.035 0.043333333333333335
0 0.5466666666666666 0.4225 0.03666666666666667 0.028333333333333332
0 0.5816666666666667 0.4241666666666667 0.03666666666666667 0.035
0 0.44083333333333335 0.43666666666666665 0.03166666666666667 0.03333333333333333
0 0.45916666666666667 0.4325 0.025 0.041666666666666664
0 0.40166666666666667 0.44 0.04 0.02666666666666667
0 0.47833333333333333 0.445 0.02 0.05
0 0.49666666666666665 0.4425 0.03 0.028333333333333332
0 0.04583333333333333 0.4483333333333333 0.025 0.06
0 0.525 0.45166666666666666 0.04 0.03333333333333333
0 0.555 0.4533333333333333 0.03666666666666667 0.02666666666666667
0 0.43166666666666664 0.45666666666666667 0.04 0.03
0 0.3616666666666667 0.4575 0.03666666666666667 0.03166666666666667
0 0.2825 0.45916666666666667 0.021666666666666667 0.06833333333333333
