0 0.8091666666666667 0.5333333333333333 0.018333333333333333 0.07333333333333333
0 0.5075 0.5158333333333334 0.025 0.06833333333333333
0 0.7983333333333333 0.49583333333333335 0.02 0.07166666666666667
0 0.7583333333333333 0.41083333333333333 0.016666666666666666 0.055
0 0.74 0.4083333333333333 0.02666666666666667 0.043333333333333335
0 0.6933333333333334 0.39916666666666667 0.023333333333333334 0.045
0 0.7225 0.3975 0.025 0.055
0 0.7108333333333333 0.38083333333333336 0.018333333333333333 0.06833333333333333
0 0.8666666666666667 0.9991666666666666 0.0033333333333333335 0.0016666666666666668
0 0.7416666666666667 0.37333333333333335 0.023333333333333334 0.056666666666666664
0 0.6658333333333334 0.36333333333333334 0.025 0.05
0 0.6858333333333333 0.35333333333333333 0.018333333333333333 0.06666666666666667
0 0.7341666666666666 0.3333333333333333 0.028333333333333332 0.03666666666666667
0 0.6858333333333333 0.2966666666666667 0.025 0.056666666666666664
0 0.685 0.2625 0.02 0.055
0 0.7025 0.22666666666666666 0.018333333333333333 0.07666666666666666
0 0.6791666666666667 0.22166666666666668 0.025 0.06333333333333334
0 0.4083333333333333 0.2175 0.02 0.055
0 0.4191666666666667 0.2075 0.015 0.06166666666666667
0 0.44 0.20083333333333334 0.016666666666666666 0.065
0 0.6975 0.19416666666666665 0.018333333333333333 0.065
0 0.4025 0.17083333333333334 0.025 0.075
0 0.6833333333333333 0.16416666666666666 0.02666666666666667 0.058333333333333334
0 0.7825 0.16666666666666666 0.035 0.06333333333333334
0 0.41583333333333333 0.16 0.025 0.05333333333333334
0 0.7016666666666667 0.15083333333333335 0.016666666666666666 0.035
0 0.43333333333333335 0.12833333333333333 0.016666666666666666 0.06333333333333334
0 0.6908333333333333 0.11666666666666667 0.018333333333333333 0.03666666666666667
0 0.4483333333333333 0.11583333333333333 0.023333333333333334 0.04833333333333333
0 0.4166666666666667 0.105 0.02 0.06
0 0.7041666666666667 0.10416666666666667 0.021666666666666667 0.06833333333333333
0 0.43416666666666665 0.08916666666666667 0.028333333333333332 0.058333333333333334
0 0.455 0.07 0.02666666666666667 0.05
0 0.32666666666666666 0.915 0.016666666666666666 0.06
0 0.43583333333333335 0.0475 0.021666666666666667 0.051666666666666666
0 0.4675 0.023333333333333334 0.03166666666666667 0.04666666666666667
0 0.43416666666666665 0.011666666666666667 0.018333333333333333 0.023333333333333334
0 0.4775 0.014166666666666666 0.015 0.028333333333333332
0 0.45166666666666666 0.01 0.02 0.02
0 0.3566666666666667 0.9066666666666666 0.02 0.04666666666666667
0 0.37166666666666665 0.9925 0.01 0.015
0 0.29 0.8883333333333333 0.02 0.056666666666666664
0 0.3675 0.885 0.018333333333333333 0.04666666666666667
0 0.26916666666666667 0.8616666666666667 0.021666666666666667 0.07333333333333333
0 0.3516666666666667 0.8525 0.016666666666666666 0.065
0 0.3641666666666667 0.8433333333333334 0.021666666666666667 0.06333333333333334
0 0.8675 0.9875 0.018333333333333333 0.025
0 0.3383333333333333 0.8375 0.013333333333333334 0.055
0 0.31 0.9858333333333333 0.013333333333333334 0.028333333333333332
0 0.32083333333333336 0.8116666666666666 0.021666666666666667 0.05
0 0.3275 0.7883333333333333 0.018333333333333333 0.05
0 0.3433333333333333 0.7891666666666667 0.02 0.06166666666666667
0 0.2625 0.7616666666666667 0.018333333333333333 0.07333333333333333
0 0.31083333333333335 0.7558333333333334 0.015 0.065
0 0.32083333333333336 0.7358333333333333 0.021666666666666667 0.06166666666666667
0 0.2425 0.725 0.011666666666666667 0.06333333333333334
0 0.255 0.725 0.016666666666666666 0.07666666666666666
0 0.2891666666666667 0.7158333333333333 0.021666666666666667 0.041666666666666664
0 0.7483333333333333 0.7166666666666667 0.02666666666666667 0.07
0 0.30583333333333335 0.7008333333333333 0.011666666666666667 0.041666666666666664
0 0.2658333333333333 0.6966666666666667 0.025 0.043333333333333335
0 0.28583333333333333 0.6858333333333333 0.028333333333333332 0.035
0 0.37833333333333335 0.9758333333333333 0.02666666666666667 0.04833333333333333
0 0.26416666666666666 0.6558333333333334 0.025 0.055
0 0.2891666666666667 0.6566666666666666 0.03166666666666667 0.06
0 0.24583333333333332 0.6375 0.021666666666666667 0.07166666666666667
0 0.22583333333333333 0.6283333333333333 0.021666666666666667 0.04666666666666667
0 0.8008333333333333 0.605 0.021666666666666667 0.05333333333333334
0 0.3475 0.5908333333333333 0.018333333333333333 0.06833333333333333
0 0.425 0.5741666666666667 0.023333333333333334 0.075
0 0.4116666666666667 0.5641666666666667 0.016666666666666666 0.045
0 0.7933333333333333 0.5575 0.016666666666666666 0.04833333333333333
0 0.3933333333333333 0.555 0.02 0.043333333333333335
