0 0.4125 0.7766666666666666 0.025 0.06333333333333334
0 0.4225 0.735 0.021666666666666667 0.06333333333333334
0 0.4066666666666667 0.72 0.02 0.056666666666666664
0 0.39 0.695 0.016666666666666666 0.03666666666666667
0 0.43583333333333335 0.7 0.018333333333333333 0.05
0 0.42083333333333334 0.6825 0.025 0.03833333333333333
0 0.3825 0.6833333333333333 0.015 0.05333333333333334
0 0.39916666666666667 0.6558333333333334 0.015 0.055
0 0.4125 0.6483333333333333 0.015 0.06333333333333334
0 0.4608333333333333 0.6425 0.015 0.041666666666666664
0 0.44916666666666666 0.6458333333333334 0.018333333333333333 0.051666666666666666
0 0.44666666666666666 0.6133333333333333 0.016666666666666666 0.06
0 0.43 0.6 0.02666666666666667 0.04666666666666667
0 0.47 0.6 0.02666666666666667 0.043333333333333335
0 0.4191666666666667 0.5841666666666666 0.028333333333333332 0.058333333333333334
0 0.4508333333333333 0.5533333333333333 0.018333333333333333 0.04666666666666667
0 0.4041666666666667 0.5475 0.025 0.06166666666666667
0 0.46416666666666667 0.5408333333333334 0.018333333333333333 0.04833333333333333
