0 0.9941666666666666 0.49416666666666664 0.0016666666666666668 0.0016666666666666668
0 0.555 0.47583333333333333 0.023333333333333334 0.04833333333333333
0 0.9866666666666667 0.4925 0.02 0.06166666666666667
0 0.4583333333333333 0.49333333333333335 0.023333333333333334 0.07
0 0.6325 0.49583333333333335 0.025 0.06833333333333333
0 0.4025 0.03916666666666667 0.025 0.07833333333333334
0 0.995 0.5316666666666666 0.01 0.04
0 0.30416666666666664 0.5316666666666666 0.041666666666666664 0.04
0 0.995 0.5408333333333334 0.01 0.055
0 0.9825 0.5483333333333333 0.025 0.056666666666666664
0 0.2941666666666667 0.5566666666666666 0.025 0.04
0 0.2791666666666667 0.5591666666666667 0.028333333333333332 0.045
0 0.9466666666666667 0.5675 0.03 0.06833333333333333
0 0.325 0.5758333333333333 0.04 0.04833333333333333
0 0.9433333333333334 0.5875 0.03333333333333333 0.058333333333333334
0 0.29833333333333334 0.5916666666666667 0.03666666666666667 0.03
0 0.9775 0.595 0.021666666666666667 0.043333333333333335
0 0.6275 0.5933333333333334 0.021666666666666667 0.06666666666666667
0 0.3358333333333333 0.6291666666666667 0.03833333333333333 0.055
0 0.945 0.6525 0.03 0.06166666666666667
0 0.9433333333333334 0.6591666666666667 0.03333333333333333 0.06833333333333333
0 0.955 0.6891666666666667 0.02 0.051666666666666666
0 0.9433333333333334 0.7141666666666666 0.04 0.07166666666666667
0 0.45 0.7733333333333333 0.03333333333333333 0.05333333333333334
0 0.4791666666666667 0.79 0.028333333333333332 0.04
0 0.45666666666666667 0.8508333333333333 0.023333333333333334 0.051666666666666666
0 0.4675 0.8541666666666666 0.018333333333333333 0.06833333333333333
0 0.45166666666666666 0.92 0.02666666666666667 0.07666666666666666
0 0.30416666666666664 0.185 0.03833333333333333 0.03
0 0.31583333333333335 0.21416666666666667 0.045 0.035
0 0.6116666666666667 0.215 0.043333333333333335 0.03
0 0.64 0.215 0.016666666666666666 0.056666666666666664
0 0.57 0.22583333333333333 0.02 0.065
0 0.2816666666666667 0.2475 0.03 0.04833333333333333
0 0.6075 0.255 0.035 0.03333333333333333
0 0.29333333333333333 0.2633333333333333 0.03666666666666667 0.06333333333333334
0 0.6525 0.2683333333333333 0.018333333333333333 0.06666666666666667
0 0.6383333333333333 0.2725 0.016666666666666666 0.065
0 0.5425 0.2841666666666667 0.028333333333333332 0.045
0 0.6075 0.28583333333333333 0.025 0.051666666666666666
0 0.57 0.285 0.03666666666666667 0.05
0 0.6583333333333333 0.29083333333333333 0.02 0.07166666666666667
0 0.6275 0.29583333333333334 0.021666666666666667 0.06833333333333333
0 0.5758333333333333 0.32166666666666666 0.028333333333333332 0.03666666666666667
0 0.5616666666666666 0.325 0.03333333333333333 0.04
0 0.6358333333333334 0.3258333333333333 0.028333333333333332 0.045
0 0.6033333333333334 0.33416666666666667 0.02666666666666667 0.028333333333333332
0 0.3308333333333333 0.3383333333333333 0.041666666666666664 0.03
0 0.9925 0.3408333333333333 0.015 0.03833333333333333
0 0.5558333333333333 0.3491666666666667 0.028333333333333332 0.045
0 0.9916666666666667 0.35333333333333333 0.016666666666666666 0.04
0 0.5941666666666666 0.37 0.025 0.06
0 0.5591666666666667 0.37 0.028333333333333332 0.03
0 0.6166666666666667 0.36916666666666664 0.016666666666666666 0.03833333333333333
0 0.5816666666666667 0.375 0.023333333333333334 0.05333333333333334
0 0.5458333333333333 0.39 0.028333333333333332 0.023333333333333334
0 0.6225 0.39166666666666666 0.018333333333333333 0.05333333333333334
0 0.965 0.4008333333333333 0.023333333333333334 0.07833333333333334
0 0.9908333333333333 0.4058333333333333 0.018333333333333333 0.06833333333333333
0 0.5983333333333334 0.4025 0.013333333333333334 0.03166666666666667
0 0.5675 0.4041666666666667 0.025 0.03166666666666667
0 0.57 0.42583333333333334 0.02666666666666667 0.045
0 0.6133333333333333 0.445 0.016666666666666666 0.06666666666666667
0 0.5933333333333334 0.45166666666666666 0.02 0.07333333333333333
0 0.5733333333333334 0.4583333333333333 0.02 0.06
