0 0.6183333333333333 0.5183333333333333 0.016666666666666666 0.06666666666666667
0 0.6008333333333333 0.51 0.028333333333333332 0.043333333333333335
0 0.5 0.5075 0.02666666666666667 0.025
0 0.5433333333333333 0.5058333333333334 0.03 0.028333333333333332
0 0.5758333333333333 0.5058333333333334 0.028333333333333332 0.025
0 0.5541666666666667 0.49 0.03166666666666667 0.02666666666666667
0 0.6175 0.48333333333333334 0.028333333333333332 0.04666666666666667
0 0.5975 0.48083333333333333 0.028333333333333332 0.03166666666666667
0 0.5708333333333333 0.48 0.028333333333333332 0.03
0 0.6158333333333333 0.4525 0.03166666666666667 0.035
0 0.5825 0.44083333333333335 0.03166666666666667 0.041666666666666664
0 0.61 0.42833333333333334 0.03 0.02666666666666667
0 0.6125 0.41 0.035 0.03333333333333333
0 0.58 0.41083333333333333 0.02666666666666667 0.03166666666666667
0 0.5758333333333333 0.3858333333333333 0.028333333333333332 0.028333333333333332
0 0.5941666666666666 0.375 0.021666666666666667 0.05
0 0.56 0.3516666666666667 0.03333333333333333 0.04
0 0.5725 0.3433333333333333 0.025 0.04666666666666667
0 0.5458333333333333 0.30833333333333335 0.028333333333333332 0.02666666666666667
0 0.5658333333333333 0.30916666666666665 0.025 0.035
0 0.5308333333333334 0.28 0.03166666666666667 0.03
0 0.5566666666666666 0.275 0.03666666666666667 0.03
0 0.49666666666666665 0.2575 0.03333333333333333 0.025
0 0.5291666666666667 0.25083333333333335 0.028333333333333332 0.028333333333333332
0 0.5491666666666667 0.235 0.035 0.05333333333333334
0 0.515 0.22916666666666666 0.03 0.03166666666666667
0 0.505 0.20666666666666667 0.03 0.02666666666666667
0 0.6333333333333333 0.8116666666666666 0.02666666666666667 0.06666666666666667
0 0.6033333333333334 0.7058333333333333 0.02666666666666667 0.065
0 0.5783333333333334 0.6675 0.023333333333333334 0.051666666666666666
0 0.5366666666666666 0.66 0.03666666666666667 0.043333333333333335
0 0.5475 0.6525 0.03833333333333333 0.045
0 0.61 0.6391666666666667 0.01 0.055
0 0.5483333333333333 0.6416666666666667 0.03666666666666667 0.03
0 0.6025 0.6283333333333333 0.015 0.07333333333333333
0 0.5841666666666666 0.6175 0.021666666666666667 0.06833333333333333
0 0.5366666666666666 0.6141666666666666 0.03 0.028333333333333332
0 0.5625 0.6033333333333334 0.025 0.04666666666666667
0 0.5083333333333333 0.6066666666666667 0.03333333333333333 0.03
0 0.5266666666666666 0.5941666666666666 0.02666666666666667 0.021666666666666667
0 0.5975 0.5883333333333334 0.015 0.05333333333333334
0 0.5733333333333334 0.5816666666666667 0.016666666666666666 0.043333333333333335
0 0.5216666666666666 0.5766666666666667 0.03 0.03333333333333333
0 0.5433333333333333 0.5733333333333334 0.03 0.02666666666666667
0 0.5066666666666667 0.5625 0.02666666666666667 0.035
0 0.6025 0.555 0.015 0.06666666666666667
0 0.5683333333333334 0.555 0.02666666666666667 0.04
0 0.5775 0.5458333333333333 0.028333333333333332 0.04833333333333333
0 0.5391666666666667 0.5475 0.028333333333333332 0.025
0 0.5091666666666667 0.54 0.03166666666666667 0.02666666666666667
0 0.4875 0.5408333333333334 0.021666666666666667 0.021666666666666667
0 0.5266666666666666 0.5241666666666667 0.03666666666666667 0.028333333333333332
0 0.5916666666666667 0.5225 0.02666666666666667 0.025
