0 0.4033333333333333 0.5325 0.03 0.07833333333333334
0 0.42 0.5133333333333333 0.02 0.08666666666666667
0 0.43666666666666665 0.5025 0.03 0.07833333333333334
0 0.38083333333333336 0.4841666666666667 0.021666666666666667 0.08833333333333333
0 0.41333333333333333 0.4766666666666667 0.02 0.06
0 0.18416666666666667 0.46166666666666667 0.041666666666666664 0.03
0 0.3433333333333333 0.465 0.04666666666666667 0.043333333333333335
0 0.22416666666666665 0.4608333333333333 0.03833333333333333 0.04833333333333333
0 0.17083333333333334 0.45 0.03166666666666667 0.043333333333333335
0 0.44166666666666665 0.44333333333333336 0.023333333333333334 0.06
0 0.21 0.43166666666666664 0.03666666666666667 0.03666666666666667
0 0.6016666666666667 0.38916666666666666 0.02666666666666667 0.058333333333333334
0 0.705 0.37583333333333335 0.02 0.085
0 0.7358333333333333 0.3641666666666667 0.03833333333333333 0.035
0 0.7258333333333333 0.32916666666666666 0.021666666666666667 0.055
0 0.7766666666666666 0.3258333333333333 0.04 0.055
0 0.7033333333333334 0.3125 0.02666666666666667 0.065
0 0.7483333333333333 0.31583333333333335 0.023333333333333334 0.065
0 0.7716666666666666 0.30416666666666664 0.03333333333333333 0.055
0 0.7258333333333333 0.29083333333333333 0.018333333333333333 0.04833333333333333
0 0.7391666666666666 0.2841666666666667 0.018333333333333333 0.06833333333333333
0 0.7641666666666667 0.25083333333333335 0.015 0.06833333333333333
0 0.7816666666666666 0.24333333333333335 0.02666666666666667 0.08
0 0.7516666666666667 0.2825 0.0033333333333333335 0.0016666666666666668
0 0.09416666666666666 0.215 0.041666666666666664 0.04
0 0.7775 0.19333333333333333 0.025 0.06666666666666667
0 0.14166666666666666 0.19583333333333333 0.03666666666666667 0.035
0 0.47833333333333333 0.82 0.02 0.08
0 0.49666666666666665 0.7808333333333334 0.02 0.058333333333333334
0 0.37833333333333335 0.7466666666666667 0.04666666666666667 0.03
0 0.49333333333333335 0.7375 0.02 0.06166666666666667
0 0.3625 0.715 0.041666666666666664 0.03333333333333333
0 0.3433333333333333 0.685 0.04666666666666667 0.03
0 0.3325 0.645 0.03166666666666667 0.05333333333333334
0 0.39 0.5458333333333333 0.02666666666666667 0.075
