0 0.47333333333333333 0.5066666666666667 0.016666666666666666 0.06
0 0.4925 0.006666666666666667 0.03166666666666667 0.013333333333333334
0 0.1825 0.755 0.041666666666666664 0.03666666666666667
0 0.4141666666666667 0.7225 0.025 0.025
0 0.2025 0.72 0.035 0.03
0 0.36 0.7108333333333333 0.03666666666666667 0.03833333333333333
0 0.4425 0.7066666666666667 0.035 0.03333333333333333
0 0.4266666666666667 0.6933333333333334 0.04 0.03333333333333333
0 0.41333333333333333 0.6841666666666667 0.04 0.035
0 0.35833333333333334 0.6816666666666666 0.043333333333333335 0.023333333333333334
0 0.4558333333333333 0.6708333333333333 0.018333333333333333 0.055
0 0.3491666666666667 0.665 0.035 0.04666666666666667
0 0.42916666666666664 0.66 0.03833333333333333 0.03
0 0.40166666666666667 0.6608333333333334 0.02666666666666667 0.045
0 0.4683333333333333 0.6541666666666667 0.016666666666666666 0.06833333333333333
0 0.38166666666666665 0.6575 0.04 0.03833333333333333
0 0.3425 0.6425 0.035 0.03833333333333333
0 0.44 0.6333333333333333 0.02666666666666667 0.05
0 0.44583333333333336 0.6041666666666666 0.028333333333333332 0.041666666666666664
0 0.4225 0.5883333333333334 0.03833333333333333 0.05
0 0.46416666666666667 0.5591666666666667 0.035 0.035
0 0.445 0.5283333333333333 0.016666666666666666 0.07
