0 0.5425 0.4875 0.021666666666666667 0.045
0 0.5683333333333334 0.48833333333333334 0.03 0.03
0 0.5991666666666666 0.5 0.03166666666666667 0.03
0 0.57 0.51 0.03666666666666667 0.02666666666666667
0 0.5533333333333333 0.5233333333333333 0.03333333333333333 0.03333333333333333
0 0.6191666666666666 0.5233333333333333 0.018333333333333333 0.06666666666666667
0 0.5891666666666666 0.5291666666666667 0.035 0.028333333333333332
0 0.5875 0.565 0.03833333333333333 0.04
0 0.5683333333333334 0.5741666666666667 0.03333333333333333 0.028333333333333332
0 0.6891666666666667 0.58 0.03833333333333333 0.03333333333333333
0 0.605 0.5966666666666667 0.03666666666666667 0.05333333333333334
0 0.58 0.6016666666666667 0.03333333333333333 0.02666666666666667
0 0.6808333333333333 0.6016666666666667 0.041666666666666664 0.03333333333333333
0 0.5083333333333333 0.6075 0.04 0.035
0 0.72 0.6283333333333333 0.04 0.05
0 0.6058333333333333 0.6308333333333334 0.03833333333333333 0.03166666666666667
0 0.6466666666666666 0.6408333333333334 0.043333333333333335 0.03166666666666667
0 0.059166666666666666 0.6525 0.04833333333333333 0.045
0 0.23166666666666666 0.6541666666666667 0.013333333333333334 0.011666666666666667
0 0.5175 0.6583333333333333 0.03833333333333333 0.03666666666666667
0 0.6525 0.6583333333333333 0.028333333333333332 0.023333333333333334
0 0.5908333333333333 0.6608333333333334 0.03833333333333333 0.035
0 0.6716666666666666 0.6658333333333334 0.02666666666666667 0.018333333333333333
0 0.06833333333333333 0.6683333333333333 0.03333333333333333 0.016666666666666666
0 0.6533333333333333 0.6858333333333333 0.04 0.028333333333333332
0 0.17 0.6866666666666666 0.03666666666666667 0.04
0 0.5708333333333333 0.6875 0.03166666666666667 0.041666666666666664
0 0.5058333333333334 0.69 0.03833333333333333 0.03666666666666667
0 0.605 0.6891666666666667 0.03666666666666667 0.028333333333333332
0 0.6333333333333333 0.7141666666666666 0.03666666666666667 0.03166666666666667
0 0.14583333333333334 0.7225 0.045 0.03833333333333333
0 0.52 0.7216666666666667 0.04 0.03
0 0.48 0.7258333333333333 0.043333333333333335 0.045
0 0.6125 0.7308333333333333 0.03833333333333333 0.04833333333333333
0 0.5775 0.7366666666666667 0.03833333333333333 0.03
0 0.4975 0.74 0.041666666666666664 0.03
0 0.5091666666666667 0.7566666666666667 0.03833333333333333 0.03666666666666667
0 0.6525 0.7566666666666667 0.03833333333333333 0.05333333333333334
0 0.5366666666666666 0.7666666666666667 0.043333333333333335 0.04
0 0.48833333333333334 0.805 0.03666666666666667 0.03
0 0.5325 0.8166666666666667 0.03166666666666667 0.07
0 0.4875 0.8316666666666667 0.035 0.03
0 0.5683333333333334 0.08333333333333333 0.023333333333333334 0.03
0 0.34833333333333333 0.9283333333333333 0.03666666666666667 0.06
0 0.03916666666666667 0.9708333333333333 0.03166666666666667 0.035
0 0.5841666666666666 0.11583333333333333 0.028333333333333332 0.051666666666666666
0 0.6058333333333333 0.11916666666666667 0.025 0.041666666666666664
0 0.5741666666666667 0.12666666666666668 0.025 0.03333333333333333
0 0.3883333333333333 0.14333333333333334 0.04 0.03
0 0.6466666666666666 0.14583333333333334 0.04666666666666667 0.03166666666666667
0 0.62 0.15333333333333332 0.03 0.02666666666666667
0 0.5991666666666666 0.15333333333333332 0.021666666666666667 0.023333333333333334
0 0.58 0.155 0.03 0.04
0 0.36916666666666664 0.16083333333333333 0.03166666666666667 0.021666666666666667
0 0.43166666666666664 0.1675 0.05 0.03833333333333333
0 0.5641666666666667 0.17 0.035 0.03
0 0.6333333333333333 0.17583333333333334 0.016666666666666666 0.03166666666666667
0 0.6158333333333333 0.17916666666666667 0.035 0.03166666666666667
0 0.5833333333333334 0.19666666666666666 0.03666666666666667 0.03333333333333333
0 0.6091666666666666 0.205 0.03833333333333333 0.03666666666666667
0 0.6333333333333333 0.22333333333333333 0.03666666666666667 0.04
0 0.20083333333333334 0.2608333333333333 0.03166666666666667 0.028333333333333332
0 0.22333333333333333 0.265 0.04666666666666667 0.043333333333333335
0 0.5425 0.38666666666666666 0.018333333333333333 0.06
0 0.5458333333333333 0.4375 0.025 0.06166666666666667
0 0.5808333333333333 0.44583333333333336 0.021666666666666667 0.06833333333333333
0 0.575 0.4475 0.03333333333333333 0.07166666666666667
0 0.5966666666666667 0.45416666666666666 0.016666666666666666 0.06166666666666667
0 0.5675 0.4633333333333333 0.021666666666666667 0.04
