0 0.82 0.45 0.023333333333333334 0.08
0 0.4225 0.5275 0.041666666666666664 0.04833333333333333
0 0.3908333333333333 0.5533333333333333 0.041666666666666664 0.056666666666666664
0 0.44916666666666666 0.6558333333333334 0.04833333333333333 0.041666666666666664
0 0.385 0.6883333333333334 0.03666666666666667 0.06666666666666667
0 0.2925 0.7141666666666666 0.03833333333333333 0.07166666666666667
0 0.395 0.7858333333333334 0.04 0.065
0 0.13916666666666666 0.79 0.03166666666666667 0.08
0 0.7941666666666667 0.9283333333333333 0.025 0.09333333333333334
0 0.09666666666666666 0.9308333333333333 0.04 0.065
0 0.04833333333333333 0.9441666666666667 0.03 0.09166666666666666
0 0.3275 0.9566666666666667 0.045 0.05
0 0.155 0.97 0.05 0.06
0 0.87 0.2783333333333333 0.03666666666666667 0.05333333333333334
0 0.5858333333333333 0.37166666666666665 0.021666666666666667 0.08
0 0.705 0.39416666666666667 0.023333333333333334 0.07833333333333334
0 0.6641666666666667 0.4225 0.025 0.07166666666666667
