0 0.2991666666666667 0.43083333333333335 0.028333333333333332 0.075
0 0.22166666666666668 0.37416666666666665 0.03333333333333333 0.051666666666666666
0 0.32 0.365 0.02 0.08666666666666667
0 0.24416666666666667 0.3725 0.03166666666666667 0.058333333333333334
0 0.2891666666666667 0.35333333333333333 0.028333333333333332 0.08
0 0.595 0.335 0.03666666666666667 0.04666666666666667
0 0.645 0.30916666666666665 0.03666666666666667 0.03166666666666667
0 0.6258333333333334 0.2808333333333333 0.028333333333333332 0.058333333333333334
0 0.39 0.2725 0.023333333333333334 0.06833333333333333
0 0.41083333333333333 0.26666666666666666 0.028333333333333332 0.05
0 0.31416666666666665 0.2675 0.045 0.04833333333333333
0 0.43 0.2608333333333333 0.016666666666666666 0.03833333333333333
0 0.4483333333333333 0.24916666666666668 0.02666666666666667 0.058333333333333334
0 0.415 0.2275 0.02666666666666667 0.045
0 0.3908333333333333 0.21916666666666668 0.025 0.051666666666666666
0 0.435 0.215 0.02 0.05333333333333334
0 0.4508333333333333 0.2125 0.028333333333333332 0.04833333333333333
0 0.37333333333333335 0.20333333333333334 0.023333333333333334 0.04
0 0.54 0.20166666666666666 0.03 0.056666666666666664
0 0.4166666666666667 0.20333333333333334 0.03 0.03666666666666667
0 0.39166666666666666 0.19416666666666665 0.02666666666666667 0.03166666666666667
0 0.4825 0.19333333333333333 0.021666666666666667 0.043333333333333335
0 0.525 0.18166666666666667 0.03333333333333333 0.043333333333333335
0 0.4575 0.1775 0.028333333333333332 0.041666666666666664
0 0.44 0.17416666666666666 0.02 0.035
0 0.475 0.175 0.02 0.05333333333333334
0 0.5175 0.17916666666666667 0.04833333333333333 0.045
0 0.4241666666666667 0.17 0.03833333333333333 0.04
0 0.49916666666666665 0.155 0.03166666666666667 0.03
0 0.5683333333333334 0.14083333333333334 0.023333333333333334 0.085
0 0.4658333333333333 0.13666666666666666 0.03166666666666667 0.04
0 0.5366666666666666 0.13 0.03333333333333333 0.03666666666666667
0 0.49583333333333335 0.13166666666666665 0.041666666666666664 0.03
0 0.5633333333333334 0.12833333333333333 0.03333333333333333 0.06
0 0.5858333333333333 0.1175 0.021666666666666667 0.055
0 0.6008333333333333 0.10833333333333334 0.018333333333333333 0.05333333333333334
0 0.6058333333333333 0.05 0.011666666666666667 0.06
0 0.5958333333333333 0.04833333333333333 0.018333333333333333 0.07333333333333333
0 0.6183333333333333 0.03916666666666667 0.016666666666666666 0.07833333333333334
0 0.5633333333333334 0.020833333333333332 0.03333333333333333 0.041666666666666664
0 0.5516666666666666 0.8475 0.016666666666666666 0.085
0 0.7116666666666667 0.7608333333333334 0.03333333333333333 0.03166666666666667
0 0.685 0.7558333333333334 0.023333333333333334 0.021666666666666667
0 0.66 0.7308333333333333 0.05 0.03833333333333333
0 0.6966666666666667 0.7316666666666667 0.02666666666666667 0.03
0 0.675 0.7083333333333334 0.04666666666666667 0.03
0 0.5033333333333333 0.6791666666666667 0.03333333333333333 0.06833333333333333
0 0.40166666666666667 0.6083333333333333 0.043333333333333335 0.043333333333333335
