0 0.555 0.5091666666666667 0.03666666666666667 0.12166666666666667
0 0.6608333333333334 0.415 0.06166666666666667 0.09666666666666666
0 0.4175 0.4058333333333333 0.028333333333333332 0.105
0 0.495 0.39 0.043333333333333335 0.09
0 0.5583333333333333 0.3925 0.03 0.11166666666666666
0 0.9825 0.31833333333333336 0.035 0.09333333333333334
0 0.1575 0.9516666666666667 0.028333333333333332 0.09666666666666666
0 0.5291666666666667 0.9358333333333333 0.04833333333333333 0.12833333333333333
0 0.4675 0.7991666666666667 0.035 0.10833333333333334
0 0.21833333333333332 0.9908333333333333 0.056666666666666664 0.018333333333333333
0 0.6891666666666667 0.6441666666666667 0.035 0.11166666666666666
