0 0.145 0.5341666666666667 0.03 0.051666666666666666
0 0.13083333333333333 0.5283333333333333 0.015 0.016666666666666666
0 0.8258333333333333 0.53 0.018333333333333333 0.05333333333333334
0 0.1775 0.5183333333333333 0.028333333333333332 0.06333333333333334
0 0.835 0.5091666666666667 0.023333333333333334 0.045
0 0.26916666666666667 0.51 0.03166666666666667 0.06
0 0.1525 0.5066666666666667 0.028333333333333332 0.03666666666666667
0 0.12333333333333334 0.49 0.02666666666666667 0.06333333333333334
0 0.10083333333333333 0.48583333333333334 0.028333333333333332 0.03833333333333333
0 0.8116666666666666 0.4841666666666667 0.023333333333333334 0.045
0 0.15166666666666667 0.48083333333333333 0.02666666666666667 0.03833333333333333
0 0.8366666666666667 0.4741666666666667 0.023333333333333334 0.035
0 0.7916666666666666 0.4683333333333333 0.023333333333333334 0.03666666666666667
0 0.8158333333333333 0.46416666666666667 0.025 0.055
0 0.8291666666666667 0.4483333333333333 0.035 0.02666666666666667
0 0.7966666666666666 0.4425 0.013333333333333334 0.021666666666666667
0 0.7833333333333333 0.42583333333333334 0.04666666666666667 0.03833333333333333
0 0.8175 0.41833333333333333 0.03166666666666667 0.03666666666666667
0 0.17583333333333334 0.4 0.028333333333333332 0.05
0 0.7883333333333333 0.395 0.04 0.03333333333333333
0 0.1875 0.3625 0.035 0.041666666666666664
0 0.18 0.31666666666666665 0.02666666666666667 0.05
0 0.15583333333333332 0.3075 0.021666666666666667 0.07166666666666667
0 0.18 0.2866666666666667 0.02666666666666667 0.043333333333333335
0 0.18833333333333332 0.2625 0.02 0.06166666666666667
0 0.17833333333333334 0.23666666666666666 0.02 0.06
0 0.31416666666666665 0.2225 0.021666666666666667 0.058333333333333334
0 0.16666666666666666 0.22916666666666666 0.013333333333333334 0.03833333333333333
0 0.19833333333333333 0.2225 0.013333333333333334 0.035
0 0.17666666666666667 0.19166666666666668 0.02 0.056666666666666664
0 0.33 0.18833333333333332 0.03 0.03
0 0.2075 0.185 0.015 0.05333333333333334
0 0.30833333333333335 0.1825 0.03333333333333333 0.028333333333333332
0 0.19583333333333333 0.17 0.018333333333333333 0.06333333333333334
0 0.2775 0.16083333333333333 0.028333333333333332 0.04833333333333333
0 0.255 0.1575 0.02666666666666667 0.065
0 0.32166666666666666 0.15416666666666667 0.02666666666666667 0.03166666666666667
0 0.295 0.15666666666666668 0.03 0.03
0 0.21166666666666667 0.13166666666666665 0.02 0.04666666666666667
0 0.18833333333333332 0.135 0.016666666666666666 0.05
0 0.2075 0.08583333333333333 0.018333333333333333 0.051666666666666666
0 0.2275 0.085 0.03166666666666667 0.04666666666666667
0 0.23666666666666666 0.0825 0.03666666666666667 0.055
0 0.20583333333333334 0.06416666666666666 0.03833333333333333 0.04833333333333333
0 0.36 0.06166666666666667 0.03 0.056666666666666664
0 0.25416666666666665 0.023333333333333334 0.035 0.04666666666666667
0 0.23333333333333334 0.0175 0.03 0.035
0 0.7891666666666667 0.8158333333333333 0.025 0.03833333333333333
0 0.7225 0.8175 0.018333333333333333 0.06833333333333333
0 0.9725 0.7991666666666667 0.035 0.03833333333333333
0 0.7991666666666667 0.7758333333333334 0.015 0.045
0 0.8133333333333334 0.725 0.02 0.06333333333333334
0 0.8616666666666667 0.6958333333333333 0.03 0.041666666666666664
0 0.3475 0.6808333333333333 0.03833333333333333 0.051666666666666666
0 0.9 0.6825 0.03 0.04833333333333333
0 0.8333333333333334 0.6658333333333334 0.02 0.09166666666666666
0 0.8083333333333333 0.6566666666666666 0.02 0.08
0 0.8241666666666667 0.65 0.015 0.07666666666666666
0 0.8883333333333333 0.6408333333333334 0.02666666666666667 0.06833333333333333
0 0.9066666666666666 0.6391666666666667 0.016666666666666666 0.051666666666666666
0 0.4841666666666667 0.635 0.035 0.03666666666666667
0 0.175 0.6341666666666667 0.023333333333333334 0.08166666666666667
0 0.8433333333333334 0.625 0.02 0.05333333333333334
0 0.9266666666666666 0.6208333333333333 0.023333333333333334 0.065
0 0.8608333333333333 0.5883333333333334 0.018333333333333333 0.08
0 0.8291666666666667 0.5808333333333333 0.018333333333333333 0.051666666666666666
0 0.8433333333333334 0.5841666666666666 0.023333333333333334 0.055
0 0.8791666666666667 0.5691666666666667 0.025 0.06833333333333333
0 0.9425 0.565 0.025 0.05333333333333334
0 0.8116666666666666 0.5583333333333333 0.02 0.07
0 0.845 0.5491666666666667 0.02 0.035
