0 0.4141666666666667 0.515 0.041666666666666664 0.04666666666666667
0 0.305 0.5125 0.03333333333333333 0.035
0 0.8958333333333334 0.0675 0.035 0.045
0 0.5691666666666667 0.6766666666666666 0.028333333333333332 0.02666666666666667
0 0.605 0.6708333333333333 0.03 0.025
0 0.5858333333333333 0.6616666666666666 0.03166666666666667 0.02666666666666667
0 0.3383333333333333 0.6583333333333333 0.03333333333333333 0.05333333333333334
0 0.6458333333333334 0.6525 0.035 0.045
0 0.2683333333333333 0.65 0.016666666666666666 0.043333333333333335
0 0.5091666666666667 0.6491666666666667 0.03166666666666667 0.045
0 0.6141666666666666 0.645 0.035 0.03
0 0.5533333333333333 0.6416666666666667 0.03333333333333333 0.043333333333333335
0 0.5816666666666667 0.6366666666666667 0.03 0.03
0 0.5241666666666667 0.6283333333333333 0.03166666666666667 0.03333333333333333
0 0.6475 0.6208333333333333 0.035 0.045
0 0.29083333333333333 0.6241666666666666 0.028333333333333332 0.058333333333333334
0 0.615 0.6183333333333333 0.03333333333333333 0.02666666666666667
0 0.2775 0.6083333333333333 0.021666666666666667 0.04666666666666667
0 0.43333333333333335 0.605 0.023333333333333334 0.06333333333333334
0 0.565 0.5983333333333334 0.03 0.03666666666666667
0 0.5875 0.5941666666666666 0.021666666666666667 0.06833333333333333
0 0.5416666666666666 0.5875 0.023333333333333334 0.058333333333333334
0 0.315 0.5791666666666667 0.03333333333333333 0.03833333333333333
0 0.3516666666666667 0.5716666666666667 0.03 0.056666666666666664
0 0.635 0.5425 0.0033333333333333335 0.005
0 0.6641666666666667 0.5608333333333333 0.03166666666666667 0.055
0 0.6266666666666667 0.5483333333333333 0.03333333333333333 0.03333333333333333
0 0.345 0.545 0.03 0.03666666666666667
0 0.3258333333333333 0.5433333333333333 0.025 0.03666666666666667
