0 0.8741666666666666 0.43 0.07833333333333334 0.07333333333333333
0 0.31 0.9533333333333334 0.03333333333333333 0.09333333333333334
0 0.9216666666666666 0.9483333333333334 0.03666666666666667 0.10333333333333333
0 0.695 0.9483333333333334 0.03333333333333333 0.10333333333333333
0 0.025 0.18 0.05 0.05333333333333334
0 0.255 0.085 0.06333333333333334 0.08333333333333333
0 0.025833333333333333 0.08666666666666667 0.051666666666666666 0.05
0 0.25 0.8775 0.03666666666666667 0.11166666666666666
0 0.9458333333333333 0.87 0.051666666666666666 0.12666666666666668
0 0.37333333333333335 0.6208333333333333 0.05333333333333334 0.10166666666666667
0 0.075 0.9775 0.04 0.045
0 0.87 0.9758333333333333 0.03666666666666667 0.04833333333333333
0 0.6191666666666666 0.9733333333333334 0.041666666666666664 0.05333333333333334
