0 0.42583333333333334 0.5066666666666667 0.015 0.07333333333333333
0 0.4658333333333333 0.5116666666666667 0.021666666666666667 0.07
0 0.4533333333333333 0.54 0.023333333333333334 0.06666666666666667
0 0.4575 0.5833333333333334 0.021666666666666667 0.056666666666666664
0 0.44166666666666665 0.5916666666666667 0.023333333333333334 0.06333333333333334
0 0.4175 0.5916666666666667 0.015 0.06666666666666667
0 0.405 0.6158333333333333 0.01 0.06833333333333333
0 0.44666666666666666 0.6333333333333333 0.03333333333333333 0.03
0 0.43333333333333335 0.6375 0.016666666666666666 0.058333333333333334
0 0.4191666666666667 0.6375 0.018333333333333333 0.04833333333333333
0 0.4116666666666667 0.6666666666666666 0.03666666666666667 0.04
0 0.4575 0.6733333333333333 0.028333333333333332 0.02666666666666667
0 0.4091666666666667 0.6808333333333333 0.03166666666666667 0.028333333333333332
0 0.46166666666666667 0.6941666666666667 0.023333333333333334 0.021666666666666667
0 0.44333333333333336 0.695 0.02666666666666667 0.04666666666666667
0 0.41333333333333333 0.6958333333333333 0.03666666666666667 0.055
0 0.4716666666666667 0.7058333333333333 0.023333333333333334 0.025
0 0.4425 0.7158333333333333 0.025 0.035
0 0.43833333333333335 0.7508333333333334 0.02666666666666667 0.058333333333333334
0 0.4625 0.7566666666666667 0.028333333333333332 0.03333333333333333
0 0.25916666666666666 0.043333333333333335 0.021666666666666667 0.06
0 0.46 0.7966666666666666 0.02 0.056666666666666664
0 0.48083333333333333 0.795 0.03166666666666667 0.04666666666666667
0 0.4766666666666667 0.8316666666666667 0.016666666666666666 0.056666666666666664
0 0.49666666666666665 0.8425 0.02666666666666667 0.028333333333333332
0 0.47583333333333333 0.865 0.03166666666666667 0.05333333333333334
0 0.5008333333333334 0.8683333333333333 0.028333333333333332 0.03333333333333333
0 0.5091666666666667 0.9 0.028333333333333332 0.03666666666666667
0 0.4841666666666667 0.9033333333333333 0.028333333333333332 0.03
0 0.5425 0.9041666666666667 0.03166666666666667 0.035
0 0.4841666666666667 0.915 0.035 0.05333333333333334
0 0.5225 0.9275 0.03166666666666667 0.03166666666666667
0 0.5233333333333333 0.9525 0.03333333333333333 0.028333333333333332
0 0.2833333333333333 0.09333333333333334 0.03333333333333333 0.03333333333333333
0 0.2783333333333333 0.10583333333333333 0.03 0.058333333333333334
0 0.32 0.125 0.03 0.05
0 0.33666666666666667 0.125 0.03 0.03666666666666667
0 0.30416666666666664 0.1275 0.025 0.041666666666666664
0 0.3466666666666667 0.15833333333333333 0.03 0.03
0 0.36916666666666664 0.165 0.035 0.05333333333333334
0 0.33 0.17666666666666667 0.03333333333333333 0.05333333333333334
0 0.3541666666666667 0.18166666666666667 0.025 0.03333333333333333
0 0.385 0.21666666666666667 0.03333333333333333 0.05
0 0.36 0.22666666666666666 0.023333333333333334 0.06333333333333334
0 0.4058333333333333 0.2225 0.03166666666666667 0.065
0 0.3858333333333333 0.23083333333333333 0.035 0.075
0 0.38 0.245 0.023333333333333334 0.056666666666666664
0 0.415 0.2783333333333333 0.02666666666666667 0.056666666666666664
0 0.4116666666666667 0.3441666666666667 0.03 0.06833333333333333
0 0.4266666666666667 0.41083333333333333 0.023333333333333334 0.065
0 0.4425 0.4266666666666667 0.018333333333333333 0.07333333333333333
0 0.4533333333333333 0.43583333333333335 0.023333333333333334 0.07833333333333334
0 0.41 0.43666666666666665 0.016666666666666666 0.05333333333333334
0 0.4191666666666667 0.44083333333333335 0.025 0.07166666666666667
