0 0.425 0.5283333333333333 0.04 0.02666666666666667
0 0.2275 0.5258333333333334 0.018333333333333333 0.04833333333333333
0 0.5825 0.5241666666666667 0.03166666666666667 0.04833333333333333
0 0.5425 0.5266666666666666 0.028333333333333332 0.04666666666666667
0 0.405 0.5191666666666667 0.043333333333333335 0.03166666666666667
0 0.5075 0.5191666666666667 0.035 0.028333333333333332
0 0.20916666666666667 0.51 0.025 0.056666666666666664
0 0.4608333333333333 0.51 0.03166666666666667 0.043333333333333335
0 0.3591666666666667 0.5116666666666667 0.03833333333333333 0.03333333333333333
0 0.49583333333333335 0.5033333333333333 0.041666666666666664 0.02666666666666667
0 0.55 0.49666666666666665 0.03 0.03333333333333333
0 0.4166666666666667 0.48583333333333334 0.043333333333333335 0.035
0 0.5166666666666667 0.47333333333333333 0.03666666666666667 0.043333333333333335
0 0.3358333333333333 0.4658333333333333 0.03166666666666667 0.051666666666666666
0 0.56 0.465 0.016666666666666666 0.056666666666666664
0 0.48333333333333334 0.465 0.03 0.043333333333333335
0 0.535 0.4608333333333333 0.03 0.03833333333333333
0 0.5366666666666666 0.42916666666666664 0.023333333333333334 0.06166666666666667
0 0.5058333333333334 0.43 0.025 0.05333333333333334
0 0.2608333333333333 0.4225 0.018333333333333333 0.03833333333333333
0 0.30833333333333335 0.4241666666666667 0.01 0.021666666666666667
0 0.3175 0.4141666666666667 0.03166666666666667 0.06166666666666667
0 0.5183333333333333 0.4116666666666667 0.02 0.05333333333333334
0 0.5433333333333333 0.4075 0.03333333333333333 0.055
0 0.325 0.3958333333333333 0.016666666666666666 0.085
0 0.2966666666666667 0.3875 0.016666666666666666 0.06833333333333333
0 0.495 0.385 0.02666666666666667 0.05
0 0.555 0.38 0.03333333333333333 0.05
0 0.5108333333333334 0.36833333333333335 0.025 0.05
0 0.5383333333333333 0.3358333333333333 0.016666666666666666 0.065
0 0.5183333333333333 0.3225 0.02 0.08166666666666667
0 0.5666666666666667 0.30333333333333334 0.016666666666666666 0.07666666666666666
0 0.5508333333333333 0.2925 0.018333333333333333 0.058333333333333334
0 0.5283333333333333 0.2825 0.016666666666666666 0.055
0 0.5416666666666666 0.2708333333333333 0.016666666666666666 0.058333333333333334
0 0.5533333333333333 0.23416666666666666 0.016666666666666666 0.058333333333333334
0 0.5333333333333333 0.225 0.016666666666666666 0.06666666666666667
0 0.5716666666666667 0.20916666666666667 0.02 0.065
0 0.5458333333333333 0.19416666666666665 0.015 0.065
0 0.07083333333333333 0.065 0.045 0.03
0 0.0125 0.025833333333333333 0.025 0.051666666666666666
0 0.115 0.005833333333333334 0.03666666666666667 0.011666666666666667
0 0.48333333333333334 0.9008333333333334 0.023333333333333334 0.06166666666666667
0 0.48583333333333334 0.8658333333333333 0.011666666666666667 0.041666666666666664
0 0.4633333333333333 0.8258333333333333 0.02 0.058333333333333334
0 0.66 0.8183333333333334 0.03333333333333333 0.07
0 0.5025 0.8133333333333334 0.028333333333333332 0.07
0 0.6258333333333334 0.8075 0.028333333333333332 0.03166666666666667
0 0.4741666666666667 0.7941666666666667 0.018333333333333333 0.065
0 0.5758333333333333 0.7858333333333334 0.021666666666666667 0.025
0 0.4475 0.7766666666666666 0.035 0.03333333333333333
0 0.61 0.7758333333333334 0.03666666666666667 0.035
0 0.6241666666666666 0.7675 0.035 0.041666666666666664
0 0.6658333333333334 0.7666666666666667 0.055 0.03333333333333333
0 0.5591666666666667 0.76 0.041666666666666664 0.02666666666666667
0 0.6758333333333333 0.765 0.035 0.03
0 0.56 0.7708333333333334 0.0033333333333333335 0.0016666666666666668
0 0.44416666666666665 0.7441666666666666 0.03166666666666667 0.04833333333333333
0 0.57 0.7375 0.03333333333333333 0.028333333333333332
0 0.6408333333333334 0.7333333333333333 0.028333333333333332 0.04
0 0.6141666666666666 0.73 0.028333333333333332 0.056666666666666664
0 0.4475 0.725 0.028333333333333332 0.05
0 0.5908333333333333 0.7266666666666667 0.03166666666666667 0.03
0 0.4141666666666667 0.7191666666666666 0.028333333333333332 0.03166666666666667
0 0.555 0.72 0.03666666666666667 0.03
0 0.5825 0.7033333333333334 0.03166666666666667 0.02
0 0.5116666666666667 0.7008333333333333 0.03333333333333333 0.03166666666666667
0 0.4741666666666667 0.6975 0.035 0.028333333333333332
0 0.5475 0.6991666666666667 0.035 0.025
0 0.5841666666666666 0.7091666666666666 0.011666666666666667 0.0016666666666666668
0 0.5391666666666667 0.68 0.035 0.02666666666666667
0 0.4708333333333333 0.6775 0.03833333333333333 0.035
0 0.2816666666666667 0.67 0.04 0.05
0 0.5075 0.6708333333333333 0.03833333333333333 0.028333333333333332
0 0.5458333333333333 0.6533333333333333 0.03166666666666667 0.02666666666666667
0 0.5808333333333333 0.6533333333333333 0.03833333333333333 0.03
0 0.47833333333333333 0.6491666666666667 0.04666666666666667 0.028333333333333332
0 0.2758333333333333 0.6358333333333334 0.03166666666666667 0.065
0 0.605 0.6341666666666667 0.03 0.06166666666666667
0 0.5491666666666667 0.6308333333333334 0.041666666666666664 0.028333333333333332
0 0.0375 0.6308333333333334 0.041666666666666664 0.07166666666666667
0 0.575 0.6166666666666667 0.03666666666666667 0.03333333333333333
0 0.5141666666666667 0.615 0.03833333333333333 0.02666666666666667
0 0.25333333333333335 0.61 0.016666666666666666 0.06
0 0.54 0.6033333333333334 0.03333333333333333 0.03
0 0.5025 0.5975 0.035 0.025
0 0.5666666666666667 0.5925 0.01 0.015
0 0.5791666666666667 0.5825 0.03833333333333333 0.03833333333333333
0 0.5316666666666666 0.5791666666666667 0.04 0.035
0 0.23333333333333334 0.5791666666666667 0.02666666666666667 0.06833333333333333
0 0.01 0.5783333333333334 0.02 0.06333333333333334
0 0.5991666666666666 0.5766666666666667 0.028333333333333332 0.056666666666666664
0 0.44333333333333336 0.5783333333333334 0.04 0.02666666666666667
0 0.5575 0.5733333333333334 0.011666666666666667 0.043333333333333335
0 0.49916666666666665 0.5716666666666667 0.028333333333333332 0.03333333333333333
0 0.5425 0.5541666666666667 0.018333333333333333 0.03833333333333333
0 0.5733333333333334 0.5491666666666667 0.03 0.041666666666666664
0 0.4275 0.5516666666666666 0.045 0.03
0 0.48583333333333334 0.5491666666666667 0.03833333333333333 0.035
0 0.5216666666666666 0.5475 0.03333333333333333 0.03166666666666667
0 0.38 0.5425 0.03666666666666667 0.03166666666666667
0 0.24333333333333335 0.5391666666666667 0.016666666666666666 0.07166666666666667
0 0.4716666666666667 0.5375 0.03333333333333333 0.03833333333333333
