0 0.5366666666666666 0.4475 0.03333333333333333 0.045
0 0.2825 0.45 0.021666666666666667 0.056666666666666664
0 0.26916666666666667 0.47583333333333333 0.028333333333333332 0.075
0 0.24583333333333332 0.48833333333333334 0.03833333333333333 0.03666666666666667
0 0.29333333333333333 0.5058333333333334 0.023333333333333334 0.051666666666666666
0 0.3908333333333333 0.5575 0.028333333333333332 0.065
0 0.8866666666666667 0.6025 0.02666666666666667 0.041666666666666664
0 0.9433333333333334 0.6333333333333333 0.03 0.03666666666666667
0 0.9825 0.64 0.035 0.05333333333333334
0 0.54 0.6541666666666667 0.03666666666666667 0.03166666666666667
0 0.955 0.6533333333333333 0.03 0.05
0 0.9891666666666666 0.6708333333333333 0.021666666666666667 0.03833333333333333
0 0.9641666666666666 0.6816666666666666 0.03166666666666667 0.03666666666666667
0 0.5458333333333333 0.6816666666666666 0.028333333333333332 0.03666666666666667
0 0.56 0.6883333333333334 0.03 0.043333333333333335
0 0.9383333333333334 0.6941666666666667 0.023333333333333334 0.055
0 0.5141666666666667 0.6933333333333334 0.03833333333333333 0.043333333333333335
0 0.9741666666666666 0.6991666666666667 0.035 0.025
0 0.9608333333333333 0.7175 0.028333333333333332 0.03166666666666667
0 0.9791666666666666 0.7258333333333333 0.035 0.028333333333333332
0 0.49916666666666665 0.7333333333333333 0.041666666666666664 0.03666666666666667
0 0.9375 0.7375 0.051666666666666666 0.045
0 0.9733333333333334 0.75 0.03 0.02
0 0.96 0.7708333333333334 0.03 0.025
0 0.37083333333333335 0.8383333333333334 0.028333333333333332 0.043333333333333335
0 0.335 0.8458333333333333 0.03 0.041666666666666664
0 0.3541666666666667 0.8791666666666667 0.028333333333333332 0.041666666666666664
0 0.3541666666666667 0.9041666666666667 0.028333333333333332 0.028333333333333332
0 0.3491666666666667 0.9758333333333333 0.021666666666666667 0.04833333333333333
0 0.49333333333333335 0.12 0.02 0.08
0 0.9583333333333334 0.15416666666666667 0.03666666666666667 0.035
0 0.225 0.165 0.023333333333333334 0.06333333333333334
0 0.24666666666666667 0.17333333333333334 0.03 0.07
0 0.9383333333333334 0.17666666666666667 0.03666666666666667 0.06333333333333334
0 0.2758333333333333 0.185 0.03166666666666667 0.06333333333333334
0 0.24916666666666668 0.18666666666666668 0.028333333333333332 0.07
0 0.2175 0.21583333333333332 0.015 0.03833333333333333
0 0.31083333333333335 0.24083333333333334 0.018333333333333333 0.065
0 0.2708333333333333 0.2708333333333333 0.0016666666666666668 0.0016666666666666668
0 0.9933333333333333 0.2575 0.013333333333333334 0.051666666666666666
0 0.2941666666666667 0.25666666666666665 0.021666666666666667 0.06333333333333334
0 0.2808333333333333 0.2708333333333333 0.015 0.06833333333333333
0 0.265 0.2816666666666667 0.02 0.08
0 0.22 0.2925 0.023333333333333334 0.08166666666666667
0 0.5741666666666667 0.305 0.03833333333333333 0.03
0 0.30666666666666664 0.30333333333333334 0.03333333333333333 0.04
0 0.32666666666666666 0.3175 0.03 0.035
0 0.28 0.31833333333333336 0.02666666666666667 0.05333333333333334
0 0.5658333333333333 0.335 0.03833333333333333 0.056666666666666664
0 0.27 0.335 0.023333333333333334 0.04666666666666667
0 0.29083333333333333 0.3383333333333333 0.028333333333333332 0.03
0 0.24916666666666668 0.3458333333333333 0.021666666666666667 0.04833333333333333
0 0.30333333333333334 0.3491666666666667 0.03333333333333333 0.03833333333333333
0 0.30416666666666664 0.37666666666666665 0.03166666666666667 0.043333333333333335
0 0.5925 0.38 0.025 0.04666666666666667
0 0.2325 0.375 0.021666666666666667 0.08
0 0.26916666666666667 0.375 0.03166666666666667 0.043333333333333335
0 0.5775 0.39166666666666666 0.028333333333333332 0.06666666666666667
0 0.3016666666666667 0.39916666666666667 0.02666666666666667 0.025
0 0.2633333333333333 0.425 0.016666666666666666 0.04666666666666667
0 0.2875 0.4266666666666667 0.025 0.04
0 0.3125 0.42333333333333334 0.03166666666666667 0.023333333333333334
