0 0.16083333333333333 0.4658333333333333 0.03166666666666667 0.03833333333333333
0 0.405 0.4658333333333333 0.03666666666666667 0.04833333333333333
0 0.16666666666666666 0.47333333333333333 0.04 0.056666666666666664
0 0.42583333333333334 0.4766666666666667 0.015 0.02
0 0.17333333333333334 0.485 0.02666666666666667 0.06333333333333334
0 0.15166666666666667 0.4925 0.02 0.015
0 0.13083333333333333 0.48833333333333334 0.028333333333333332 0.05333333333333334
0 0.11416666666666667 0.4975 0.018333333333333333 0.051666666666666666
0 0.1425 0.51 0.035 0.02666666666666667
0 0.4325 0.5116666666666667 0.03166666666666667 0.043333333333333335
0 0.41333333333333333 0.5158333333333334 0.02666666666666667 0.06166666666666667
0 0.14583333333333334 0.535 0.03166666666666667 0.023333333333333334
0 0.09916666666666667 0.5458333333333333 0.021666666666666667 0.075
0 0.12583333333333332 0.5466666666666666 0.025 0.05
0 0.1175 0.56 0.021666666666666667 0.056666666666666664
0 0.3875 0.57 0.028333333333333332 0.05
0 0.11083333333333334 0.6141666666666666 0.018333333333333333 0.06166666666666667
0 0.12666666666666668 0.6175 0.02666666666666667 0.055
0 0.12916666666666668 0.6633333333333333 0.028333333333333332 0.043333333333333335
0 0.22333333333333333 0.6675 0.02666666666666667 0.06166666666666667
0 0.715 0.7266666666666667 0.02666666666666667 0.03666666666666667
0 0.7883333333333333 0.7341666666666666 0.03 0.025
0 0.9125 0.7525 0.028333333333333332 0.07833333333333334
0 0.7941666666666667 0.7633333333333333 0.025 0.043333333333333335
0 0.8091666666666667 0.7633333333333333 0.041666666666666664 0.05333333333333334
0 0.37583333333333335 0.7658333333333334 0.035 0.03833333333333333
0 0.9725 0.7666666666666667 0.025 0.056666666666666664
0 0.3975 0.7875 0.028333333333333332 0.041666666666666664
0 0.7675 0.79 0.03166666666666667 0.07
0 0.37666666666666665 0.7975 0.02666666666666667 0.041666666666666664
0 0.8166666666666667 0.795 0.02666666666666667 0.043333333333333335
0 0.35583333333333333 0.8033333333333333 0.03166666666666667 0.04
0 0.785 0.81 0.03666666666666667 0.043333333333333335
0 0.38166666666666665 0.825 0.03666666666666667 0.03666666666666667
0 0.7975 0.8233333333333334 0.035 0.023333333333333334
0 0.3433333333333333 0.8341666666666666 0.04 0.03166666666666667
0 0.7791666666666667 0.84 0.045 0.02666666666666667
0 0.8041666666666667 0.8508333333333333 0.035 0.03166666666666667
0 0.9766666666666667 0.8475 0.023333333333333334 0.07833333333333334
0 0.9175 0.8566666666666667 0.035 0.056666666666666664
0 0.7633333333333333 0.865 0.05333333333333334 0.02666666666666667
0 0.8041666666666667 0.8725 0.035 0.021666666666666667
0 0.7883333333333333 0.89 0.02666666666666667 0.023333333333333334
0 0.9866666666666667 0.9166666666666666 0.02666666666666667 0.05333333333333334
0 0.9425 0.9225 0.025 0.051666666666666666
0 0.16416666666666666 0.945 0.035 0.05
0 0.19916666666666666 0.945 0.03166666666666667 0.04666666666666667
0 0.185 0.9833333333333333 0.03 0.03333333333333333
0 0.1825 0.9916666666666667 0.025 0.016666666666666666
0 0.11 0.1125 0.03333333333333333 0.041666666666666664
0 0.10333333333333333 0.17416666666666666 0.0033333333333333335 0.0016666666666666668
0 0.11583333333333333 0.1725 0.021666666666666667 0.065
0 0.09833333333333333 0.1975 0.02 0.06166666666666667
0 0.115 0.215 0.023333333333333334 0.043333333333333335
0 0.13166666666666665 0.2175 0.016666666666666666 0.045
0 0.32666666666666666 0.23666666666666666 0.02 0.08
0 0.10833333333333334 0.25416666666666665 0.016666666666666666 0.051666666666666666
0 0.8041666666666667 0.2625 0.03833333333333333 0.055
0 0.125 0.2791666666666667 0.023333333333333334 0.06166666666666667
0 0.1125 0.30083333333333334 0.015 0.04833333333333333
0 0.7733333333333333 0.31416666666666665 0.043333333333333335 0.03166666666666667
0 0.11833333333333333 0.3441666666666667 0.023333333333333334 0.06166666666666667
0 0.14166666666666666 0.3441666666666667 0.016666666666666666 0.058333333333333334
0 0.8358333333333333 0.375 0.035 0.06333333333333334
0 0.13166666666666665 0.385 0.02 0.056666666666666664
0 0.09833333333333333 0.39 0.023333333333333334 0.056666666666666664
0 0.14833333333333334 0.3983333333333333 0.02 0.06666666666666667
0 0.16666666666666666 0.4225 0.023333333333333334 0.058333333333333334
0 0.13833333333333334 0.42833333333333334 0.023333333333333334 0.06
0 0.11916666666666667 0.44166666666666665 0.021666666666666667 0.056666666666666664
0 0.14333333333333334 0.44583333333333336 0.023333333333333334 0.035
0 0.1025 0.44666666666666666 0.018333333333333333 0.07
0 0.4141666666666667 0.4508333333333333 0.035 0.035
