0 0.7141666666666666 0.48583333333333334 0.028333333333333332 0.07166666666666667
0 0.5191666666666667 0.47583333333333333 0.025 0.11166666666666666
0 0.47833333333333333 0.4741666666666667 0.02666666666666667 0.085
0 0.5308333333333334 0.36583333333333334 0.025 0.11833333333333333
0 0.7758333333333334 0.3466666666666667 0.028333333333333332 0.12
0 0.30583333333333335 0.3225 0.028333333333333332 0.10833333333333334
0 0.9941666666666666 0.34 0.011666666666666667 0.06666666666666667
0 0.9725 0.29 0.03166666666666667 0.11
0 0.8366666666666667 0.2808333333333333 0.03333333333333333 0.09833333333333333
0 0.24 0.15916666666666668 0.03 0.09833333333333333
0 0.1775 0.15583333333333332 0.028333333333333332 0.11833333333333333
0 0.21666666666666667 0.145 0.03 0.11333333333333333
0 0.3016666666666667 0.12916666666666668 0.03 0.11166666666666666
0 0.7783333333333333 0.060833333333333336 0.056666666666666664 0.07166666666666667
0 0.7058333333333333 0.03333333333333333 0.028333333333333332 0.06666666666666667
0 0.155 0.03 0.03666666666666667 0.06
0 0.8216666666666667 0.021666666666666667 0.023333333333333334 0.043333333333333335
0 0.5391666666666667 0.6583333333333333 0.021666666666666667 0.09666666666666666
0 0.44583333333333336 0.6283333333333333 0.025 0.07666666666666666
0 0.4775 0.5966666666666667 0.025 0.09666666666666666
0 0.6883333333333334 0.585 0.02666666666666667 0.1
0 0.57 0.5766666666666667 0.023333333333333334 0.11
