0 0.8675 0.4325 0.06166666666666667 0.08166666666666667
0 0.91 0.425 0.043333333333333335 0.10666666666666667
0 0.013333333333333334 0.4025 0.02666666666666667 0.065
0 0.7516666666666667 0.405 0.07333333333333333 0.06333333333333334
0 0.845 0.37083333333333335 0.06333333333333334 0.10833333333333334
0 0.47 0.24166666666666667 0.06666666666666667 0.10666666666666667
0 0.2475 0.9175 0.06166666666666667 0.08166666666666667
0 0.41583333333333333 0.175 0.065 0.09
0 0.4225 0.07583333333333334 0.065 0.07166666666666667
0 0.44916666666666666 0.020833333333333332 0.07166666666666667 0.041666666666666664
0 0.5241666666666667 0.013333333333333334 0.058333333333333334 0.02666666666666667
0 0.21916666666666668 0.019166666666666665 0.03166666666666667 0.03833333333333333
0 0.2675 0.8566666666666667 0.06833333333333333 0.09333333333333334
0 0.07333333333333333 0.8358333333333333 0.06666666666666667 0.06833333333333333
0 0.49416666666666664 0.7683333333333333 0.055 0.1
0 0.10166666666666667 0.7358333333333333 0.08 0.055
0 0.10833333333333334 0.6508333333333334 0.06666666666666667 0.08833333333333333
0 0.9241666666666667 0.6466666666666666 0.075 0.05333333333333334
0 0.875 0.9658333333333333 0.03333333333333333 0.06833333333333333
0 0.06916666666666667 0.5833333333333334 0.07833333333333334 0.05333333333333334
0 0.94 0.5783333333333334 0.06333333333333334 0.07666666666666666
0 0.8741666666666666 0.565 0.07166666666666667 0.07666666666666666
0 0.020833333333333332 0.9591666666666666 0.041666666666666664 0.08166666666666667
