0 0.16916666666666666 0.9875 0.03166666666666667 0.025
0 0.1925 0.9866666666666667 0.018333333333333333 0.02666666666666667
0 0.14666666666666667 0.985 0.016666666666666666 0.03
0 0.17583333333333334 0.9841666666666666 0.018333333333333333 0.03166666666666667
0 0.20333333333333334 0.9791666666666666 0.023333333333333334 0.041666666666666664
0 0.16333333333333333 0.9575 0.016666666666666666 0.03833333333333333
0 0.17666666666666667 0.9375 0.023333333333333334 0.055
0 0.21 0.93 0.016666666666666666 0.043333333333333335
0 0.19833333333333333 0.9333333333333333 0.02 0.06666666666666667
0 0.22666666666666666 0.9166666666666666 0.02 0.07
0 0.14583333333333334 0.885 0.03833333333333333 0.03333333333333333
0 0.20416666666666666 0.8741666666666666 0.018333333333333333 0.055
0 0.17666666666666667 0.8675 0.04 0.028333333333333332
0 0.14166666666666666 0.8391666666666666 0.03333333333333333 0.03833333333333333
