0 0.4725 0.9441666666666667 0.021666666666666667 0.075
0 0.45 0.8683333333333333 0.016666666666666666 0.09333333333333334
0 0.49166666666666664 0.7991666666666667 0.04 0.035
0 0.5325 0.7958333333333333 0.041666666666666664 0.041666666666666664
0 0.5183333333333333 0.7758333333333334 0.03 0.025
0 0.3233333333333333 0.7733333333333333 0.03666666666666667 0.04666666666666667
0 0.5741666666666667 0.7683333333333333 0.03833333333333333 0.04666666666666667
0 0.5008333333333334 0.7633333333333333 0.041666666666666664 0.03666666666666667
0 0.2916666666666667 0.7591666666666667 0.03 0.045
0 0.5608333333333333 0.7616666666666667 0.03833333333333333 0.043333333333333335
0 0.5425 0.7558333333333334 0.03833333333333333 0.03833333333333333
0 0.2708333333333333 0.7533333333333333 0.041666666666666664 0.06333333333333334
0 0.4375 0.725 0.035 0.05
0 0.29583333333333334 0.7075 0.015 0.06166666666666667
0 0.24333333333333335 0.7008333333333333 0.03 0.055
0 0.4075 0.6891666666666667 0.028333333333333332 0.058333333333333334
0 0.20916666666666667 0.6141666666666666 0.03166666666666667 0.08166666666666667
0 0.23916666666666667 0.5958333333333333 0.03833333333333333 0.03833333333333333
0 0.23666666666666666 0.5858333333333333 0.043333333333333335 0.058333333333333334
0 0.2025 0.5458333333333333 0.03166666666666667 0.041666666666666664
