0 0.04583333333333333 0.7 0.065 0.08
0 0.028333333333333332 0.7608333333333334 0.056666666666666664 0.08166666666666667
0 0.09083333333333334 0.81 0.051666666666666666 0.10666666666666667
0 0.016666666666666666 0.8816666666666667 0.03333333333333333 0.11666666666666667
0 0.8483333333333334 0.8941666666666667 0.07333333333333333 0.065
0 0.12333333333333334 0.9033333333333333 0.07 0.06666666666666667
0 0.9 0.9333333333333333 0.07666666666666666 0.05333333333333334
0 0.4175 0.9441666666666667 0.075 0.055
0 0.025833333333333333 0.9758333333333333 0.051666666666666666 0.04833333333333333
0 0.11166666666666666 0.12 0.06 0.06666666666666667
0 0.3616666666666667 0.27416666666666667 0.06333333333333334 0.08833333333333333
