0 0.5116666666666667 0.4791666666666667 0.04666666666666667 0.04833333333333333
0 0.5025 0.5341666666666667 0.03833333333333333 0.03833333333333333
0 0.475 0.5383333333333333 0.03333333333333333 0.06666666666666667
0 0.4475 0.56 0.03166666666666667 0.056666666666666664
0 0.4708333333333333 0.5833333333333334 0.03833333333333333 0.03333333333333333
0 0.4191666666666667 0.6075 0.03833333333333333 0.045
0 0.44416666666666665 0.6141666666666666 0.041666666666666664 0.03833333333333333
0 0.4025 0.6475 0.041666666666666664 0.035
0 0.43 0.65 0.03666666666666667 0.03333333333333333
0 0.41083333333333333 0.6783333333333333 0.045 0.03
0 0.4025 0.7075 0.045 0.035
0 0.3958333333333333 0.73 0.045 0.02666666666666667
0 0.4325 0.7325 0.041666666666666664 0.045
0 0.39 0.7558333333333334 0.04 0.03166666666666667
0 0.38916666666666666 0.7758333333333334 0.045 0.028333333333333332
0 0.37 0.8058333333333333 0.043333333333333335 0.035
0 0.765 0.93 0.023333333333333334 0.07333333333333333
0 0.7875 0.985 0.041666666666666664 0.03
0 0.6883333333333334 0.14583333333333334 0.023333333333333334 0.07833333333333334
0 0.74 0.16 0.05333333333333334 0.03
0 0.6908333333333333 0.15333333333333332 0.028333333333333332 0.09333333333333334
0 0.7241666666666666 0.1725 0.041666666666666664 0.041666666666666664
0 0.6641666666666667 0.17416666666666666 0.03833333333333333 0.03166666666666667
0 0.7741666666666667 0.19 0.03166666666666667 0.03333333333333333
0 0.6408333333333334 0.19583333333333333 0.03833333333333333 0.06833333333333333
0 0.7708333333333334 0.21 0.028333333333333332 0.05333333333333334
0 0.7058333333333333 0.215 0.03166666666666667 0.03
0 0.7316666666666667 0.2125 0.04 0.06166666666666667
0 0.755 0.21166666666666667 0.02666666666666667 0.07
0 0.6791666666666667 0.22083333333333333 0.025 0.06833333333333333
0 0.71 0.24666666666666667 0.04 0.04
0 0.6166666666666667 0.24833333333333332 0.05 0.03333333333333333
0 0.5933333333333334 0.27666666666666667 0.03666666666666667 0.023333333333333334
0 0.595 0.295 0.05 0.03666666666666667
0 0.41833333333333333 0.37833333333333335 0.04666666666666667 0.05333333333333334
