0 0.7641666666666667 0.4716666666666667 0.035 0.03
0 0.79 0.4691666666666667 0.016666666666666666 0.09166666666666666
0 0.7 0.4691666666666667 0.03666666666666667 0.028333333333333332
0 0.7375 0.47 0.045 0.04
0 0.6991666666666667 0.49583333333333335 0.03166666666666667 0.035
0 0.665 0.0075 0.03 0.015
0 0.7325 0.5025 0.035 0.03166666666666667
0 0.7591666666666667 0.5083333333333333 0.041666666666666664 0.03666666666666667
0 0.695 0.5183333333333333 0.04666666666666667 0.03333333333333333
0 0.6366666666666667 0.013333333333333334 0.03666666666666667 0.02666666666666667
0 0.7808333333333334 0.525 0.035 0.023333333333333334
0 0.6433333333333333 0.535 0.043333333333333335 0.03333333333333333
0 0.7158333333333333 0.5383333333333333 0.03166666666666667 0.02666666666666667
0 0.7575 0.545 0.028333333333333332 0.02
0 0.765 0.5675 0.03666666666666667 0.03166666666666667
0 0.7141666666666666 0.5666666666666667 0.03833333333333333 0.02666666666666667
0 0.6566666666666666 0.575 0.04 0.03
0 0.625 0.5816666666666667 0.02 0.05333333333333334
0 0.7441666666666666 0.59 0.045 0.03333333333333333
0 0.7916666666666666 0.5941666666666666 0.04 0.041666666666666664
0 0.6525 0.6166666666666667 0.03166666666666667 0.04666666666666667
0 0.7033333333333334 0.015 0.04 0.03
0 0.67 0.64 0.043333333333333335 0.04
0 0.71 0.6483333333333333 0.03333333333333333 0.056666666666666664
0 0.6308333333333334 0.6675 0.035 0.058333333333333334
0 0.6516666666666666 0.6758333333333333 0.04 0.03833333333333333
0 0.6816666666666666 0.6908333333333333 0.03666666666666667 0.041666666666666664
0 0.655 0.6941666666666667 0.03 0.03833333333333333
0 0.635 0.0175 0.02666666666666667 0.025
0 0.6991666666666667 0.7316666666666667 0.028333333333333332 0.07
0 0.6766666666666666 0.0225 0.03 0.025
0 0.655 0.7433333333333333 0.03666666666666667 0.043333333333333335
0 0.6525 0.7691666666666667 0.028333333333333332 0.03833333333333333
0 0.15916666666666668 0.8216666666666667 0.051666666666666666 0.043333333333333335
0 0.1775 0.84 0.025 0.03666666666666667
0 0.16333333333333333 0.8433333333333334 0.05 0.04666666666666667
0 0.6983333333333334 0.0325 0.02666666666666667 0.025
0 0.6666666666666666 0.034166666666666665 0.03 0.021666666666666667
0 0.5325 0.9375 0.025 0.075
0 0.6441666666666667 0.043333333333333335 0.03166666666666667 0.03666666666666667
0 0.6766666666666666 0.05333333333333334 0.04 0.03
0 0.6325 0.06916666666666667 0.03833333333333333 0.035
0 0.6816666666666666 0.08333333333333333 0.03333333333333333 0.05333333333333334
0 0.7066666666666667 0.08666666666666667 0.03333333333333333 0.043333333333333335
0 0.655 0.08916666666666667 0.03666666666666667 0.045
0 0.275 0.22166666666666668 0.05333333333333334 0.03333333333333333
0 0.21916666666666668 0.27166666666666667 0.035 0.07666666666666666
0 0.655 0.2833333333333333 0.016666666666666666 0.06
0 0.6416666666666667 0.285 0.02 0.06
0 0.19583333333333333 0.3025 0.015 0.04833333333333333
0 0.6766666666666666 0.3233333333333333 0.023333333333333334 0.06333333333333334
0 0.6966666666666667 0.3375 0.023333333333333334 0.07166666666666667
0 0.6591666666666667 0.3433333333333333 0.03833333333333333 0.06
0 0.22 0.36583333333333334 0.03666666666666667 0.03833333333333333
0 0.6925 0.37416666666666665 0.045 0.03833333333333333
0 0.655 0.3775 0.02666666666666667 0.045
0 0.24 0.38 0.05 0.04
0 0.685 0.38333333333333336 0.03333333333333333 0.02
0 0.6941666666666667 0.4041666666666667 0.045 0.03166666666666667
0 0.7416666666666667 0.405 0.02 0.06333333333333334
0 0.7108333333333333 0.41 0.03166666666666667 0.04
0 0.675 0.4166666666666667 0.03333333333333333 0.03666666666666667
0 0.7308333333333333 0.43416666666666665 0.021666666666666667 0.055
0 0.6983333333333334 0.44083333333333335 0.03666666666666667 0.028333333333333332
