0 0.6441666666666667 0.46166666666666667 0.018333333333333333 0.056666666666666664
0 0.4766666666666667 0.46 0.02 0.043333333333333335
0 0.445 0.46416666666666667 0.02 0.055
0 0.635 0.49833333333333335 0.013333333333333334 0.05
0 0.6583333333333333 0.49916666666666665 0.016666666666666666 0.06833333333333333
0 0.4683333333333333 0.5008333333333334 0.02666666666666667 0.065
0 0.4741666666666667 0.5 0.015 0.056666666666666664
0 0.4508333333333333 0.505 0.025 0.04666666666666667
0 0.6225 0.5091666666666667 0.015 0.075
0 0.5125 0.5166666666666667 0.015 0.056666666666666664
0 0.5241666666666667 0.5258333333333334 0.011666666666666667 0.055
0 0.5 0.5283333333333333 0.016666666666666666 0.05333333333333334
0 0.4866666666666667 0.535 0.013333333333333334 0.056666666666666664
0 0.615 0.5366666666666666 0.016666666666666666 0.056666666666666664
0 0.5783333333333334 0.5458333333333333 0.016666666666666666 0.051666666666666666
0 0.6316666666666667 0.545 0.023333333333333334 0.04666666666666667
0 0.45666666666666667 0.5566666666666666 0.023333333333333334 0.043333333333333335
0 0.5325 0.5591666666666667 0.015 0.06833333333333333
0 0.49666666666666665 0.5591666666666667 0.016666666666666666 0.04833333333333333
0 0.4675 0.5616666666666666 0.015 0.043333333333333335
0 0.5208333333333334 0.5758333333333333 0.015 0.051666666666666666
0 0.5616666666666666 0.5775 0.016666666666666666 0.06166666666666667
0 0.6291666666666667 0.5891666666666666 0.021666666666666667 0.055
0 0.4825 0.5883333333333334 0.015 0.05333333333333334
0 0.5091666666666667 0.5883333333333334 0.018333333333333333 0.06333333333333334
0 0.5066666666666667 0.59 0.016666666666666666 0.056666666666666664
0 0.5758333333333333 0.5966666666666667 0.021666666666666667 0.05
0 0.6125 0.6066666666666667 0.015 0.07
0 0.495 0.6108333333333333 0.016666666666666666 0.055
0 0.4625 0.6075 0.018333333333333333 0.04833333333333333
0 0.4791666666666667 0.6175 0.021666666666666667 0.041666666666666664
0 0.6 0.6316666666666667 0.02 0.05333333333333334
0 0.5775 0.635 0.025 0.056666666666666664
0 0.52 0.6341666666666667 0.013333333333333334 0.058333333333333334
0 0.5491666666666667 0.6391666666666667 0.015 0.06833333333333333
0 0.56 0.6425 0.016666666666666666 0.065
0 0.5816666666666667 0.6441666666666667 0.023333333333333334 0.051666666666666666
0 0.5066666666666667 0.6466666666666666 0.013333333333333334 0.05333333333333334
0 0.4891666666666667 0.65 0.015 0.04
0 0.5358333333333334 0.6616666666666666 0.015 0.07333333333333333
0 0.525 0.6675 0.016666666666666666 0.06833333333333333
0 0.4741666666666667 0.6683333333333333 0.018333333333333333 0.07
0 0.4625 0.6708333333333333 0.011666666666666667 0.055
0 0.49166666666666664 0.675 0.023333333333333334 0.05
0 0.505 0.6975 0.02666666666666667 0.058333333333333334
0 0.4825 0.7083333333333334 0.03833333333333333 0.023333333333333334
0 0.49916666666666665 0.7341666666666666 0.021666666666666667 0.035
0 0.13916666666666666 0.7916666666666666 0.021666666666666667 0.05333333333333334
0 0.15333333333333332 0.83 0.02 0.056666666666666664
0 0.13666666666666666 0.8416666666666667 0.016666666666666666 0.05333333333333334
0 0.15916666666666668 0.8766666666666667 0.021666666666666667 0.05333333333333334
0 0.1175 0.8866666666666667 0.015 0.043333333333333335
0 0.14083333333333334 0.8925 0.018333333333333333 0.055
0 0.105 0.905 0.016666666666666666 0.03333333333333333
0 0.08833333333333333 0.9283333333333333 0.02 0.043333333333333335
0 0.1225 0.935 0.021666666666666667 0.043333333333333335
0 0.13416666666666666 0.9391666666666667 0.035 0.051666666666666666
0 0.10666666666666667 0.9408333333333333 0.02 0.04833333333333333
0 0.0875 0.96 0.021666666666666667 0.04666666666666667
0 0.13 0.9758333333333333 0.03666666666666667 0.045
0 0.105 0.9816666666666667 0.023333333333333334 0.03666666666666667
0 0.6641666666666667 0.3325 0.021666666666666667 0.051666666666666666
0 0.6541666666666667 0.395 0.021666666666666667 0.07
0 0.6591666666666667 0.42583333333333334 0.018333333333333333 0.055
0 0.6733333333333333 0.43083333333333335 0.023333333333333334 0.06833333333333333
0 0.635 0.43833333333333335 0.013333333333333334 0.06
