0 0.6608333333333334 0.515 0.03166666666666667 0.02
0 0.4075 0.5875 0.021666666666666667 0.03166666666666667
0 0.42833333333333334 0.5933333333333334 0.02 0.03666666666666667
0 0.42333333333333334 0.6116666666666667 0.013333333333333334 0.04666666666666667
0 0.43583333333333335 0.6316666666666667 0.011666666666666667 0.04
0 0.43583333333333335 0.6983333333333334 0.0016666666666666668 0.0033333333333333335
0 0.4083333333333333 0.6775 0.02 0.025
0 0.42 0.6733333333333333 0.02 0.05
0 0.43666666666666665 0.6808333333333333 0.01 0.045
0 0.405 0.705 0.013333333333333334 0.03666666666666667
0 0.41833333333333333 0.7166666666666667 0.013333333333333334 0.04666666666666667
0 0.41 0.7283333333333334 0.013333333333333334 0.05
0 0.31833333333333336 0.7341666666666666 0.02 0.041666666666666664
0 0.33416666666666667 0.7433333333333333 0.018333333333333333 0.023333333333333334
0 0.4083333333333333 0.7433333333333333 0.01 0.02
0 0.39166666666666666 0.745 0.023333333333333334 0.016666666666666666
0 0.35333333333333333 0.7566666666666667 0.023333333333333334 0.023333333333333334
0 0.39916666666666667 0.7616666666666667 0.025 0.023333333333333334
0 0.3725 0.7641666666666667 0.018333333333333333 0.041666666666666664
0 0.42 0.7691666666666667 0.016666666666666666 0.041666666666666664
0 0.38666666666666666 0.7766666666666666 0.013333333333333334 0.03
0 0.7291666666666666 0.7791666666666667 0.005 0.005
0 0.24666666666666667 0.10416666666666667 0.02 0.028333333333333332
0 0.2625 0.13 0.015 0.03
0 0.2525 0.1275 0.011666666666666667 0.03833333333333333
0 0.2625 0.13333333333333333 0.011666666666666667 0.02
0 0.2525 0.15666666666666668 0.018333333333333333 0.02666666666666667
0 0.21083333333333334 0.15916666666666668 0.025 0.025
0 0.1725 0.165 0.011666666666666667 0.03666666666666667
0 0.19416666666666665 0.18 0.018333333333333333 0.03
0 0.175 0.19583333333333333 0.016666666666666666 0.035
0 0.21 0.19583333333333333 0.016666666666666666 0.028333333333333332
0 0.1875 0.19666666666666666 0.015 0.03666666666666667
0 0.165 0.2 0.013333333333333334 0.023333333333333334
0 0.13916666666666666 0.2 0.025 0.02666666666666667
0 0.20083333333333334 0.21 0.015 0.03333333333333333
0 0.21333333333333335 0.21916666666666668 0.013333333333333334 0.021666666666666667
0 0.16333333333333333 0.21833333333333332 0.013333333333333334 0.02666666666666667
0 0.28583333333333333 0.36833333333333335 0.021666666666666667 0.03
0 0.28 0.41833333333333333 0.016666666666666666 0.043333333333333335
