0 0.5441666666666667 0.5058333333333334 0.03833333333333333 0.035
0 0.5541666666666667 0.5625 0.015 0.06833333333333333
0 0.5591666666666667 0.6716666666666666 0.015 0.09333333333333334
0 0.5675 0.7008333333333333 0.011666666666666667 0.06166666666666667
0 0.5183333333333333 0.2625 0.04 0.03166666666666667
0 0.22583333333333333 0.2925 0.018333333333333333 0.06166666666666667
0 0.25666666666666665 0.2941666666666667 0.03333333333333333 0.045
0 0.5025 0.30666666666666664 0.021666666666666667 0.07
0 0.5108333333333334 0.3175 0.018333333333333333 0.07833333333333334
0 0.4825 0.3233333333333333 0.025 0.03666666666666667
0 0.5408333333333334 0.31916666666666665 0.018333333333333333 0.06833333333333333
0 0.29583333333333334 0.3233333333333333 0.035 0.03333333333333333
0 0.5233333333333333 0.32166666666666666 0.02 0.08
0 0.27166666666666667 0.3325 0.03 0.035
0 0.23666666666666666 0.34 0.04 0.043333333333333335
0 0.3333333333333333 0.3575 0.043333333333333335 0.03166666666666667
0 0.455 0.3625 0.04 0.03833333333333333
0 0.2916666666666667 0.36666666666666664 0.03666666666666667 0.02666666666666667
0 0.49083333333333334 0.36916666666666664 0.041666666666666664 0.035
0 0.525 0.37333333333333335 0.02 0.056666666666666664
0 0.5025 0.3908333333333333 0.028333333333333332 0.051666666666666666
0 0.5316666666666666 0.3975 0.023333333333333334 0.075
0 0.47333333333333333 0.3983333333333333 0.03666666666666667 0.03666666666666667
0 0.5416666666666666 0.4141666666666667 0.02666666666666667 0.07166666666666667
