0 0.1475 0.5366666666666666 0.021666666666666667 0.07333333333333333
0 0.13 0.5341666666666667 0.02 0.06166666666666667
0 0.4575 0.5291666666666667 0.03833333333333333 0.03833333333333333
0 0.8758333333333334 0.52 0.028333333333333332 0.07
0 0.845 0.5208333333333334 0.03 0.04833333333333333
0 0.8241666666666667 0.485 0.018333333333333333 0.06666666666666667
0 0.9016666666666666 0.4691666666666667 0.03 0.055
0 0.8783333333333333 0.47333333333333333 0.03 0.04
0 0.8141666666666667 0.4575 0.018333333333333333 0.065
0 0.7125 0.9366666666666666 0.0016666666666666668 0.006666666666666667
0 0.22916666666666666 0.44166666666666665 0.03166666666666667 0.07
0 0.9116666666666666 0.4166666666666667 0.023333333333333334 0.06
0 0.8033333333333333 0.4058333333333333 0.03 0.06833333333333333
0 0.8291666666666667 0.3983333333333333 0.015 0.056666666666666664
0 0.8575 0.3908333333333333 0.03166666666666667 0.075
0 0.8141666666666667 0.385 0.041666666666666664 0.08333333333333333
0 0.13416666666666666 0.33916666666666667 0.035 0.03833333333333333
0 0.8116666666666666 0.3325 0.02666666666666667 0.04833333333333333
0 0.7866666666666666 0.31916666666666665 0.02666666666666667 0.045
0 0.14333333333333334 0.3025 0.03333333333333333 0.03833333333333333
0 0.7658333333333334 0.30083333333333334 0.025 0.035
0 0.8116666666666666 0.2966666666666667 0.02666666666666667 0.03333333333333333
0 0.79 0.29083333333333333 0.03 0.051666666666666666
0 0.17 0.29 0.04 0.03333333333333333
0 0.10916666666666666 0.2816666666666667 0.028333333333333332 0.06333333333333334
0 0.7683333333333333 0.2775 0.02666666666666667 0.03166666666666667
0 0.15166666666666667 0.27416666666666667 0.03333333333333333 0.028333333333333332
0 0.8016666666666666 0.2675 0.03666666666666667 0.028333333333333332
0 0.7583333333333333 0.25166666666666665 0.04666666666666667 0.03666666666666667
0 0.7891666666666667 0.24083333333333334 0.035 0.035
0 0.14833333333333334 0.24 0.03333333333333333 0.03666666666666667
0 0.12916666666666668 0.2325 0.028333333333333332 0.065
0 0.7675 0.21833333333333332 0.041666666666666664 0.03666666666666667
0 0.1075 0.21 0.015 0.04
0 0.14 0.17416666666666666 0.016666666666666666 0.03833333333333333
0 0.12416666666666666 0.16416666666666666 0.015 0.055
0 0.11166666666666666 0.15833333333333333 0.016666666666666666 0.06666666666666667
0 0.25666666666666665 0.135 0.02666666666666667 0.056666666666666664
0 0.14916666666666667 0.1375 0.021666666666666667 0.04833333333333333
0 0.13166666666666665 0.125 0.02 0.06333333333333334
0 0.24416666666666667 0.10166666666666667 0.028333333333333332 0.05
0 0.26916666666666667 0.0975 0.035 0.03166666666666667
0 0.23333333333333334 0.08833333333333333 0.03 0.04
0 0.19 0.09083333333333334 0.02 0.07166666666666667
0 0.11916666666666667 0.08916666666666667 0.018333333333333333 0.058333333333333334
0 0.7075 0.9241666666666667 0.025 0.08166666666666667
0 0.1425 0.08 0.018333333333333333 0.06333333333333334
0 0.235 0.06583333333333333 0.02666666666666667 0.03166666666666667
0 0.26166666666666666 0.06 0.02666666666666667 0.03333333333333333
0 0.13083333333333333 0.0525 0.015 0.058333333333333334
0 0.13833333333333334 0.021666666666666667 0.02 0.043333333333333335
0 0.14833333333333334 0.02 0.016666666666666666 0.04
0 0.12166666666666667 0.0175 0.02 0.035
0 0.165 0.016666666666666666 0.02666666666666667 0.03333333333333333
0 0.2891666666666667 0.005833333333333334 0.018333333333333333 0.011666666666666667
0 0.7541666666666667 0.7925 0.021666666666666667 0.045
0 0.7558333333333334 0.7633333333333333 0.021666666666666667 0.04666666666666667
0 0.7725 0.7608333333333334 0.018333333333333333 0.06833333333333333
0 0.74 0.755 0.016666666666666666 0.04666666666666667
0 0.765 0.7191666666666666 0.02666666666666667 0.04833333333333333
0 0.75 0.7066666666666667 0.023333333333333334 0.03
0 0.7816666666666666 0.6925 0.023333333333333334 0.058333333333333334
0 0.9483333333333334 0.685 0.02666666666666667 0.07333333333333333
0 0.7091666666666666 0.675 0.021666666666666667 0.07
0 0.16583333333333333 0.6666666666666666 0.018333333333333333 0.03666666666666667
0 0.1675 0.6441666666666667 0.03166666666666667 0.03166666666666667
0 0.14833333333333334 0.6275 0.013333333333333334 0.021666666666666667
0 0.7891666666666667 0.6216666666666667 0.021666666666666667 0.08333333333333333
0 0.3075 0.6158333333333333 0.041666666666666664 0.035
0 0.13583333333333333 0.5983333333333334 0.021666666666666667 0.06333333333333334
0 0.15083333333333335 0.5941666666666666 0.028333333333333332 0.058333333333333334
0 0.8466666666666667 0.5775 0.02666666666666667 0.06833333333333333
0 0.17333333333333334 0.555 0.03333333333333333 0.043333333333333335
