0 0.8658333333333333 0.4708333333333333 0.03166666666666667 0.075
0 0.30666666666666664 0.03 0.02666666666666667 0.06
0 0.4008333333333333 0.03 0.018333333333333333 0.06
0 0.7866666666666666 0.5275 0.023333333333333334 0.051666666666666666
0 0.8416666666666667 0.5308333333333334 0.023333333333333334 0.06833333333333333
0 0.8016666666666666 0.53 0.02666666666666667 0.06
0 0.7466666666666667 0.5366666666666666 0.02 0.056666666666666664
0 0.7683333333333333 0.5491666666666667 0.02 0.07166666666666667
0 0.7741666666666667 0.5783333333333334 0.035 0.04666666666666667
0 0.7941666666666667 0.5841666666666666 0.028333333333333332 0.03166666666666667
0 0.7283333333333334 0.5925 0.023333333333333334 0.055
0 0.75 0.5966666666666667 0.02 0.06333333333333334
0 0.7266666666666667 0.635 0.016666666666666666 0.06666666666666667
0 0.74 0.6541666666666667 0.013333333333333334 0.06166666666666667
0 0.7341666666666666 0.7033333333333334 0.028333333333333332 0.06333333333333334
0 0.7533333333333333 0.7166666666666667 0.016666666666666666 0.08
0 0.385 0.0475 0.016666666666666666 0.051666666666666666
0 0.7333333333333333 0.7525 0.02666666666666667 0.065
0 0.8266666666666667 0.7608333333333334 0.04 0.058333333333333334
0 0.4066666666666667 0.04833333333333333 0.02666666666666667 0.05
0 0.49666666666666665 0.7875 0.016666666666666666 0.07166666666666667
0 0.7566666666666667 0.7941666666666667 0.02 0.06833333333333333
0 0.7391666666666666 0.8083333333333333 0.025 0.056666666666666664
0 0.4866666666666667 0.8141666666666667 0.023333333333333334 0.065
0 0.7358333333333333 0.815 0.018333333333333333 0.043333333333333335
0 0.7558333333333334 0.8308333333333333 0.015 0.041666666666666664
0 0.4766666666666667 0.855 0.04 0.03333333333333333
0 0.36833333333333335 0.05 0.02 0.04666666666666667
0 0.7533333333333333 0.8766666666666667 0.016666666666666666 0.07333333333333333
0 0.5133333333333333 0.8758333333333334 0.03 0.045
0 0.47583333333333333 0.8925 0.028333333333333332 0.051666666666666666
0 0.49333333333333335 0.8983333333333333 0.02 0.05333333333333334
0 0.5075 0.9 0.021666666666666667 0.04666666666666667
0 0.5308333333333334 0.9258333333333333 0.03166666666666667 0.03833333333333333
0 0.515 0.94 0.02666666666666667 0.03666666666666667
0 0.4816666666666667 0.9408333333333333 0.023333333333333334 0.045
0 0.5008333333333334 0.9458333333333333 0.03166666666666667 0.041666666666666664
0 0.5383333333333333 0.9558333333333333 0.04 0.035
0 0.495 0.9808333333333333 0.03 0.03833333333333333
0 0.5133333333333333 0.9808333333333333 0.03 0.03166666666666667
0 0.5416666666666666 0.9816666666666667 0.03333333333333333 0.03
0 0.5541666666666667 0.9908333333333333 0.041666666666666664 0.018333333333333333
0 0.3858333333333333 0.085 0.028333333333333332 0.043333333333333335
0 0.2966666666666667 0.0825 0.013333333333333334 0.045
0 0.36333333333333334 0.09666666666666666 0.02 0.05333333333333334
0 0.31333333333333335 0.11666666666666667 0.016666666666666666 0.06
0 0.26916666666666667 0.11833333333333333 0.025 0.06666666666666667
0 0.2833333333333333 0.13 0.02 0.056666666666666664
0 0.3441666666666667 0.1375 0.018333333333333333 0.045
0 0.36333333333333334 0.135 0.03 0.05333333333333334
0 0.32666666666666666 0.15833333333333333 0.02 0.056666666666666664
0 0.2941666666666667 0.15333333333333332 0.021666666666666667 0.07
0 0.3075 0.17 0.021666666666666667 0.043333333333333335
0 0.34833333333333333 0.17416666666666666 0.013333333333333334 0.025
0 0.31916666666666665 0.1625 0.0016666666666666668 0.0016666666666666668
0 0.30583333333333335 0.20333333333333334 0.025 0.04
0 0.33 0.2075 0.03666666666666667 0.055
0 0.2816666666666667 0.22083333333333333 0.02666666666666667 0.065
0 0.26666666666666666 0.22416666666666665 0.023333333333333334 0.045
0 0.3983333333333333 0.010833333333333334 0.023333333333333334 0.021666666666666667
0 0.4175 0.011666666666666667 0.015 0.023333333333333334
0 0.39 0.2825 0.02 0.07166666666666667
0 0.43333333333333335 0.30333333333333334 0.013333333333333334 0.05
0 0.4683333333333333 0.30583333333333335 0.02666666666666667 0.07833333333333334
0 0.4558333333333333 0.31666666666666665 0.015 0.04666666666666667
0 0.8633333333333333 0.32416666666666666 0.023333333333333334 0.06166666666666667
0 0.9308333333333333 0.018333333333333333 0.03166666666666667 0.03666666666666667
0 0.8625 0.3858333333333333 0.025 0.055
0 0.5591666666666667 0.38916666666666666 0.025 0.075
0 0.8591666666666666 0.42833333333333334 0.021666666666666667 0.06333333333333334
