0 0.4033333333333333 0.5308333333333334 0.03333333333333333 0.03166666666666667
0 0.37916666666666665 0.5141666666666667 0.03833333333333333 0.028333333333333332
0 0.30416666666666664 0.49833333333333335 0.03166666666666667 0.05333333333333334
0 0.33916666666666667 0.49583333333333335 0.028333333333333332 0.03833333333333333
0 0.35083333333333333 0.4816666666666667 0.028333333333333332 0.04
0 0.38083333333333336 0.4841666666666667 0.03833333333333333 0.03166666666666667
0 0.29 0.47333333333333333 0.023333333333333334 0.08333333333333333
0 0.32666666666666666 0.4683333333333333 0.02 0.023333333333333334
0 0.37916666666666665 0.4583333333333333 0.035 0.03
0 0.35083333333333333 0.44666666666666666 0.035 0.03333333333333333
0 0.32166666666666666 0.43666666666666665 0.043333333333333335 0.03333333333333333
0 0.385 0.435 0.043333333333333335 0.03333333333333333
0 0.43916666666666665 0.43166666666666664 0.045 0.03333333333333333
0 0.28583333333333333 0.42333333333333334 0.03166666666666667 0.023333333333333334
0 0.3516666666666667 0.4025 0.02666666666666667 0.028333333333333332
0 0.3275 0.3975 0.028333333333333332 0.025
0 0.42916666666666664 0.3883333333333333 0.041666666666666664 0.03
0 0.46166666666666667 0.385 0.023333333333333334 0.05
0 0.355 0.38416666666666666 0.03666666666666667 0.025
0 0.31166666666666665 0.37083333333333335 0.03666666666666667 0.03166666666666667
0 0.41083333333333333 0.9533333333333334 0.028333333333333332 0.04666666666666667
0 0.3933333333333333 0.9583333333333334 0.03 0.04
0 0.32916666666666666 0.3525 0.045 0.035
0 0.4325 0.3466666666666667 0.035 0.04666666666666667
0 0.2825 0.33416666666666667 0.041666666666666664 0.04833333333333333
0 0.41583333333333333 0.3233333333333333 0.045 0.04
0 0.37916666666666665 0.30416666666666664 0.03833333333333333 0.051666666666666666
0 0.45916666666666667 0.3016666666666667 0.03833333333333333 0.05333333333333334
0 0.44 0.29083333333333333 0.04 0.035
0 0.41083333333333333 0.26916666666666667 0.03833333333333333 0.03833333333333333
0 0.43833333333333335 0.27 0.03 0.03666666666666667
0 0.9291666666666667 0.235 0.04833333333333333 0.04
0 0.395 0.23 0.02666666666666667 0.07666666666666666
0 0.44083333333333335 0.22583333333333333 0.035 0.035
0 0.91 0.21166666666666667 0.023333333333333334 0.03333333333333333
0 0.42083333333333334 0.9416666666666667 0.025 0.02666666666666667
0 0.44083333333333335 0.20166666666666666 0.035 0.04666666666666667
0 0.935 0.20416666666666666 0.043333333333333335 0.03833333333333333
0 0.35333333333333333 0.9375 0.04 0.03833333333333333
0 0.8675 0.10333333333333333 0.051666666666666666 0.06666666666666667
0 0.5683333333333334 0.05333333333333334 0.03 0.07
0 0.37833333333333335 0.9275 0.03 0.028333333333333332
0 0.9308333333333333 0.02666666666666667 0.04833333333333333 0.05333333333333334
0 0.3958333333333333 0.9191666666666667 0.021666666666666667 0.021666666666666667
0 0.3566666666666667 0.9141666666666667 0.023333333333333334 0.025
0 0.41333333333333333 0.9141666666666667 0.03 0.03833333333333333
0 0.38333333333333336 0.8983333333333333 0.03666666666666667 0.03
0 0.4266666666666667 0.8908333333333334 0.03666666666666667 0.03166666666666667
0 0.37666666666666665 0.8791666666666667 0.03333333333333333 0.045
0 0.4058333333333333 0.8658333333333333 0.03833333333333333 0.041666666666666664
0 0.35333333333333333 0.8608333333333333 0.03666666666666667 0.041666666666666664
0 0.37916666666666665 0.8666666666666667 0.03833333333333333 0.05333333333333334
0 0.7116666666666667 0.8208333333333333 0.05333333333333334 0.03166666666666667
0 0.7608333333333334 0.8066666666666666 0.051666666666666666 0.03333333333333333
0 0.7975 0.7908333333333334 0.03166666666666667 0.028333333333333332
0 0.42833333333333334 0.6758333333333333 0.02 0.06166666666666667
0 0.41583333333333333 0.6758333333333333 0.015 0.058333333333333334
0 0.845 0.6666666666666666 0.03666666666666667 0.043333333333333335
0 0.8208333333333333 0.6575 0.051666666666666666 0.03833333333333333
0 0.3975 0.6325 0.021666666666666667 0.065
0 0.4083333333333333 0.6175 0.03 0.06166666666666667
0 0.37666666666666665 0.6166666666666667 0.023333333333333334 0.07
0 0.41583333333333333 0.6166666666666667 0.035 0.06333333333333334
0 0.37166666666666665 0.5775 0.03666666666666667 0.035
0 0.395 0.5741666666666667 0.03 0.021666666666666667
0 0.4175 0.565 0.025 0.04
0 0.385 0.5525 0.04 0.028333333333333332
0 0.3375 0.5508333333333333 0.015 0.065
0 0.43583333333333335 0.9775 0.03166666666666667 0.03166666666666667
0 0.3675 0.5408333333333334 0.03166666666666667 0.03833333333333333
