0 0.7925 0.5233333333333333 0.051666666666666666 0.09666666666666666
0 0.5291666666666667 0.48833333333333334 0.07166666666666667 0.06333333333333334
0 0.725 0.4925 0.03333333333333333 0.11833333333333333
0 0.6108333333333333 0.43833333333333335 0.055 0.09
0 0.7891666666666667 0.36666666666666664 0.06166666666666667 0.09333333333333334
0 0.07416666666666667 0.31583333333333335 0.051666666666666666 0.11833333333333333
0 0.48333333333333334 0.2991666666666667 0.04666666666666667 0.095
0 0.12916666666666668 0.29833333333333334 0.08166666666666667 0.06333333333333334
0 0.018333333333333333 0.2725 0.03666666666666667 0.08833333333333333
0 0.15166666666666667 0.23166666666666666 0.08666666666666667 0.06
0 0.020833333333333332 0.19583333333333333 0.041666666666666664 0.07166666666666667
0 0.07833333333333334 0.18166666666666667 0.05 0.12
0 0.10666666666666667 0.9175 0.02666666666666667 0.03833333333333333
0 0.13333333333333333 0.1625 0.08333333333333333 0.051666666666666666
0 0.52 0.1525 0.03 0.12166666666666667
0 0.7491666666666666 0.013333333333333334 0.021666666666666667 0.02666666666666667
0 0.4575 0.7708333333333334 0.06166666666666667 0.04833333333333333
0 0.5708333333333333 0.5475 0.035 0.09833333333333333
0 0.6225 0.5291666666666667 0.051666666666666666 0.095
