0 0.7441666666666666 0.049166666666666664 0.045 0.09833333333333333
0 0.21666666666666667 0.5475 0.04 0.18166666666666667
0 0.7058333333333333 0.05583333333333333 0.03833333333333333 0.11166666666666666
0 0.3383333333333333 0.06833333333333333 0.04 0.13666666666666666
0 0.5791666666666667 0.8458333333333333 0.04833333333333333 0.18833333333333332
0 0.3491666666666667 0.895 0.09166666666666666 0.09666666666666666
0 0.8466666666666667 0.9175 0.056666666666666664 0.165
0 0.7758333333333334 0.93 0.058333333333333334 0.14
0 0.2633333333333333 0.9558333333333333 0.056666666666666664 0.08833333333333333
0 0.6633333333333333 0.14166666666666666 0.05 0.14333333333333334
0 0.9333333333333333 0.37583333333333335 0.056666666666666664 0.135
