0 0.3616666666666667 0.04666666666666667 0.02 0.04666666666666667
0 0.8283333333333334 0.48833333333333334 0.02 0.05333333333333334
0 0.8125 0.5183333333333333 0.015 0.05
0 0.37583333333333335 0.049166666666666664 0.018333333333333333 0.07833333333333334
0 0.8225 0.5466666666666666 0.021666666666666667 0.06333333333333334
0 0.7608333333333334 0.555 0.028333333333333332 0.06333333333333334
0 0.7458333333333333 0.555 0.021666666666666667 0.05333333333333334
0 0.8908333333333334 0.04416666666666667 0.035 0.08166666666666667
0 0.7166666666666667 0.6108333333333333 0.0033333333333333335 0.0016666666666666668
0 0.8025 0.565 0.021666666666666667 0.07
0 0.725 0.5758333333333333 0.023333333333333334 0.075
0 0.76 0.6041666666666666 0.02666666666666667 0.03166666666666667
0 0.7308333333333333 0.6266666666666667 0.025 0.07333333333333333
0 0.7166666666666667 0.7175 0.016666666666666666 0.058333333333333334
0 0.705 0.7191666666666666 0.02 0.06166666666666667
0 0.705 0.7608333333333334 0.023333333333333334 0.058333333333333334
0 0.2841666666666667 0.07416666666666667 0.015 0.051666666666666666
0 0.6875 0.7666666666666667 0.011666666666666667 0.07
0 0.7841666666666667 0.7766666666666666 0.03833333333333333 0.056666666666666664
0 0.725 0.7825 0.016666666666666666 0.06833333333333333
0 0.7025 0.7883333333333333 0.018333333333333333 0.06
0 0.3591666666666667 0.07583333333333334 0.018333333333333333 0.055
0 0.7033333333333334 0.8266666666666667 0.023333333333333334 0.056666666666666664
0 0.7208333333333333 0.8258333333333333 0.018333333333333333 0.058333333333333334
0 0.7 0.8408333333333333 0.01 0.025
0 0.6866666666666666 0.8483333333333334 0.016666666666666666 0.08
0 0.38083333333333336 0.0775 0.025 0.045
0 0.7208333333333333 0.87 0.011666666666666667 0.04
0 0.4625 0.8925 0.03833333333333333 0.051666666666666666
0 0.7133333333333334 0.8925 0.016666666666666666 0.07166666666666667
0 0.5083333333333333 0.9366666666666666 0.04 0.05
0 0.4575 0.9325 0.03166666666666667 0.055
0 0.5358333333333334 0.9391666666666667 0.03166666666666667 0.045
0 0.4775 0.9416666666666667 0.028333333333333332 0.06
0 0.44916666666666666 0.9466666666666667 0.028333333333333332 0.043333333333333335
0 0.26166666666666666 0.09416666666666666 0.02 0.058333333333333334
0 0.3416666666666667 0.0875 0.02 0.04833333333333333
0 0.505 0.9666666666666667 0.03333333333333333 0.04666666666666667
0 0.5566666666666666 0.9833333333333333 0.03 0.03333333333333333
0 0.5375 0.9825 0.03166666666666667 0.035
0 0.4625 0.9833333333333333 0.03166666666666667 0.03333333333333333
0 0.51 0.9908333333333333 0.02666666666666667 0.018333333333333333
0 0.3225 0.09666666666666666 0.028333333333333332 0.05
0 0.27416666666666667 0.11666666666666667 0.015 0.06
0 0.35833333333333334 0.11666666666666667 0.02666666666666667 0.05
0 0.335 0.13333333333333333 0.02 0.05
0 0.2916666666666667 0.13916666666666666 0.016666666666666666 0.058333333333333334
0 0.245 0.1575 0.02 0.07166666666666667
0 0.25833333333333336 0.1525 0.023333333333333334 0.04833333333333333
0 0.3175 0.15916666666666668 0.015 0.041666666666666664
0 0.335 0.16333333333333333 0.02666666666666667 0.043333333333333335
0 0.3025 0.17916666666666667 0.018333333333333333 0.04833333333333333
0 0.2841666666666667 0.18916666666666668 0.018333333333333333 0.045
0 0.32416666666666666 0.19583333333333333 0.015 0.025
0 0.26916666666666667 0.20083333333333334 0.018333333333333333 0.06833333333333333
0 0.3458333333333333 0.016666666666666666 0.018333333333333333 0.03333333333333333
0 0.30666666666666664 0.22666666666666666 0.03666666666666667 0.056666666666666664
0 0.2791666666666667 0.2275 0.028333333333333332 0.04833333333333333
0 0.24833333333333332 0.23333333333333334 0.02666666666666667 0.043333333333333335
0 0.25166666666666665 0.2816666666666667 0.023333333333333334 0.07666666666666666
0 0.36333333333333334 0.3016666666666667 0.016666666666666666 0.07
0 0.4058333333333333 0.3233333333333333 0.015 0.05
0 0.39 0.03 0.016666666666666666 0.05
0 0.44166666666666665 0.32666666666666666 0.023333333333333334 0.07666666666666666
0 0.4275 0.335 0.011666666666666667 0.05
0 0.5316666666666666 0.43166666666666664 0.02666666666666667 0.07333333333333333
0 0.8358333333333333 0.44 0.015 0.06
