0 0.485 0.49833333333333335 0.02 0.06
0 0.4766666666666667 0.5383333333333333 0.02 0.07
0 0.4866666666666667 0.5383333333333333 0.023333333333333334 0.07
0 0.31416666666666665 0.05333333333333334 0.015 0.06
0 0.475 0.5683333333333334 0.016666666666666666 0.07
0 0.4925 0.615 0.018333333333333333 0.06666666666666667
0 0.4716666666666667 0.6491666666666667 0.013333333333333334 0.06833333333333333
0 0.45166666666666666 0.6508333333333334 0.01 0.07166666666666667
0 0.4633333333333333 0.6683333333333333 0.016666666666666666 0.06666666666666667
0 0.49666666666666665 0.6708333333333333 0.03 0.051666666666666666
0 0.4866666666666667 0.7075 0.023333333333333334 0.045
0 0.4508333333333333 0.7066666666666667 0.03166666666666667 0.05
0 0.48583333333333334 0.7416666666666667 0.028333333333333332 0.05333333333333334
0 0.4508333333333333 0.7441666666666666 0.0016666666666666668 0.0016666666666666668
0 0.49916666666666665 0.74 0.025 0.02666666666666667
0 0.43833333333333335 0.0075 0.03 0.015
0 0.4625 0.7541666666666667 0.03166666666666667 0.051666666666666666
0 0.5108333333333334 0.7591666666666667 0.021666666666666667 0.021666666666666667
0 0.4891666666666667 0.7716666666666666 0.025 0.03
0 0.49333333333333335 0.8033333333333333 0.023333333333333334 0.04666666666666667
0 0.515 0.805 0.02666666666666667 0.03
0 0.5116666666666667 0.84 0.02 0.05333333333333334
0 0.5325 0.8416666666666667 0.03166666666666667 0.04666666666666667
0 0.5283333333333333 0.8741666666666666 0.016666666666666666 0.055
0 0.5466666666666666 0.8841666666666667 0.02666666666666667 0.03166666666666667
0 0.31916666666666665 0.085 0.015 0.06
0 0.5508333333333333 0.9091666666666667 0.028333333333333332 0.035
0 0.5283333333333333 0.905 0.03 0.05333333333333334
0 0.5366666666666666 0.9358333333333333 0.02666666666666667 0.041666666666666664
0 0.5583333333333333 0.9408333333333333 0.02666666666666667 0.03833333333333333
0 0.5883333333333334 0.9433333333333334 0.03 0.03333333333333333
0 0.535 0.9558333333333333 0.03333333333333333 0.04833333333333333
0 0.5716666666666667 0.9641666666666666 0.03 0.03166666666666667
0 0.57 0.9891666666666666 0.03333333333333333 0.021666666666666667
0 0.3416666666666667 0.1025 0.02666666666666667 0.055
0 0.33416666666666667 0.14083333333333334 0.021666666666666667 0.06833333333333333
0 0.3675 0.14166666666666666 0.025 0.04
0 0.37 0.17 0.03333333333333333 0.05333333333333334
0 0.37 0.15833333333333333 0.0033333333333333335 0.0033333333333333335
0 0.4025 0.18666666666666668 0.03166666666666667 0.056666666666666664
0 0.36916666666666664 0.21416666666666667 0.028333333333333332 0.065
0 0.4041666666666667 0.2275 0.03166666666666667 0.041666666666666664
0 0.3925 0.24666666666666667 0.025 0.043333333333333335
0 0.4033333333333333 0.23833333333333334 0.02666666666666667 0.05
0 0.43166666666666664 0.24333333333333335 0.02666666666666667 0.06666666666666667
0 0.32 0.02666666666666667 0.013333333333333334 0.05333333333333334
0 0.43416666666666665 0.2875 0.035 0.04833333333333333
0 0.405 0.29 0.03666666666666667 0.05333333333333334
0 0.43833333333333335 0.33166666666666667 0.023333333333333334 0.056666666666666664
0 0.42583333333333334 0.3425 0.03166666666666667 0.058333333333333334
0 0.465 0.3825 0.02666666666666667 0.06833333333333333
0 0.4666666666666667 0.43916666666666665 0.02 0.065
0 0.4533333333333333 0.44916666666666666 0.016666666666666666 0.051666666666666666
0 0.4816666666666667 0.44916666666666666 0.023333333333333334 0.058333333333333334
