0 0.8283333333333334 0.4866666666666667 0.03 0.06333333333333334
0 0.8325 0.4875 0.03166666666666667 0.06833333333333333
0 0.5258333333333334 0.4825 0.025 0.07166666666666667
0 0.8208333333333333 0.4583333333333333 0.021666666666666667 0.07333333333333333
0 0.38166666666666665 0.9433333333333334 0.016666666666666666 0.05333333333333334
0 0.76 0.37916666666666665 0.02666666666666667 0.045
0 0.7108333333333333 0.36833333333333335 0.025 0.043333333333333335
0 0.74 0.36583333333333334 0.02666666666666667 0.055
0 0.7766666666666666 0.36083333333333334 0.02 0.055
0 0.7316666666666667 0.3541666666666667 0.02 0.075
0 0.78 0.3825 0.0033333333333333335 0.005
0 0.76 0.3408333333333333 0.02 0.055
0 0.6883333333333334 0.31916666666666665 0.02 0.051666666666666666
0 0.7025 0.31916666666666665 0.018333333333333333 0.065
0 0.7541666666666667 0.2975 0.028333333333333332 0.035
0 0.7016666666666667 0.26416666666666666 0.023333333333333334 0.058333333333333334
0 0.7016666666666667 0.2275 0.02 0.058333333333333334
0 0.7183333333333334 0.18666666666666668 0.016666666666666666 0.08333333333333333
0 0.6991666666666667 0.17583333333333334 0.021666666666666667 0.065
0 0.44916666666666666 0.155 0.018333333333333333 0.07333333333333333
0 0.7166666666666667 0.155 0.016666666666666666 0.06666666666666667
0 0.43583333333333335 0.135 0.021666666666666667 0.06666666666666667
0 0.7 0.12916666666666668 0.02666666666666667 0.058333333333333334
0 0.8025 0.12916666666666668 0.03833333333333333 0.06166666666666667
0 0.42333333333333334 0.12666666666666668 0.023333333333333334 0.06666666666666667
0 0.8958333333333334 0.9141666666666667 0.025 0.07833333333333334
0 0.72 0.10416666666666667 0.016666666666666666 0.035
0 0.4091666666666667 0.09333333333333334 0.03166666666666667 0.08
0 0.4225 0.08833333333333333 0.028333333333333332 0.07666666666666666
0 0.7058333333333333 0.0775 0.018333333333333333 0.03833333333333333
0 0.45666666666666667 0.07916666666666666 0.02666666666666667 0.051666666666666666
0 0.445 0.07 0.023333333333333334 0.056666666666666664
0 0.7208333333333333 0.06 0.021666666666666667 0.07333333333333333
0 0.4508333333333333 0.025833333333333333 0.025 0.04833333333333333
0 0.335 0.9066666666666666 0.016666666666666666 0.06
0 0.43083333333333335 0.025833333333333333 0.021666666666666667 0.051666666666666666
0 0.4683333333333333 0.023333333333333334 0.02 0.04666666666666667
0 0.4508333333333333 0.005 0.018333333333333333 0.01
0 0.36583333333333334 0.8991666666666667 0.021666666666666667 0.051666666666666666
0 0.37833333333333335 0.8816666666666667 0.02 0.05333333333333334
0 0.285 0.8583333333333333 0.03 0.05333333333333334
0 0.36 0.8425 0.02 0.06833333333333333
0 0.37333333333333335 0.8341666666666666 0.023333333333333334 0.065
0 0.3466666666666667 0.8275 0.013333333333333334 0.055
0 0.3283333333333333 0.795 0.023333333333333334 0.06333333333333334
0 0.3925 0.9791666666666666 0.015 0.041666666666666664
0 0.25833333333333336 0.7825 0.02 0.07166666666666667
0 0.335 0.7766666666666666 0.02 0.05333333333333334
0 0.3516666666666667 0.7808333333333334 0.023333333333333334 0.058333333333333334
0 0.3175 0.9808333333333333 0.015 0.03833333333333333
0 0.2675 0.7516666666666667 0.018333333333333333 0.07666666666666666
0 0.32916666666666666 0.7316666666666667 0.025 0.056666666666666664
0 0.31166666666666665 0.7241666666666666 0.016666666666666666 0.055
0 0.24666666666666667 0.7141666666666666 0.013333333333333334 0.065
0 0.26 0.7133333333333334 0.016666666666666666 0.08
0 0.2941666666666667 0.7016666666666667 0.021666666666666667 0.043333333333333335
0 0.3125 0.6875 0.015 0.03833333333333333
0 0.27166666666666667 0.6858333333333333 0.023333333333333334 0.041666666666666664
0 0.2925 0.6725 0.028333333333333332 0.035
0 0.27 0.6466666666666666 0.023333333333333334 0.05
0 0.2925 0.6416666666666667 0.03833333333333333 0.056666666666666664
0 0.7991666666666667 0.6733333333333333 0.0016666666666666668 0.0033333333333333335
0 0.24916666666666668 0.6225 0.021666666666666667 0.075
0 0.23 0.615 0.023333333333333334 0.05
0 0.355 0.5716666666666667 0.02 0.07333333333333333
0 0.8233333333333334 0.5575 0.023333333333333334 0.07166666666666667
0 0.435 0.555 0.023333333333333334 0.07333333333333333
0 0.4216666666666667 0.545 0.016666666666666666 0.043333333333333335
0 0.42083333333333334 0.545 0.015 0.043333333333333335
0 0.40166666666666667 0.5341666666666667 0.02 0.041666666666666664
