0 0.4175 0.5408333333333334 0.03833333333333333 0.03166666666666667
0 0.1225 0.5366666666666666 0.015 0.04666666666666667
0 0.44333333333333336 0.525 0.023333333333333334 0.02
0 0.09416666666666666 0.52 0.028333333333333332 0.04666666666666667
0 0.135 0.5325 0.0033333333333333335 0.0016666666666666668
0 0.4241666666666667 0.5108333333333334 0.03833333333333333 0.035
0 0.13333333333333333 0.5108333333333334 0.02666666666666667 0.055
0 0.1125 0.49666666666666665 0.021666666666666667 0.06
0 0.15916666666666668 0.4891666666666667 0.025 0.018333333333333333
0 0.08916666666666667 0.4825 0.021666666666666667 0.028333333333333332
0 0.445 0.4816666666666667 0.03333333333333333 0.03
0 0.4275 0.4741666666666667 0.035 0.04833333333333333
0 0.4008333333333333 0.47583333333333333 0.021666666666666667 0.065
0 0.14583333333333334 0.4716666666666667 0.03166666666666667 0.03
0 0.14833333333333334 0.4483333333333333 0.03333333333333333 0.043333333333333335
0 0.0875 0.4508333333333333 0.025 0.085
0 0.105 0.44 0.023333333333333334 0.07
0 0.125 0.43916666666666665 0.03 0.055
0 0.12416666666666666 0.38916666666666666 0.025 0.055
0 0.9791666666666666 0.3875 0.03166666666666667 0.065
0 0.105 0.38333333333333336 0.02 0.05333333333333334
0 0.09666666666666666 0.34833333333333333 0.02 0.06333333333333334
0 0.11833333333333333 0.33 0.03 0.05333333333333334
0 0.53 0.325 0.043333333333333335 0.03333333333333333
0 0.21833333333333332 0.30416666666666664 0.03 0.06833333333333333
0 0.8125 0.285 0.051666666666666666 0.03666666666666667
0 0.7425 0.28 0.028333333333333332 0.04
0 0.13416666666666666 0.2775 0.03166666666666667 0.058333333333333334
0 0.9116666666666666 0.2725 0.02 0.051666666666666666
0 0.9541666666666667 0.26666666666666666 0.028333333333333332 0.08333333333333333
0 0.8408333333333333 0.2425 0.041666666666666664 0.06166666666666667
0 0.8058333333333333 0.23916666666666667 0.025 0.06833333333333333
0 0.765 0.23416666666666666 0.05 0.045
0 0.7066666666666667 0.22916666666666666 0.03333333333333333 0.035
0 0.6666666666666666 0.225 0.04666666666666667 0.03
0 0.8508333333333333 0.215 0.025 0.05333333333333334
0 0.6775 0.20083333333333334 0.041666666666666664 0.028333333333333332
0 0.815 0.2025 0.05333333333333334 0.028333333333333332
0 0.2875 0.19 0.035 0.04666666666666667
0 0.8291666666666667 0.18 0.041666666666666664 0.02666666666666667
0 0.9658333333333333 0.16833333333333333 0.041666666666666664 0.06
0 0.8533333333333334 0.16416666666666666 0.03333333333333333 0.041666666666666664
0 0.8175 0.15916666666666668 0.04833333333333333 0.03166666666666667
0 0.2683333333333333 0.14666666666666667 0.03333333333333333 0.043333333333333335
0 0.8091666666666667 0.145 0.051666666666666666 0.04666666666666667
0 0.85 0.13833333333333334 0.03333333333333333 0.02
0 0.2841666666666667 0.1325 0.041666666666666664 0.03166666666666667
0 0.8316666666666667 0.12 0.03 0.02
0 0.9866666666666667 0.11166666666666666 0.02666666666666667 0.06333333333333334
0 0.1525 0.034166666666666665 0.025 0.06833333333333333
0 0.10416666666666667 0.9041666666666667 0.041666666666666664 0.04833333333333333
0 0.08666666666666667 0.8433333333333334 0.03 0.08666666666666667
0 0.8341666666666666 0.7925 0.03833333333333333 0.06833333333333333
0 0.32 0.7716666666666666 0.023333333333333334 0.08333333333333333
0 0.8258333333333333 0.7441666666666666 0.04833333333333333 0.06166666666666667
0 0.11083333333333334 0.68 0.021666666666666667 0.06333333333333334
0 0.8641666666666666 0.6641666666666667 0.035 0.07166666666666667
0 0.12583333333333332 0.6583333333333333 0.025 0.056666666666666664
0 0.10333333333333333 0.6466666666666666 0.02 0.06
0 0.08666666666666667 0.6325 0.023333333333333334 0.06166666666666667
0 0.13166666666666665 0.6141666666666666 0.02 0.055
0 0.09333333333333334 0.6 0.02 0.04666666666666667
0 0.11666666666666667 0.5966666666666667 0.02666666666666667 0.07
0 0.15666666666666668 0.5816666666666667 0.02666666666666667 0.06333333333333334
0 0.13083333333333333 0.5725 0.025 0.075
0 0.0925 0.575 0.018333333333333333 0.07333333333333333
0 0.07916666666666666 0.5591666666666667 0.021666666666666667 0.058333333333333334
0 0.135 0.56 0.023333333333333334 0.05333333333333334
0 0.16833333333333333 0.5516666666666666 0.023333333333333334 0.07333333333333333
0 0.10833333333333334 0.55 0.02 0.04666666666666667
