0 0.7366666666666667 0.4116666666666667 0.02 0.09
0 0.4091666666666667 0.3775 0.03166666666666667 0.021666666666666667
0 0.4375 0.37416666666666665 0.035 0.028333333333333332
0 0.37333333333333335 0.35333333333333333 0.03 0.03333333333333333
0 0.46416666666666667 0.35 0.03166666666666667 0.043333333333333335
0 0.43083333333333335 0.3491666666666667 0.03833333333333333 0.025
0 0.4866666666666667 0.3458333333333333 0.03 0.03833333333333333
0 0.3975 0.34833333333333333 0.03166666666666667 0.02666666666666667
0 0.6858333333333333 0.3441666666666667 0.03166666666666667 0.06166666666666667
0 0.4141666666666667 0.33166666666666667 0.03166666666666667 0.02666666666666667
0 0.4533333333333333 0.3325 0.03333333333333333 0.025
0 0.4 0.31833333333333336 0.04 0.03333333333333333
0 0.5816666666666667 0.30583333333333335 0.02666666666666667 0.06166666666666667
0 0.37666666666666665 0.30416666666666664 0.02666666666666667 0.028333333333333332
0 0.3591666666666667 0.3 0.028333333333333332 0.05333333333333334
0 0.6741666666666667 0.2891666666666667 0.015 0.06166666666666667
0 0.435 0.2916666666666667 0.03666666666666667 0.03666666666666667
0 0.39666666666666667 0.2833333333333333 0.03333333333333333 0.023333333333333334
0 0.36 0.2783333333333333 0.03333333333333333 0.02666666666666667
0 0.6583333333333333 0.26 0.023333333333333334 0.07666666666666666
0 0.35583333333333333 0.255 0.03166666666666667 0.04
0 0.37333333333333335 0.25333333333333335 0.03333333333333333 0.043333333333333335
0 0.23 0.1775 0.0033333333333333335 0.0016666666666666668
0 0.7933333333333333 0.8733333333333333 0.023333333333333334 0.07
0 0.7958333333333333 0.8175 0.015 0.045
0 0.8 0.7983333333333333 0.02666666666666667 0.08666666666666667
0 0.7908333333333334 0.7733333333333333 0.025 0.04666666666666667
0 0.7583333333333333 0.6625 0.03 0.06833333333333333
0 0.7316666666666667 0.5491666666666667 0.02 0.07166666666666667
