0 0.1475 0.5058333333333334 0.03166666666666667 0.07166666666666667
0 0.8658333333333333 0.5691666666666667 0.03833333333333333 0.03166666666666667
0 0.8841666666666667 0.5933333333333334 0.035 0.02666666666666667
0 0.87 0.61 0.03333333333333333 0.02666666666666667
0 0.8408333333333333 0.6241666666666666 0.03833333333333333 0.028333333333333332
0 0.8675 0.6366666666666667 0.03166666666666667 0.03
0 0.0125 0.03666666666666667 0.025 0.07333333333333333
0 0.8858333333333334 0.6583333333333333 0.03833333333333333 0.03333333333333333
0 0.8466666666666667 0.6716666666666666 0.04 0.03
0 0.9258333333333333 0.69 0.018333333333333333 0.03666666666666667
0 0.8941666666666667 0.7008333333333333 0.021666666666666667 0.06166666666666667
0 0.885 0.7041666666666667 0.03333333333333333 0.03166666666666667
0 0.9116666666666666 0.7133333333333334 0.02 0.08
0 0.8516666666666667 0.7233333333333334 0.02666666666666667 0.043333333333333335
0 0.8816666666666667 0.7591666666666667 0.03666666666666667 0.045
0 0.9141666666666667 0.7566666666666667 0.025 0.06333333333333334
0 0.86 0.7666666666666667 0.03333333333333333 0.043333333333333335
0 0.7683333333333333 0.7733333333333333 0.023333333333333334 0.06
0 0.8916666666666667 0.7966666666666666 0.03 0.04666666666666667
0 0.84 0.8025 0.023333333333333334 0.075
0 0.7491666666666666 0.8008333333333333 0.025 0.058333333333333334
0 0.8758333333333334 0.8075 0.03833333333333333 0.035
0 0.7741666666666667 0.815 0.035 0.04
0 0.9116666666666666 0.82 0.02 0.07
0 0.7841666666666667 0.83 0.035 0.03333333333333333
0 0.7908333333333334 0.8458333333333333 0.035 0.035
0 0.7541666666666667 0.8608333333333333 0.028333333333333332 0.03833333333333333
0 0.8933333333333333 0.8625 0.03 0.065
0 0.8908333333333334 0.8766666666666667 0.03166666666666667 0.06
0 0.8758333333333334 0.9158333333333334 0.028333333333333332 0.08166666666666667
0 0.7358333333333333 0.9416666666666667 0.018333333333333333 0.07666666666666666
0 0.8841666666666667 0.95 0.028333333333333332 0.05333333333333334
0 0.8641666666666666 0.98 0.025 0.04
0 0.8558333333333333 0.98 0.03833333333333333 0.04
0 0.27416666666666667 0.08 0.021666666666666667 0.043333333333333335
0 0.22666666666666666 0.09166666666666666 0.02 0.07666666666666666
0 0.255 0.09166666666666666 0.02 0.07
0 0.26416666666666666 0.12083333333333333 0.028333333333333332 0.04833333333333333
0 0.2783333333333333 0.1375 0.016666666666666666 0.028333333333333332
0 0.23666666666666666 0.14583333333333334 0.023333333333333334 0.065
0 0.2608333333333333 0.15583333333333332 0.03166666666666667 0.045
0 0.2375 0.15916666666666668 0.025 0.055
0 0.0675 0.1775 0.018333333333333333 0.07166666666666667
0 0.81 0.19583333333333333 0.0033333333333333335 0.005
0 0.21166666666666667 0.1875 0.02 0.055
0 0.2816666666666667 0.19166666666666668 0.023333333333333334 0.02666666666666667
0 0.23916666666666667 0.21166666666666667 0.03166666666666667 0.08
0 0.8225 0.2125 0.03166666666666667 0.04833333333333333
0 0.20833333333333334 0.215 0.03 0.056666666666666664
0 0.17333333333333334 0.22833333333333333 0.02 0.07333333333333333
0 0.30583333333333335 0.22916666666666666 0.025 0.06833333333333333
0 0.8308333333333333 0.2475 0.03166666666666667 0.041666666666666664
0 0.8025 0.25666666666666665 0.028333333333333332 0.03
0 0.745 0.2733333333333333 0.04 0.04
0 0.19833333333333333 0.2725 0.016666666666666666 0.06833333333333333
0 0.8341666666666666 0.275 0.028333333333333332 0.03666666666666667
0 0.185 0.275 0.016666666666666666 0.06666666666666667
0 0.81 0.2866666666666667 0.03333333333333333 0.03
0 0.84 0.3025 0.02666666666666667 0.041666666666666664
0 0.17083333333333334 0.3175 0.018333333333333333 0.06166666666666667
0 0.8241666666666667 0.31916666666666665 0.035 0.041666666666666664
0 0.8458333333333333 0.32 0.018333333333333333 0.05
0 0.2025 0.32666666666666666 0.028333333333333332 0.04666666666666667
0 0.1825 0.3308333333333333 0.021666666666666667 0.04833333333333333
0 0.14416666666666667 0.335 0.021666666666666667 0.06666666666666667
0 0.20833333333333334 0.3566666666666667 0.013333333333333334 0.05
0 0.5483333333333333 0.37416666666666665 0.02666666666666667 0.07166666666666667
0 0.16083333333333333 0.375 0.021666666666666667 0.05
0 0.19166666666666668 0.38916666666666666 0.02 0.08166666666666667
0 0.12333333333333334 0.39 0.02 0.056666666666666664
0 0.17583333333333334 0.3975 0.018333333333333333 0.065
0 0.16416666666666666 0.4008333333333333 0.011666666666666667 0.06166666666666667
0 0.14 0.4116666666666667 0.02 0.08
0 0.155 0.43 0.016666666666666666 0.06
0 0.7941666666666667 0.465 0.03166666666666667 0.06666666666666667
0 0.175 0.4691666666666667 0.03 0.08166666666666667
