0 0.4025 0.43166666666666664 0.011666666666666667 0.013333333333333334
0 0.49583333333333335 0.43416666666666665 0.018333333333333333 0.035
0 0.5166666666666667 0.46 0.016666666666666666 0.03
0 0.5741666666666667 0.4891666666666667 0.025 0.021666666666666667
0 0.55 0.49833333333333335 0.02 0.02666666666666667
0 0.5691666666666667 0.505 0.021666666666666667 0.023333333333333334
0 0.7275 0.5166666666666667 0.008333333333333333 0.02
0 0.7333333333333333 0.5291666666666667 0.023333333333333334 0.045
0 0.18 0.5383333333333333 0.03 0.03
0 0.3433333333333333 0.5941666666666666 0.016666666666666666 0.041666666666666664
0 0.3416666666666667 0.6125 0.02 0.06833333333333333
0 0.345 0.6275 0.016666666666666666 0.041666666666666664
0 0.29583333333333334 0.6308333333333334 0.011666666666666667 0.03166666666666667
0 0.47 0.6608333333333334 0.02 0.03166666666666667
0 0.4825 0.6608333333333334 0.028333333333333332 0.04833333333333333
0 0.5083333333333333 0.6766666666666666 0.023333333333333334 0.03333333333333333
0 0.5325 0.6908333333333333 0.025 0.041666666666666664
0 0.5516666666666666 0.6991666666666667 0.023333333333333334 0.04833333333333333
0 0.5258333333333334 0.7033333333333334 0.028333333333333332 0.03666666666666667
0 0.3125 0.7041666666666667 0.021666666666666667 0.045
0 0.4766666666666667 0.7066666666666667 0.03 0.04
0 0.5841666666666666 0.7283333333333334 0.025 0.05
0 0.5166666666666667 0.7358333333333333 0.03333333333333333 0.045
0 0.14583333333333334 0.7666666666666667 0.035 0.043333333333333335
0 0.4825 0.8625 0.035 0.03833333333333333
0 0.3641666666666667 0.8883333333333333 0.03166666666666667 0.05333333333333334
0 0.7058333333333333 0.925 0.035 0.05333333333333334
0 0.6991666666666667 0.9925 0.025 0.015
0 0.6625 0.095 0.011666666666666667 0.013333333333333334
0 0.565 0.10416666666666667 0.01 0.011666666666666667
0 0.7058333333333333 0.10416666666666667 0.005 0.011666666666666667
0 0.6983333333333334 0.105 0.01 0.013333333333333334
0 0.5541666666666667 0.11583333333333333 0.011666666666666667 0.015
0 0.7358333333333333 0.11583333333333333 0.018333333333333333 0.015
0 0.5641666666666667 0.11666666666666667 0.008333333333333333 0.013333333333333334
0 0.7408333333333333 0.11666666666666667 0.011666666666666667 0.013333333333333334
0 0.6633333333333333 0.13583333333333333 0.006666666666666667 0.011666666666666667
0 0.6091666666666666 0.135 0.008333333333333333 0.013333333333333334
0 0.7375 0.14083333333333334 0.011666666666666667 0.021666666666666667
0 0.6975 0.16333333333333333 0.015 0.006666666666666667
0 0.6616666666666666 0.17 0.01 0.01
0 0.6766666666666666 0.18083333333333335 0.013333333333333334 0.018333333333333333
0 0.7158333333333333 0.21833333333333332 0.008333333333333333 0.013333333333333334
0 0.7225 0.22583333333333333 0.018333333333333333 0.021666666666666667
0 0.71 0.225 0.016666666666666666 0.023333333333333334
0 0.725 0.23 0.016666666666666666 0.02
0 0.5975 0.3358333333333333 0.011666666666666667 0.021666666666666667
0 0.605 0.3383333333333333 0.023333333333333334 0.02666666666666667
0 0.6166666666666667 0.3475 0.016666666666666666 0.021666666666666667
0 0.625 0.3491666666666667 0.023333333333333334 0.018333333333333333
0 0.5266666666666666 0.3641666666666667 0.02 0.018333333333333333
0 0.5033333333333333 0.3625 0.023333333333333334 0.025
0 0.545 0.36333333333333334 0.016666666666666666 0.013333333333333334
0 0.5383333333333333 0.36916666666666664 0.01 0.015
0 0.5525 0.37083333333333335 0.015 0.018333333333333333
0 0.3925 0.3775 0.008333333333333333 0.03166666666666667
0 0.5616666666666666 0.37833333333333335 0.016666666666666666 0.013333333333333334
0 0.5291666666666667 0.3725 0.021666666666666667 0.028333333333333332
0 0.5458333333333333 0.38 0.018333333333333333 0.023333333333333334
0 0.5625 0.3858333333333333 0.021666666666666667 0.025
0 0.5291666666666667 0.395 0.008333333333333333 0.02
0 0.5233333333333333 0.3975 0.016666666666666666 0.028333333333333332
