0 0.6716666666666666 0.6075 0.043333333333333335 0.10166666666666667
0 0.37916666666666665 0.6308333333333334 0.03833333333333333 0.105
0 0.4841666666666667 0.6325 0.03166666666666667 0.115
0 0.44166666666666665 0.6391666666666667 0.04 0.105
0 0.92 0.9083333333333333 0.056666666666666664 0.1
0 0.36916666666666664 0.9425 0.03833333333333333 0.10833333333333334
0 0.9958333333333333 0.15 0.008333333333333333 0.03333333333333333
0 0.8266666666666667 0.2708333333333333 0.03 0.11833333333333333
0 0.5841666666666666 0.31916666666666665 0.058333333333333334 0.065
0 0.505 0.3958333333333333 0.04 0.11166666666666666
0 0.7075 0.035 0.03166666666666667 0.07
