0 0.035833333333333335 0.04083333333333333 0.06166666666666667 0.07166666666666667
0 0.835 0.5366666666666666 0.06666666666666667 0.1
0 0.02666666666666667 0.54 0.05333333333333334 0.07666666666666666
0 0.845 0.0475 0.03 0.095
0 0.87 0.5425 0.04 0.12166666666666667
0 0.7225 0.5583333333333333 0.065 0.08
0 0.8091666666666667 0.5841666666666666 0.058333333333333334 0.10166666666666667
0 0.46166666666666667 0.7041666666666667 0.06333333333333334 0.095
0 0.4116666666666667 0.7658333333333334 0.06333333333333334 0.08833333333333333
0 0.42 0.8525 0.06666666666666667 0.058333333333333334
0 0.24833333333333332 0.0775 0.06 0.07166666666666667
0 0.4425 0.9216666666666666 0.06833333333333333 0.07
0 0.5066666666666667 0.9375 0.07 0.058333333333333334
0 0.22666666666666666 0.94 0.03 0.12
0 0.060833333333333336 0.12583333333333332 0.06833333333333333 0.058333333333333334
0 0.23583333333333334 0.18333333333333332 0.07166666666666667 0.05
0 0.4841666666666667 0.22 0.055 0.09333333333333334
0 0.03 0.22666666666666666 0.06 0.05333333333333334
0 0.12666666666666668 0.31833333333333336 0.06666666666666667 0.07666666666666666
0 0.8825 0.3283333333333333 0.07166666666666667 0.05
0 0.05416666666666667 0.3775 0.065 0.051666666666666666
0 0.8975 0.38166666666666665 0.06166666666666667 0.05333333333333334
0 0.8375 0.39916666666666667 0.06833333333333333 0.08166666666666667
