0 0.8108333333333333 0.11833333333333333 0.0016666666666666668 0.0033333333333333335
0 0.57 0.08583333333333333 0.043333333333333335 0.065
0 0.8741666666666666 0.04083333333333333 0.041666666666666664 0.08166666666666667
0 0.5616666666666666 0.025 0.02666666666666667 0.05
0 0.4725 0.7433333333333333 0.025 0.02666666666666667
0 0.5 0.7358333333333333 0.02666666666666667 0.025
0 0.4841666666666667 0.7308333333333333 0.025 0.021666666666666667
0 0.5141666666666667 0.7141666666666666 0.021666666666666667 0.021666666666666667
0 0.5316666666666666 0.7125 0.02 0.03166666666666667
0 0.455 0.7116666666666667 0.03666666666666667 0.03666666666666667
0 0.49083333333333334 0.7125 0.028333333333333332 0.021666666666666667
0 0.5583333333333333 0.71 0.02666666666666667 0.03333333333333333
0 0.5816666666666667 0.7066666666666667 0.023333333333333334 0.02666666666666667
0 0.45 0.7183333333333334 0.006666666666666667 0.01
0 0.605 0.6941666666666667 0.023333333333333334 0.028333333333333332
0 0.4891666666666667 0.6933333333333334 0.025 0.03333333333333333
0 0.5175 0.6908333333333333 0.015 0.03166666666666667
0 0.5083333333333333 0.6883333333333334 0.013333333333333334 0.03
0 0.5408333333333334 0.6975 0.0016666666666666668 0.0016666666666666668
0 0.43583333333333335 0.6741666666666667 0.03166666666666667 0.051666666666666666
0 0.47583333333333333 0.6741666666666667 0.025 0.025
0 0.59 0.6725 0.023333333333333334 0.04833333333333333
0 0.5458333333333333 0.6808333333333333 0.021666666666666667 0.03833333333333333
0 0.575 0.6716666666666666 0.02666666666666667 0.05
0 0.5658333333333333 0.6683333333333333 0.021666666666666667 0.04666666666666667
0 0.5 0.6633333333333333 0.02 0.03
0 0.6141666666666666 0.685 0.0016666666666666668 0.0033333333333333335
0 0.44166666666666665 0.6616666666666666 0.043333333333333335 0.043333333333333335
0 0.6233333333333333 0.6591666666666667 0.016666666666666666 0.035
0 0.53 0.655 0.03333333333333333 0.043333333333333335
0 0.5216666666666666 0.6516666666666666 0.023333333333333334 0.03666666666666667
0 0.4816666666666667 0.6466666666666666 0.02 0.03
0 0.46 0.6441666666666667 0.03 0.03833333333333333
0 0.5108333333333334 0.6383333333333333 0.018333333333333333 0.023333333333333334
0 0.49083333333333334 0.6208333333333333 0.03166666666666667 0.03833333333333333
