0 0.32416666666666666 0.5566666666666666 0.03166666666666667 0.02666666666666667
0 0.5958333333333333 0.5525 0.03833333333333333 0.03166666666666667
0 0.30916666666666665 0.5458333333333333 0.021666666666666667 0.03833333333333333
0 0.3491666666666667 0.5283333333333333 0.041666666666666664 0.02666666666666667
0 0.28833333333333333 0.515 0.03333333333333333 0.03
0 0.5291666666666667 0.31083333333333335 0.0016666666666666668 0.008333333333333333
0 0.8633333333333333 0.09 0.04 0.043333333333333335
0 0.2941666666666667 0.6875 0.028333333333333332 0.055
0 0.545 0.6741666666666667 0.03 0.025
0 0.58 0.6708333333333333 0.02666666666666667 0.028333333333333332
0 0.5616666666666666 0.6591666666666667 0.03666666666666667 0.025
0 0.6216666666666667 0.6558333333333334 0.03333333333333333 0.035
0 0.25333333333333335 0.6508333333333334 0.016666666666666666 0.041666666666666664
0 0.595 0.6433333333333333 0.03 0.02666666666666667
0 0.5283333333333333 0.6425 0.03 0.041666666666666664
0 0.51 0.64 0.02666666666666667 0.04
0 0.5575 0.6358333333333334 0.03166666666666667 0.028333333333333332
0 0.2733333333333333 0.6283333333333333 0.023333333333333334 0.05333333333333334
0 0.31416666666666665 0.625 0.028333333333333332 0.056666666666666664
0 0.5325 0.6208333333333333 0.021666666666666667 0.041666666666666664
0 0.5791666666666667 0.62 0.03166666666666667 0.03333333333333333
0 0.6083333333333333 0.6108333333333333 0.023333333333333334 0.045
0 0.25833333333333336 0.6116666666666667 0.02 0.03666666666666667
0 0.5466666666666666 0.6041666666666666 0.03 0.03166666666666667
0 0.41083333333333333 0.6033333333333334 0.018333333333333333 0.06
0 0.6391666666666667 0.5908333333333333 0.028333333333333332 0.055
0 0.29583333333333334 0.5825 0.035 0.035
0 0.5508333333333333 0.5716666666666667 0.035 0.023333333333333334
0 0.6241666666666666 0.5633333333333334 0.035 0.05
0 0.6425 0.5583333333333333 0.03166666666666667 0.05
