0 0.8925 0.5175 0.028333333333333332 0.041666666666666664
0 0.9166666666666666 0.5058333333333334 0.02666666666666667 0.065
0 0.23083333333333333 0.505 0.03166666666666667 0.07
0 0.12083333333333333 0.5058333333333334 0.03833333333333333 0.041666666666666664
0 0.82 0.5033333333333333 0.02 0.06
0 0.83 0.47583333333333333 0.023333333333333334 0.058333333333333334
0 0.805 0.4525 0.03 0.065
0 0.8625 0.44583333333333336 0.03166666666666667 0.075
0 0.9275 0.44166666666666665 0.021666666666666667 0.06
0 0.8283333333333334 0.4275 0.02 0.035
0 0.8116666666666666 0.41833333333333333 0.02666666666666667 0.05333333333333334
0 0.13666666666666666 0.4091666666666667 0.03666666666666667 0.04833333333333333
0 0.8133333333333334 0.3858333333333333 0.023333333333333334 0.04833333333333333
0 0.7875 0.36833333333333335 0.028333333333333332 0.05333333333333334
0 0.14166666666666666 0.36916666666666664 0.03333333333333333 0.035
0 0.7691666666666667 0.35583333333333333 0.025 0.035
0 0.8141666666666667 0.3516666666666667 0.025 0.03333333333333333
0 0.7933333333333333 0.3466666666666667 0.02666666666666667 0.05333333333333334
0 0.14083333333333334 0.335 0.03833333333333333 0.04
0 0.1075 0.33166666666666667 0.021666666666666667 0.06666666666666667
0 0.77 0.3283333333333333 0.02 0.023333333333333334
0 0.8033333333333333 0.3258333333333333 0.04 0.028333333333333332
0 0.7608333333333334 0.3125 0.045 0.045
0 0.7916666666666666 0.2966666666666667 0.03333333333333333 0.03333333333333333
0 0.12916666666666668 0.2975 0.03166666666666667 0.041666666666666664
0 0.7616666666666667 0.2816666666666667 0.04 0.043333333333333335
0 0.1375 0.26166666666666666 0.018333333333333333 0.07
0 0.12333333333333334 0.25166666666666665 0.016666666666666666 0.06666666666666667
0 0.1125 0.24583333333333332 0.011666666666666667 0.041666666666666664
0 0.14333333333333334 0.22583333333333333 0.013333333333333334 0.035
0 0.13333333333333333 0.20583333333333334 0.016666666666666666 0.035
0 0.26166666666666666 0.19916666666666666 0.02666666666666667 0.058333333333333334
0 0.15083333333333335 0.2025 0.021666666666666667 0.04833333333333333
0 0.11916666666666667 0.1975 0.018333333333333333 0.058333333333333334
0 0.135 0.17083333333333334 0.02 0.058333333333333334
0 0.27416666666666667 0.165 0.035 0.03
0 0.25 0.16583333333333333 0.03 0.058333333333333334
0 0.24083333333333334 0.15583333333333332 0.025 0.04833333333333333
0 0.19416666666666665 0.15 0.021666666666666667 0.07666666666666666
0 0.12666666666666668 0.13666666666666666 0.016666666666666666 0.056666666666666664
0 0.1475 0.13833333333333334 0.018333333333333333 0.06333333333333334
0 0.2375 0.13083333333333333 0.025 0.035
0 0.26416666666666666 0.125 0.025 0.03333333333333333
0 0.14 0.1075 0.023333333333333334 0.055
0 0.1425 0.08083333333333333 0.021666666666666667 0.058333333333333334
0 0.15916666666666668 0.06916666666666667 0.021666666666666667 0.065
0 0.1725 0.07 0.035 0.06666666666666667
0 0.13666666666666666 0.051666666666666666 0.03 0.06333333333333334
0 0.2925 0.04583333333333333 0.021666666666666667 0.06166666666666667
0 0.18333333333333332 0.014166666666666666 0.03 0.028333333333333332
0 0.17416666666666666 0.013333333333333334 0.045 0.02666666666666667
0 0.7633333333333333 0.8425 0.02 0.058333333333333334
0 0.7133333333333334 0.9875 0.023333333333333334 0.025
0 0.75 0.8016666666666666 0.016666666666666666 0.04666666666666667
0 0.7666666666666667 0.7816666666666666 0.02 0.07666666666666666
0 0.785 0.7758333333333334 0.023333333333333334 0.09166666666666666
0 0.76 0.755 0.02 0.043333333333333335
0 0.7166666666666667 0.7341666666666666 0.023333333333333334 0.07166666666666667
0 0.315 0.6725 0.04 0.045
0 0.9766666666666667 0.6666666666666666 0.03666666666666667 0.04
0 0.14083333333333334 0.6658333333333334 0.025 0.051666666666666666
0 0.8091666666666667 0.6425 0.028333333333333332 0.065
0 0.7141666666666666 0.9708333333333333 0.025 0.058333333333333334
0 0.14166666666666666 0.6258333333333334 0.02 0.04833333333333333
0 0.12166666666666667 0.6091666666666666 0.016666666666666666 0.028333333333333332
0 0.15333333333333332 0.5883333333333334 0.03 0.06
0 0.46 0.5891666666666666 0.03666666666666667 0.035
0 0.1275 0.5933333333333334 0.025 0.06
0 0.8125 0.5783333333333334 0.021666666666666667 0.09
0 0.8525 0.5775 0.028333333333333332 0.04833333333333333
0 0.8916666666666667 0.5733333333333334 0.02666666666666667 0.056666666666666664
0 0.12916666666666668 0.555 0.021666666666666667 0.056666666666666664
0 0.09583333333333334 0.55 0.03833333333333333 0.05333333333333334
0 0.8733333333333333 0.5441666666666667 0.02 0.075
0 0.8291666666666667 0.5416666666666666 0.018333333333333333 0.06666666666666667
