0 0.8741666666666666 0.9375 0.045 0.07833333333333334
0 0.8308333333333333 0.935 0.025 0.07333333333333333
0 0.8441666666666666 0.9358333333333333 0.021666666666666667 0.065
0 0.36 0.18666666666666668 0.03666666666666667 0.08
0 0.33666666666666667 0.17083333333333334 0.043333333333333335 0.06833333333333333
0 0.3025 0.15 0.03166666666666667 0.08
0 0.3475 0.13333333333333333 0.03166666666666667 0.05
0 0.28583333333333333 0.115 0.018333333333333333 0.08333333333333333
0 0.30583333333333335 0.10083333333333333 0.021666666666666667 0.08166666666666667
0 0.2425 0.10083333333333333 0.03833333333333333 0.051666666666666666
0 0.8875 0.9175 0.025 0.055
0 0.14166666666666666 0.09916666666666667 0.02 0.06166666666666667
0 0.1725 0.08666666666666667 0.03833333333333333 0.04666666666666667
0 0.3283333333333333 0.085 0.04 0.05333333333333334
0 0.14833333333333334 0.0875 0.03333333333333333 0.085
0 0.21666666666666667 0.07083333333333333 0.04666666666666667 0.035
0 0.1925 0.059166666666666666 0.03166666666666667 0.035
0 0.2675 0.0425 0.03833333333333333 0.045
0 0.22583333333333333 0.041666666666666664 0.035 0.03
0 0.18416666666666667 0.0375 0.035 0.041666666666666664
0 0.16 0.023333333333333334 0.03 0.04666666666666667
0 0.13583333333333333 0.028333333333333332 0.021666666666666667 0.056666666666666664
0 0.2475 0.025 0.035 0.03333333333333333
0 0.21333333333333335 0.011666666666666667 0.03 0.023333333333333334
0 0.20083333333333334 0.011666666666666667 0.051666666666666666 0.023333333333333334
0 0.15833333333333333 0.0075 0.02666666666666667 0.015
0 0.2683333333333333 0.008333333333333333 0.03 0.016666666666666666
0 0.8408333333333333 0.9041666666666667 0.018333333333333333 0.051666666666666666
0 0.8783333333333333 0.8733333333333333 0.016666666666666666 0.043333333333333335
0 0.8341666666666666 0.87 0.018333333333333333 0.043333333333333335
0 0.8916666666666667 0.8566666666666667 0.016666666666666666 0.056666666666666664
0 0.8541666666666666 0.8591666666666666 0.03166666666666667 0.045
0 0.8333333333333334 0.8358333333333333 0.03333333333333333 0.06833333333333333
0 0.8575 0.825 0.03166666666666667 0.06333333333333334
0 0.8875 0.7983333333333333 0.025 0.06666666666666667
0 0.8216666666666667 0.7975 0.03666666666666667 0.04833333333333333
0 0.8766666666666667 0.785 0.023333333333333334 0.06
0 0.9016666666666666 0.7816666666666666 0.02 0.06
0 0.8575 0.7541666666666667 0.018333333333333333 0.051666666666666666
0 0.8625 0.7325 0.0016666666666666668 0.0016666666666666668
0 0.9008333333333334 0.7408333333333333 0.03166666666666667 0.045
0 0.8366666666666667 0.745 0.03666666666666667 0.07333333333333333
0 0.8333333333333334 0.9783333333333334 0.016666666666666666 0.043333333333333335
0 0.9216666666666666 0.715 0.023333333333333334 0.06333333333333334
0 0.8975 0.7166666666666667 0.025 0.04
0 0.85 0.71 0.0033333333333333335 0.006666666666666667
0 0.875 0.7 0.02666666666666667 0.056666666666666664
0 0.9216666666666666 0.7041666666666667 0.023333333333333334 0.04833333333333333
0 0.8991666666666667 0.6766666666666666 0.028333333333333332 0.056666666666666664
0 0.8691666666666666 0.7066666666666667 0.0016666666666666668 0.0033333333333333335
0 0.9166666666666666 0.6683333333333333 0.02 0.056666666666666664
0 0.8658333333333333 0.6483333333333333 0.018333333333333333 0.05333333333333334
0 0.9033333333333333 0.635 0.03333333333333333 0.056666666666666664
0 0.93 0.6391666666666667 0.02666666666666667 0.06166666666666667
0 0.9158333333333334 0.6141666666666666 0.018333333333333333 0.058333333333333334
0 0.8891666666666667 0.6141666666666666 0.025 0.06833333333333333
0 0.9041666666666667 0.5691666666666667 0.018333333333333333 0.051666666666666666
0 0.8975 0.5475 0.021666666666666667 0.058333333333333334
0 0.9008333333333334 0.5183333333333333 0.025 0.07
