0 0.45166666666666666 0.6233333333333333 0.03 0.043333333333333335
0 0.25166666666666665 0.6391666666666667 0.02666666666666667 0.028333333333333332
0 0.2816666666666667 0.6591666666666667 0.03333333333333333 0.03166666666666667
0 0.30416666666666664 0.6666666666666666 0.03166666666666667 0.03
0 0.24333333333333335 0.6708333333333333 0.03 0.03166666666666667
0 0.26416666666666666 0.685 0.03166666666666667 0.02666666666666667
0 0.2925 0.6958333333333333 0.035 0.025
0 0.23166666666666666 0.7008333333333333 0.02666666666666667 0.035
0 0.2475 0.7066666666666667 0.028333333333333332 0.03
0 0.2683333333333333 0.715 0.03333333333333333 0.03
0 0.21333333333333335 0.72 0.02 0.06333333333333334
0 0.24083333333333334 0.7325 0.028333333333333332 0.025
0 0.22 0.7466666666666667 0.02 0.05333333333333334
0 0.23666666666666666 0.7583333333333333 0.03 0.03
0 0.25166666666666665 0.7833333333333333 0.03 0.04
0 0.22333333333333333 0.7875 0.03 0.025
0 0.2225 0.8141666666666667 0.03166666666666667 0.028333333333333332
0 0.23583333333333334 0.8233333333333334 0.03166666666666667 0.04
0 0.5766666666666667 0.11916666666666667 0.013333333333333334 0.085
0 0.5566666666666666 0.019166666666666665 0.016666666666666666 0.03833333333333333
