0 0.5075 0.4025 0.03833333333333333 0.12833333333333333
0 0.5066666666666667 0.2808333333333333 0.07 0.06833333333333333
0 0.475 0.20916666666666667 0.07 0.055
0 0.19083333333333333 0.18083333333333335 0.065 0.09833333333333333
0 0.53 0.15916666666666668 0.03666666666666667 0.11833333333333333
0 0.27666666666666667 0.9175 0.07333333333333333 0.07833333333333334
0 0.21583333333333332 0.9158333333333334 0.058333333333333334 0.10833333333333334
0 0.335 0.8708333333333333 0.07333333333333333 0.075
0 0.018333333333333333 0.815 0.03666666666666667 0.06
0 0.4066666666666667 0.795 0.06333333333333334 0.08666666666666667
0 0.2675 0.7891666666666667 0.065 0.085
0 0.48333333333333334 0.7683333333333333 0.07 0.06333333333333334
0 0.19916666666666666 0.7525 0.041666666666666664 0.09833333333333333
0 0.16 0.7341666666666666 0.03333333333333333 0.095
0 0.5691666666666667 0.6891666666666667 0.028333333333333332 0.13166666666666665
0 0.23833333333333334 0.675 0.07333333333333333 0.05
0 0.35 0.9666666666666667 0.07333333333333333 0.06666666666666667
0 0.52 0.6241666666666666 0.04666666666666667 0.10166666666666667
0 0.6266666666666667 0.5783333333333334 0.03333333333333333 0.13666666666666666
