0 0.4683333333333333 0.5333333333333333 0.043333333333333335 0.02666666666666667
0 0.47833333333333333 0.9983333333333333 0.0033333333333333335 0.0033333333333333335
0 0.4608333333333333 0.475 0.021666666666666667 0.08
0 0.4775 0.9608333333333333 0.0016666666666666668 0.015
0 0.44916666666666666 0.9191666666666667 0.021666666666666667 0.04833333333333333
0 0.465 0.9083333333333333 0.02 0.05333333333333334
0 0.44083333333333335 0.8966666666666666 0.028333333333333332 0.06
0 0.41833333333333333 0.8908333333333334 0.023333333333333334 0.03166666666666667
0 0.42333333333333334 0.8983333333333333 0.0033333333333333335 0.006666666666666667
0 0.48083333333333333 0.8883333333333333 0.011666666666666667 0.06
0 0.43916666666666665 0.8475 0.015 0.03833333333333333
0 0.45666666666666667 0.8408333333333333 0.013333333333333334 0.041666666666666664
0 0.42833333333333334 0.845 0.013333333333333334 0.056666666666666664
0 0.4725 0.8291666666666667 0.021666666666666667 0.051666666666666666
0 0.4708333333333333 0.9925 0.018333333333333333 0.015
0 0.5175 0.8066666666666666 0.028333333333333332 0.056666666666666664
0 0.9808333333333333 0.8008333333333333 0.03833333333333333 0.03833333333333333
0 0.45166666666666666 0.8008333333333333 0.013333333333333334 0.058333333333333334
0 0.4633333333333333 0.7925 0.013333333333333334 0.055
0 0.5666666666666667 0.7925 0.03 0.051666666666666666
0 0.48083333333333333 0.7783333333333333 0.021666666666666667 0.05333333333333334
0 0.4275 0.7641666666666667 0.025 0.065
0 0.9825 0.7566666666666667 0.035 0.06333333333333334
0 0.4725 0.75 0.015 0.05333333333333334
0 0.49 0.7366666666666667 0.023333333333333334 0.03333333333333333
0 0.4633333333333333 0.7291666666666666 0.016666666666666666 0.06833333333333333
0 0.5625 0.7066666666666667 0.035 0.056666666666666664
0 0.48583333333333334 0.9841666666666666 0.011666666666666667 0.03166666666666667
0 0.48583333333333334 0.6608333333333334 0.021666666666666667 0.065
0 0.9941666666666666 0.6458333333333334 0.011666666666666667 0.021666666666666667
