0 0.5825 0.5416666666666666 0.035 0.05
0 0.8333333333333334 0.5408333333333334 0.02666666666666667 0.04833333333333333
0 0.5616666666666666 0.5391666666666667 0.02 0.021666666666666667
0 0.8733333333333333 0.5416666666666666 0.02 0.06
0 0.855 0.5275 0.023333333333333334 0.051666666666666666
0 0.825 0.5158333333333334 0.023333333333333334 0.018333333333333333
0 0.8375 0.49916666666666665 0.03166666666666667 0.03166666666666667
0 0.5491666666666667 0.49916666666666665 0.028333333333333332 0.028333333333333332
0 0.8808333333333334 0.49583333333333335 0.025 0.055
0 0.5675 0.49166666666666664 0.035 0.04666666666666667
0 0.5916666666666667 0.4766666666666667 0.016666666666666666 0.07
0 0.8358333333333333 0.47833333333333333 0.035 0.043333333333333335
0 0.895 0.4666666666666667 0.02 0.07333333333333333
0 0.8558333333333333 0.47 0.03166666666666667 0.05
0 0.8583333333333333 0.43333333333333335 0.016666666666666666 0.04
0 0.875 0.4266666666666667 0.023333333333333334 0.06
0 0.8816666666666667 0.3875 0.016666666666666666 0.065
0 0.8633333333333333 0.36833333333333335 0.02666666666666667 0.05
0 0.5158333333333334 0.3641666666666667 0.035 0.051666666666666666
0 0.7683333333333333 0.3408333333333333 0.03 0.065
0 0.8558333333333333 0.32666666666666666 0.028333333333333332 0.043333333333333335
0 0.5083333333333333 0.31916666666666665 0.03666666666666667 0.051666666666666666
0 0.48083333333333333 0.31333333333333335 0.051666666666666666 0.03666666666666667
0 0.27166666666666667 0.29833333333333334 0.02666666666666667 0.04
0 0.5358333333333334 0.30083333333333334 0.035 0.055
0 0.16583333333333333 0.29333333333333333 0.03166666666666667 0.023333333333333334
0 0.0725 0.2791666666666667 0.028333333333333332 0.07833333333333334
0 0.010833333333333334 0.265 0.021666666666666667 0.06333333333333334
0 0.58 0.26166666666666666 0.03666666666666667 0.043333333333333335
0 0.19166666666666668 0.2633333333333333 0.02666666666666667 0.04666666666666667
0 0.17583333333333334 0.2608333333333333 0.041666666666666664 0.055
0 0.21583333333333332 0.23583333333333334 0.025 0.07166666666666667
0 0.16916666666666666 0.23333333333333334 0.025 0.04666666666666667
0 0.5941666666666666 0.225 0.035 0.04
0 0.2 0.21666666666666667 0.03666666666666667 0.043333333333333335
0 0.18666666666666668 0.20333333333333334 0.03333333333333333 0.023333333333333334
0 0.009166666666666667 0.19833333333333333 0.018333333333333333 0.07666666666666666
0 0.20583333333333334 0.18583333333333332 0.051666666666666666 0.025
0 0.06416666666666666 0.17666666666666667 0.03833333333333333 0.05333333333333334
0 0.17333333333333334 0.17666666666666667 0.02666666666666667 0.03333333333333333
0 0.7433333333333333 0.16916666666666666 0.04 0.07166666666666667
0 0.21083333333333334 0.1625 0.051666666666666666 0.028333333333333332
0 0.175 0.15666666666666668 0.03 0.02
0 0.19416666666666665 0.13666666666666666 0.028333333333333332 0.023333333333333334
0 0.7591666666666667 0.11916666666666667 0.03166666666666667 0.035
0 0.006666666666666667 0.125 0.013333333333333334 0.07
0 0.04 0.11916666666666667 0.02666666666666667 0.058333333333333334
0 0.8333333333333334 0.08416666666666667 0.02 0.065
0 0.7833333333333333 0.06916666666666667 0.03333333333333333 0.065
0 0.8366666666666667 0.015 0.023333333333333334 0.03
0 0.8858333333333334 0.8941666666666667 0.03833333333333333 0.045
0 0.895 0.8483333333333334 0.02666666666666667 0.06333333333333334
0 0.8958333333333334 0.7966666666666666 0.028333333333333332 0.06333333333333334
0 0.8775 0.7883333333333333 0.021666666666666667 0.07333333333333333
0 0.6683333333333333 0.7783333333333333 0.02 0.08
0 0.18166666666666667 0.775 0.03666666666666667 0.06
0 0.8891666666666667 0.7475 0.018333333333333333 0.045
0 0.19583333333333333 0.7308333333333333 0.04833333333333333 0.045
0 0.865 0.7033333333333334 0.02666666666666667 0.043333333333333335
0 0.8858333333333334 0.6891666666666667 0.021666666666666667 0.065
0 0.8541666666666666 0.6633333333333333 0.018333333333333333 0.06
0 0.1525 0.6575 0.035 0.06833333333333333
0 0.8816666666666667 0.6408333333333334 0.016666666666666666 0.06833333333333333
0 0.8641666666666666 0.6233333333333333 0.021666666666666667 0.056666666666666664
0 0.845 0.6125 0.02 0.06166666666666667
0 0.8966666666666666 0.6133333333333333 0.02 0.06
0 0.83 0.5883333333333334 0.02 0.06
0 0.8591666666666666 0.5825 0.015 0.04833333333333333
0 0.8866666666666667 0.5741666666666667 0.023333333333333334 0.06166666666666667
0 0.8133333333333334 0.575 0.023333333333333334 0.07
0 0.5791666666666667 0.5658333333333333 0.03833333333333333 0.03833333333333333
0 0.8508333333333333 0.5633333333333334 0.025 0.03
0 0.8766666666666667 0.5508333333333333 0.023333333333333334 0.065
