0 0.5491666666666667 0.5041666666666667 0.021666666666666667 0.06166666666666667
0 0.895 0.51 0.03 0.056666666666666664
0 0.8775 0.5083333333333333 0.028333333333333332 0.03333333333333333
0 0.9058333333333334 0.5133333333333333 0.025 0.06333333333333334
0 0.09 0.5191666666666667 0.023333333333333334 0.058333333333333334
0 0.9366666666666666 0.5233333333333333 0.02 0.06666666666666667
0 0.9133333333333333 0.5533333333333333 0.02666666666666667 0.06333333333333334
0 0.925 0.5833333333333334 0.023333333333333334 0.056666666666666664
0 0.23416666666666666 0.5991666666666666 0.008333333333333333 0.015
0 0.9225 0.05416666666666667 0.035 0.051666666666666666
0 0.9008333333333334 0.6016666666666667 0.025 0.04
0 0.9291666666666667 0.6066666666666667 0.025 0.06333333333333334
0 0.225 0.6083333333333333 0.043333333333333335 0.03666666666666667
0 0.5133333333333333 0.6108333333333333 0.043333333333333335 0.028333333333333332
0 0.25166666666666665 0.6333333333333333 0.043333333333333335 0.03333333333333333
0 0.9058333333333334 0.6341666666666667 0.028333333333333332 0.045
0 0.21916666666666668 0.6341666666666667 0.041666666666666664 0.045
0 0.3075 0.6458333333333334 0.028333333333333332 0.03833333333333333
0 0.8175 0.6475 0.028333333333333332 0.06833333333333333
0 0.1025 0.6525 0.028333333333333332 0.08166666666666667
0 0.04 0.6516666666666666 0.02666666666666667 0.06666666666666667
0 0.225 0.6733333333333333 0.02 0.043333333333333335
0 0.21166666666666667 0.67 0.04 0.06333333333333334
0 0.8983333333333333 0.6758333333333333 0.03 0.051666666666666666
0 0.24083333333333334 0.6816666666666666 0.015 0.06666666666666667
0 0.2 0.6941666666666667 0.023333333333333334 0.058333333333333334
0 0.2525 0.6975 0.018333333333333333 0.08833333333333333
0 0.7283333333333334 0.7133333333333334 0.02 0.08
0 0.035 0.7191666666666666 0.023333333333333334 0.07166666666666667
0 0.2275 0.7191666666666666 0.035 0.035
0 0.2225 0.7375 0.035 0.021666666666666667
0 0.08916666666666667 0.745 0.03833333333333333 0.06
0 0.20416666666666666 0.7558333333333334 0.028333333333333332 0.055
0 0.23166666666666666 0.7566666666666667 0.05 0.023333333333333334
0 0.1925 0.7625 0.021666666666666667 0.035
0 0.06583333333333333 0.7708333333333334 0.025 0.058333333333333334
0 0.7241666666666666 0.775 0.018333333333333333 0.06
0 0.7558333333333334 0.7816666666666666 0.028333333333333332 0.06333333333333334
0 0.24166666666666667 0.7833333333333333 0.05 0.03666666666666667
0 0.22 0.795 0.02666666666666667 0.02
0 0.20416666666666666 0.8 0.021666666666666667 0.04
0 0.8775 0.9166666666666666 0.025 0.07
0 0.023333333333333334 0.9425 0.023333333333333334 0.06166666666666667
0 0.8841666666666667 0.9675 0.03166666666666667 0.065
0 0.9458333333333333 0.10666666666666667 0.028333333333333332 0.07666666666666666
0 0.22 0.13833333333333334 0.006666666666666667 0.016666666666666666
0 0.215 0.15916666666666668 0.04 0.075
0 0.7225 0.19 0.021666666666666667 0.08
0 0.19333333333333333 0.2708333333333333 0.03333333333333333 0.07166666666666667
0 0.9308333333333333 0.2833333333333333 0.025 0.03
0 0.9083333333333333 0.30583333333333335 0.023333333333333334 0.06833333333333333
0 0.905 0.3408333333333333 0.023333333333333334 0.06166666666666667
0 0.9233333333333333 0.3375 0.02 0.065
0 0.95 0.365 0.02 0.06333333333333334
0 0.8808333333333334 0.37583333333333335 0.021666666666666667 0.058333333333333334
0 0.9141666666666667 0.3775 0.018333333333333333 0.065
0 0.9325 0.3925 0.018333333333333333 0.055
0 0.8983333333333333 0.3983333333333333 0.02 0.05
0 0.93 0.39416666666666667 0.02 0.055
0 0.8683333333333333 0.4075 0.02 0.07166666666666667
0 0.6041666666666666 0.4083333333333333 0.041666666666666664 0.04
0 0.9133333333333333 0.41 0.023333333333333334 0.03666666666666667
0 0.635 0.43083333333333335 0.013333333333333334 0.075
0 0.88 0.43583333333333335 0.016666666666666666 0.08166666666666667
0 0.8925 0.4475 0.018333333333333333 0.058333333333333334
0 0.9066666666666666 0.4483333333333333 0.013333333333333334 0.056666666666666664
0 0.5491666666666667 0.4708333333333333 0.0016666666666666668 0.0016666666666666668
0 0.9216666666666666 0.44666666666666666 0.023333333333333334 0.05333333333333334
0 0.94 0.455 0.02 0.06666666666666667
0 0.5516666666666666 0.4583333333333333 0.016666666666666666 0.03
0 0.8641666666666666 0.4583333333333333 0.025 0.02666666666666667
0 0.575 0.4775 0.03333333333333333 0.06166666666666667
0 0.8708333333333333 0.4891666666666667 0.025 0.03166666666666667
0 0.9258333333333333 0.4891666666666667 0.018333333333333333 0.055
