0 0.25166666666666665 0.44166666666666665 0.03666666666666667 0.06
0 0.7516666666666667 0.48083333333333333 0.03333333333333333 0.07166666666666667
0 0.7675 0.48583333333333334 0.03166666666666667 0.07833333333333334
0 0.2575 0.4866666666666667 0.028333333333333332 0.056666666666666664
0 0.7308333333333333 0.5041666666666667 0.03833333333333333 0.03166666666666667
0 0.8183333333333334 0.53 0.03666666666666667 0.05
0 0.9291666666666667 0.5341666666666667 0.021666666666666667 0.058333333333333334
0 0.7858333333333334 0.5391666666666667 0.018333333333333333 0.085
0 0.7533333333333333 0.545 0.04666666666666667 0.05333333333333334
0 0.8916666666666667 0.5566666666666666 0.04 0.04
0 0.8541666666666666 0.5566666666666666 0.041666666666666664 0.03333333333333333
0 0.7633333333333333 0.5625 0.03333333333333333 0.06833333333333333
0 0.255 0.5633333333333334 0.03666666666666667 0.06333333333333334
0 0.8033333333333333 0.5766666666666667 0.03333333333333333 0.04
0 0.8408333333333333 0.5741666666666667 0.035 0.03833333333333333
0 0.8716666666666667 0.5808333333333333 0.03333333333333333 0.03833333333333333
0 0.9166666666666666 0.585 0.03 0.056666666666666664
0 0.8216666666666667 0.5908333333333333 0.03666666666666667 0.03166666666666667
0 0.89 0.5941666666666666 0.03333333333333333 0.035
0 0.8466666666666667 0.6066666666666667 0.03333333333333333 0.02666666666666667
0 0.9275 0.6158333333333333 0.018333333333333333 0.06833333333333333
0 0.2633333333333333 0.62 0.03333333333333333 0.07
0 0.87 0.6216666666666667 0.03333333333333333 0.03333333333333333
0 0.895 0.6275 0.03333333333333333 0.035
0 0.805 0.6308333333333334 0.02666666666666667 0.055
0 0.9825 0.6291666666666667 0.035 0.06166666666666667
0 0.8358333333333333 0.635 0.035 0.03
0 0.9066666666666666 0.6366666666666667 0.02666666666666667 0.04666666666666667
0 0.855 0.6541666666666667 0.03666666666666667 0.035
0 0.9458333333333333 0.66 0.035 0.04666666666666667
0 0.875 0.6641666666666667 0.02666666666666667 0.035
0 0.9075 0.6625 0.035 0.045
0 0.9875 0.685 0.025 0.03
0 0.9616666666666667 0.6858333333333333 0.03333333333333333 0.04833333333333333
0 0.7925 0.6883333333333334 0.035 0.056666666666666664
0 0.9283333333333333 0.6883333333333334 0.03666666666666667 0.03333333333333333
0 0.8091666666666667 0.6966666666666667 0.028333333333333332 0.07
0 0.9883333333333333 0.7125 0.023333333333333334 0.028333333333333332
0 0.9358333333333333 0.7125 0.035 0.028333333333333332
0 0.9625 0.7208333333333333 0.035 0.035
0 0.9425 0.7525 0.045 0.035
0 0.9033333333333333 0.7566666666666667 0.05 0.04666666666666667
0 0.15083333333333335 0.0225 0.018333333333333333 0.045
0 0.16583333333333333 0.024166666666666666 0.018333333333333333 0.04833333333333333
0 0.18 0.0275 0.02666666666666667 0.055
0 0.16333333333333333 0.08333333333333333 0.02666666666666667 0.07333333333333333
0 0.17333333333333334 0.14 0.023333333333333334 0.06333333333333334
0 0.1725 0.18333333333333332 0.028333333333333332 0.07666666666666666
0 0.7091666666666666 0.425 0.035 0.07333333333333333
