0 0.46416666666666667 0.42333333333333334 0.045 0.03333333333333333
0 0.4216666666666667 0.43083333333333335 0.03 0.028333333333333332
0 0.38416666666666666 0.43 0.045 0.043333333333333335
0 0.3283333333333333 0.43416666666666665 0.03666666666666667 0.045
0 0.31416666666666665 0.43916666666666665 0.03833333333333333 0.051666666666666666
0 0.37666666666666665 0.44333333333333336 0.04 0.03666666666666667
0 0.3 0.44416666666666665 0.03333333333333333 0.041666666666666664
0 0.6675 0.44333333333333336 0.03833333333333333 0.06666666666666667
0 0.2825 0.45166666666666666 0.025 0.03666666666666667
0 0.695 0.4525 0.02 0.07833333333333334
0 0.3591666666666667 0.45666666666666667 0.03166666666666667 0.05333333333333334
0 0.42333333333333334 0.4725 0.04 0.028333333333333332
0 0.38916666666666666 0.47583333333333333 0.035 0.041666666666666664
0 0.9216666666666666 0.4741666666666667 0.05 0.06166666666666667
0 0.30583333333333335 0.4766666666666667 0.041666666666666664 0.02666666666666667
0 0.36666666666666664 0.4975 0.043333333333333335 0.03833333333333333
0 0.7158333333333333 0.505 0.025 0.07
0 0.955 0.5133333333333333 0.02666666666666667 0.06333333333333334
0 0.3491666666666667 0.5091666666666667 0.03833333333333333 0.035
0 0.4708333333333333 0.515 0.045 0.043333333333333335
0 0.42916666666666664 0.5183333333333333 0.045 0.03333333333333333
0 0.3233333333333333 0.5241666666666667 0.03333333333333333 0.051666666666666666
0 0.41 0.5358333333333334 0.03666666666666667 0.045
0 0.3433333333333333 0.5358333333333334 0.03333333333333333 0.058333333333333334
0 0.7066666666666667 0.5366666666666666 0.016666666666666666 0.08333333333333333
0 0.38666666666666666 0.5358333333333334 0.02666666666666667 0.03833333333333333
0 0.4533333333333333 0.5391666666666667 0.03666666666666667 0.03166666666666667
0 0.37333333333333335 0.55 0.03333333333333333 0.043333333333333335
0 0.48833333333333334 0.5558333333333333 0.03666666666666667 0.03166666666666667
0 0.41333333333333333 0.5733333333333334 0.04 0.04666666666666667
0 0.725 0.5675 0.02 0.058333333333333334
0 0.44333333333333336 0.5691666666666667 0.03333333333333333 0.03166666666666667
0 0.7408333333333333 0.5741666666666667 0.028333333333333332 0.075
0 0.43916666666666665 0.5808333333333333 0.0016666666666666668 0.0016666666666666668
0 0.41333333333333333 0.5741666666666667 0.04 0.04833333333333333
0 0.5133333333333333 0.5766666666666667 0.043333333333333335 0.03333333333333333
0 0.3825 0.58 0.03833333333333333 0.03333333333333333
0 0.35 0.5875 0.03666666666666667 0.03833333333333333
0 0.44666666666666666 0.6041666666666666 0.03666666666666667 0.03166666666666667
0 0.4058333333333333 0.6066666666666667 0.03833333333333333 0.03
0 0.39 0.6216666666666667 0.05 0.04666666666666667
0 0.45916666666666667 0.6216666666666667 0.045 0.03
0 0.355 0.6241666666666666 0.02666666666666667 0.045
0 0.37916666666666665 0.6283333333333333 0.035 0.04
0 0.44666666666666666 0.6383333333333333 0.04 0.03333333333333333
0 0.4625 0.64 0.0016666666666666668 0.0033333333333333335
0 0.4766666666666667 0.6675 0.03666666666666667 0.03166666666666667
0 0.43333333333333335 0.6766666666666666 0.03666666666666667 0.04666666666666667
0 0.4191666666666667 0.6775 0.028333333333333332 0.058333333333333334
0 0.39916666666666667 0.675 0.03833333333333333 0.05333333333333334
0 0.38666666666666666 0.68 0.03666666666666667 0.043333333333333335
0 0.6958333333333333 0.68 0.021666666666666667 0.043333333333333335
0 0.3825 0.7125 0.028333333333333332 0.065
0 0.44416666666666665 0.7175 0.021666666666666667 0.04833333333333333
0 0.43 0.725 0.023333333333333334 0.05
0 0.4033333333333333 0.7358333333333333 0.02666666666666667 0.06833333333333333
0 0.4275 0.7733333333333333 0.021666666666666667 0.08333333333333333
0 0.37916666666666665 0.7816666666666666 0.018333333333333333 0.08666666666666667
0 0.3958333333333333 0.8041666666666667 0.021666666666666667 0.065
0 0.4166666666666667 0.8091666666666667 0.016666666666666666 0.075
0 0.4041666666666667 0.8366666666666667 0.015 0.06666666666666667
0 0.39 0.865 0.023333333333333334 0.07666666666666666
0 0.415 0.8666666666666667 0.016666666666666666 0.06666666666666667
0 0.42333333333333334 0.885 0.02666666666666667 0.06333333333333334
0 0.37416666666666665 0.8925 0.018333333333333333 0.075
0 0.40166666666666667 0.9075 0.016666666666666666 0.07166666666666667
0 0.2841666666666667 0.08666666666666667 0.03833333333333333 0.06666666666666667
0 0.27666666666666667 0.14083333333333334 0.02 0.07166666666666667
0 0.45666666666666667 0.17833333333333334 0.03 0.06666666666666667
0 0.2775 0.18666666666666668 0.021666666666666667 0.056666666666666664
0 0.44916666666666666 0.1875 0.015 0.04833333333333333
0 0.2708333333333333 0.23083333333333333 0.018333333333333333 0.04833333333333333
0 0.30416666666666664 0.2425 0.021666666666666667 0.035
0 0.4825 0.25666666666666665 0.021666666666666667 0.06333333333333334
0 0.33666666666666667 0.2625 0.03333333333333333 0.04833333333333333
0 0.31333333333333335 0.2725 0.04 0.04833333333333333
0 0.44166666666666665 0.2841666666666667 0.02666666666666667 0.075
0 0.4708333333333333 0.2825 0.018333333333333333 0.07833333333333334
0 0.27 0.30583333333333335 0.03666666666666667 0.028333333333333332
0 0.4975 0.30833333333333335 0.035 0.043333333333333335
0 0.3283333333333333 0.31333333333333335 0.04 0.03
0 0.2991666666666667 0.31416666666666665 0.035 0.06166666666666667
0 0.46416666666666667 0.3258333333333333 0.025 0.06166666666666667
0 0.2833333333333333 0.3308333333333333 0.03333333333333333 0.028333333333333332
0 0.3333333333333333 0.33916666666666667 0.03333333333333333 0.035
0 0.25583333333333336 0.3433333333333333 0.028333333333333332 0.056666666666666664
0 0.5025 0.3475 0.03833333333333333 0.045
0 0.36333333333333334 0.3491666666666667 0.03333333333333333 0.04833333333333333
0 0.29333333333333333 0.3625 0.023333333333333334 0.041666666666666664
0 0.3425 0.36916666666666664 0.041666666666666664 0.035
0 0.3958333333333333 0.37583333333333335 0.035 0.03166666666666667
0 0.5316666666666666 0.37416666666666665 0.02666666666666667 0.03166666666666667
0 0.5058333333333334 0.38416666666666666 0.035 0.06166666666666667
0 0.3775 0.3875 0.028333333333333332 0.028333333333333332
0 0.31666666666666665 0.38916666666666666 0.043333333333333335 0.028333333333333332
0 0.6608333333333334 0.38916666666666666 0.028333333333333332 0.065
0 0.44416666666666665 0.4075 0.03833333333333333 0.025
0 0.33416666666666667 0.4116666666666667 0.041666666666666664 0.03
0 0.39 0.4125 0.043333333333333335 0.028333333333333332
