0 0.9041666666666667 0.9583333333333334 0.021666666666666667 0.03333333333333333
0 0.8916666666666667 0.98 0.0033333333333333335 0.013333333333333334
0 0.8883333333333333 0.9583333333333334 0.023333333333333334 0.07
0 0.21833333333333332 0.4608333333333333 0.03333333333333333 0.051666666666666666
0 0.8591666666666666 0.9558333333333333 0.018333333333333333 0.055
0 0.2375 0.44916666666666666 0.035 0.045
0 0.2825 0.3958333333333333 0.018333333333333333 0.08166666666666667
0 0.9025 0.9425 0.021666666666666667 0.065
0 0.9275 0.9375 0.025 0.07833333333333334
0 0.29833333333333334 0.315 0.023333333333333334 0.043333333333333335
0 0.325 0.3025 0.03333333333333333 0.045
0 0.5566666666666666 0.29583333333333334 0.03 0.051666666666666666
0 0.36333333333333334 0.29583333333333334 0.016666666666666666 0.06166666666666667
0 0.38166666666666665 0.2916666666666667 0.023333333333333334 0.05
0 0.3983333333333333 0.2783333333333333 0.013333333333333334 0.03333333333333333
0 0.41333333333333333 0.26916666666666667 0.016666666666666666 0.04833333333333333
0 0.33916666666666667 0.2625 0.028333333333333332 0.035
0 0.3591666666666667 0.25916666666666666 0.021666666666666667 0.04833333333333333
0 0.6 0.25666666666666665 0.03 0.03666666666666667
0 0.38166666666666665 0.25666666666666665 0.02 0.04666666666666667
0 0.4 0.23916666666666667 0.016666666666666666 0.051666666666666666
0 0.58 0.23666666666666666 0.023333333333333334 0.06333333333333334
0 0.4141666666666667 0.23333333333333334 0.021666666666666667 0.05
0 0.36083333333333334 0.23083333333333333 0.021666666666666667 0.028333333333333332
0 0.44 0.20166666666666666 0.02 0.04
0 0.3825 0.20166666666666666 0.041666666666666664 0.04666666666666667
0 0.4008333333333333 0.2 0.018333333333333333 0.03333333333333333
0 0.41583333333333333 0.19666666666666666 0.021666666666666667 0.04
0 0.49416666666666664 0.1925 0.025 0.06166666666666667
0 0.43166666666666664 0.19083333333333333 0.016666666666666666 0.055
0 0.4608333333333333 0.18 0.021666666666666667 0.04
0 0.48 0.17916666666666667 0.03 0.045
0 0.4533333333333333 0.165 0.03 0.03
0 0.42 0.15916666666666668 0.03 0.041666666666666664
0 0.4475 0.145 0.03833333333333333 0.03666666666666667
0 0.5183333333333333 0.13 0.016666666666666666 0.06333333333333334
0 0.48583333333333334 0.12916666666666668 0.03166666666666667 0.035
0 0.8608333333333333 0.9166666666666666 0.028333333333333332 0.06
0 0.9075 0.9208333333333333 0.021666666666666667 0.035
0 0.5091666666666667 0.1125 0.021666666666666667 0.06833333333333333
0 0.4633333333333333 0.10666666666666667 0.03333333333333333 0.04666666666666667
0 0.5308333333333334 0.1 0.015 0.056666666666666664
0 0.5433333333333333 0.0875 0.013333333333333334 0.055
0 0.8883333333333333 0.9075 0.016666666666666666 0.06166666666666667
0 0.9341666666666667 0.9116666666666666 0.018333333333333333 0.03666666666666667
0 0.5325 0.034166666666666665 0.015 0.06833333333333333
0 0.5533333333333333 0.025 0.013333333333333334 0.05
0 0.5533333333333333 0.024166666666666666 0.013333333333333334 0.04833333333333333
0 0.8725 0.9016666666666666 0.018333333333333333 0.04666666666666667
0 0.87 0.8875 0.02666666666666667 0.051666666666666666
0 0.8983333333333333 0.8791666666666667 0.03333333333333333 0.051666666666666666
0 0.8483333333333334 0.8758333333333334 0.02666666666666667 0.025
0 0.9375 0.8758333333333334 0.018333333333333333 0.045
0 0.8733333333333333 0.8458333333333333 0.03333333333333333 0.03166666666666667
0 0.565 0.7741666666666667 0.016666666666666666 0.07833333333333334
0 0.8908333333333334 0.9733333333333334 0.021666666666666667 0.05333333333333334
0 0.8491666666666666 0.9675 0.021666666666666667 0.065
0 0.6333333333333333 0.6483333333333333 0.03333333333333333 0.02
0 0.6991666666666667 0.6475 0.041666666666666664 0.028333333333333332
0 0.6225 0.6391666666666667 0.055 0.03833333333333333
0 0.51 0.625 0.02666666666666667 0.06333333333333334
0 0.6808333333333333 0.6191666666666666 0.03166666666666667 0.025
0 0.6458333333333334 0.6175 0.045 0.03166666666666667
0 0.4041666666666667 0.6108333333333333 0.03833333333333333 0.04833333333333333
