0 0.3958333333333333 0.52 0.03166666666666667 0.04666666666666667
0 0.37166666666666665 0.5116666666666667 0.02666666666666667 0.03666666666666667
0 0.7191666666666666 0.51 0.018333333333333333 0.06333333333333334
0 0.37083333333333335 0.4841666666666667 0.03833333333333333 0.028333333333333332
0 0.405 0.4791666666666667 0.04 0.035
0 0.44333333333333336 0.4658333333333333 0.02666666666666667 0.065
0 0.7066666666666667 0.46 0.016666666666666666 0.07333333333333333
0 0.43083333333333335 0.45666666666666667 0.028333333333333332 0.043333333333333335
0 0.365 0.45 0.02666666666666667 0.04666666666666667
0 0.4175 0.45 0.018333333333333333 0.04666666666666667
0 0.38416666666666666 0.43833333333333335 0.03166666666666667 0.043333333333333335
0 0.39666666666666667 0.43083333333333335 0.02 0.04833333333333333
0 0.4091666666666667 0.42083333333333334 0.015 0.055
0 0.43666666666666665 0.3983333333333333 0.02 0.07
0 0.4141666666666667 0.3933333333333333 0.015 0.06666666666666667
0 0.385 0.38916666666666666 0.016666666666666666 0.051666666666666666
0 0.4025 0.38416666666666666 0.011666666666666667 0.04833333333333333
0 0.42333333333333334 0.3775 0.016666666666666666 0.058333333333333334
0 0.39416666666666667 0.3616666666666667 0.015 0.05
0 0.48083333333333333 0.35333333333333333 0.018333333333333333 0.04666666666666667
0 0.46416666666666667 0.345 0.018333333333333333 0.07
0 0.43416666666666665 0.3358333333333333 0.018333333333333333 0.058333333333333334
0 0.2 0.95 0.03 0.03333333333333333
0 0.41833333333333333 0.33166666666666667 0.016666666666666666 0.05
0 0.4041666666666667 0.32916666666666666 0.015 0.06166666666666667
0 0.3883333333333333 0.32083333333333336 0.013333333333333334 0.06166666666666667
0 0.42916666666666664 0.29333333333333333 0.015 0.05333333333333334
0 0.495 0.30416666666666664 0.03 0.045
0 0.44583333333333336 0.3025 0.015 0.075
0 0.4141666666666667 0.2816666666666667 0.015 0.056666666666666664
0 0.39416666666666667 0.2841666666666667 0.015 0.04833333333333333
0 0.48833333333333334 0.26166666666666666 0.02666666666666667 0.05
0 0.5075 0.2608333333333333 0.025 0.065
0 0.4375 0.2525 0.015 0.051666666666666666
0 0.42083333333333334 0.24833333333333332 0.025 0.043333333333333335
0 0.4025 0.2375 0.018333333333333333 0.051666666666666666
0 0.4875 0.2325 0.015 0.04833333333333333
0 0.4166666666666667 0.22833333333333333 0.02666666666666667 0.04666666666666667
0 0.4608333333333333 0.20833333333333334 0.035 0.04666666666666667
0 0.43333333333333335 0.2025 0.03333333333333333 0.055
0 0.46 0.17833333333333334 0.02666666666666667 0.056666666666666664
0 0.4041666666666667 0.17833333333333334 0.021666666666666667 0.04666666666666667
0 0.4708333333333333 0.15583333333333332 0.025 0.06166666666666667
0 0.42833333333333334 0.14583333333333334 0.03333333333333333 0.055
0 0.44666666666666666 0.1375 0.02666666666666667 0.035
0 0.39416666666666667 0.1375 0.028333333333333332 0.028333333333333332
0 0.3975 0.11833333333333333 0.03166666666666667 0.02666666666666667
0 0.4625 0.11166666666666666 0.025 0.056666666666666664
0 0.43333333333333335 0.105 0.023333333333333334 0.03333333333333333
0 0.44083333333333335 0.09416666666666666 0.028333333333333332 0.055
0 0.4691666666666667 0.09416666666666666 0.021666666666666667 0.075
0 0.44666666666666666 0.06666666666666667 0.02666666666666667 0.03333333333333333
0 0.4691666666666667 0.0525 0.03166666666666667 0.055
0 0.4141666666666667 0.041666666666666664 0.028333333333333332 0.04666666666666667
0 0.43666666666666665 0.0425 0.03 0.03166666666666667
0 0.46 0.018333333333333333 0.02666666666666667 0.02666666666666667
0 0.4275 0.015833333333333335 0.028333333333333332 0.03166666666666667
0 0.4041666666666667 0.0125 0.025 0.025
0 0.020833333333333332 0.8866666666666667 0.041666666666666664 0.03333333333333333
0 0.20833333333333334 0.865 0.02 0.06666666666666667
0 0.22416666666666665 0.8433333333333334 0.021666666666666667 0.07666666666666666
0 0.08833333333333333 0.8066666666666666 0.03 0.043333333333333335
0 0.4041666666666667 0.805 0.035 0.02666666666666667
0 0.4708333333333333 0.7975 0.03833333333333333 0.03166666666666667
0 0.0875 0.7975 0.03166666666666667 0.06166666666666667
0 0.43583333333333335 0.78 0.035 0.04
0 0.4041666666666667 0.7641666666666667 0.03166666666666667 0.03166666666666667
0 0.4241666666666667 0.7583333333333333 0.03833333333333333 0.03666666666666667
0 0.3858333333333333 0.7391666666666666 0.041666666666666664 0.028333333333333332
0 0.68 0.71 0.023333333333333334 0.02666666666666667
0 0.6541666666666667 0.6991666666666667 0.035 0.025
0 0.5341666666666667 0.6958333333333333 0.035 0.035
0 0.6933333333333334 0.6741666666666667 0.0033333333333333335 0.0016666666666666668
0 0.6825 0.6858333333333333 0.028333333333333332 0.025
0 0.5633333333333334 0.6825 0.043333333333333335 0.025
0 0.725 0.6825 0.016666666666666666 0.058333333333333334
0 0.6991666666666667 0.6725 0.021666666666666667 0.015
0 0.5233333333333333 0.6691666666666667 0.03666666666666667 0.025
0 0.21666666666666667 0.665 0.03333333333333333 0.05333333333333334
0 0.49416666666666664 0.6625 0.028333333333333332 0.045
0 0.4716666666666667 0.6625 0.03 0.021666666666666667
0 0.5466666666666666 0.6541666666666667 0.03 0.035
0 0.7341666666666666 0.6508333333333334 0.025 0.051666666666666666
0 0.5141666666666667 0.6408333333333334 0.03166666666666667 0.035
0 0.45 0.6358333333333334 0.02 0.025
0 0.46166666666666667 0.635 0.03666666666666667 0.04
0 0.49416666666666664 0.6325 0.018333333333333333 0.06166666666666667
0 0.4633333333333333 0.6166666666666667 0.023333333333333334 0.04666666666666667
0 0.4775 0.6158333333333333 0.018333333333333333 0.051666666666666666
0 0.44083333333333335 0.605 0.025 0.02666666666666667
0 0.7516666666666667 0.5875 0.0033333333333333335 0.005
0 0.4191666666666667 0.6033333333333334 0.028333333333333332 0.03666666666666667
0 0.4583333333333333 0.5833333333333334 0.02666666666666667 0.03
0 0.43916666666666665 0.5758333333333333 0.021666666666666667 0.041666666666666664
0 0.7425 0.5816666666666667 0.025 0.05
0 0.4083333333333333 0.5633333333333334 0.02 0.04666666666666667
0 0.42 0.5658333333333333 0.023333333333333334 0.051666666666666666
0 0.3925 0.555 0.018333333333333333 0.043333333333333335
0 0.37916666666666665 0.5491666666666667 0.025 0.055
0 0.7308333333333333 0.5433333333333333 0.015 0.03666666666666667
