0 0.5083333333333333 0.9641666666666666 0.03333333333333333 0.03833333333333333
0 0.7341666666666666 0.5291666666666667 0.03166666666666667 0.03833333333333333
0 0.75 0.5275 0.02666666666666667 0.04833333333333333
0 0.775 0.5166666666666667 0.02 0.07666666666666666
0 0.7625 0.5141666666666667 0.021666666666666667 0.065
0 0.5616666666666666 0.96 0.02 0.06666666666666667
0 0.74 0.49666666666666665 0.03666666666666667 0.03666666666666667
0 0.44 0.4683333333333333 0.03333333333333333 0.03666666666666667
0 0.4216666666666667 0.4708333333333333 0.03333333333333333 0.051666666666666666
0 0.6625 0.9558333333333333 0.018333333333333333 0.025
0 0.5175 0.4658333333333333 0.021666666666666667 0.075
0 0.4658333333333333 0.4633333333333333 0.035 0.043333333333333335
0 0.7366666666666667 0.44416666666666665 0.02666666666666667 0.058333333333333334
0 0.76 0.44 0.02 0.05333333333333334
0 0.745 0.4375 0.023333333333333334 0.06166666666666667
0 0.4675 0.43166666666666664 0.021666666666666667 0.04666666666666667
0 0.4525 0.42583333333333334 0.025 0.055
0 0.7558333333333334 0.3983333333333333 0.021666666666666667 0.05
0 0.49083333333333334 0.4033333333333333 0.021666666666666667 0.07
0 0.7158333333333333 0.3908333333333333 0.018333333333333333 0.07166666666666667
0 0.7316666666666667 0.3883333333333333 0.016666666666666666 0.05333333333333334
0 0.645 0.9483333333333334 0.02666666666666667 0.056666666666666664
0 0.7658333333333334 0.3675 0.018333333333333333 0.06166666666666667
0 0.31583333333333335 0.9475 0.021666666666666667 0.051666666666666666
0 0.74 0.3383333333333333 0.016666666666666666 0.056666666666666664
0 0.7583333333333333 0.325 0.02 0.06333333333333334
0 0.7966666666666666 0.26 0.02 0.06666666666666667
0 0.4166666666666667 0.20333333333333334 0.03333333333333333 0.06333333333333334
0 0.545 0.9275 0.03 0.041666666666666664
0 0.6691666666666667 0.925 0.021666666666666667 0.043333333333333335
0 0.4375 0.135 0.025 0.06666666666666667
0 0.625 0.9125 0.03333333333333333 0.07166666666666667
0 0.5366666666666666 0.04666666666666667 0.016666666666666666 0.09333333333333334
0 0.3491666666666667 0.041666666666666664 0.03166666666666667 0.05333333333333334
0 0.6175 0.9125 0.018333333333333333 0.075
0 0.5466666666666666 0.9025 0.02 0.051666666666666666
0 0.37583333333333335 0.88 0.021666666666666667 0.023333333333333334
0 0.57 0.8691666666666666 0.02666666666666667 0.04833333333333333
0 0.54 0.8725 0.02666666666666667 0.058333333333333334
0 0.41083333333333333 0.8691666666666666 0.025 0.025
0 0.5875 0.8666666666666667 0.03166666666666667 0.043333333333333335
0 0.3883333333333333 0.8608333333333333 0.03333333333333333 0.028333333333333332
0 0.5283333333333333 0.8591666666666666 0.03333333333333333 0.04833333333333333
0 0.64 0.85 0.016666666666666666 0.07
0 0.5625 0.8491666666666666 0.018333333333333333 0.04833333333333333
0 0.6825 0.845 0.028333333333333332 0.06666666666666667
0 0.4375 0.8441666666666666 0.03166666666666667 0.045
0 0.41833333333333333 0.8458333333333333 0.03 0.025
0 0.3983333333333333 0.8325 0.02666666666666667 0.03166666666666667
0 0.7383333333333333 0.8216666666666667 0.03 0.03666666666666667
0 0.42833333333333334 0.8225 0.03333333333333333 0.028333333333333332
0 0.7175 0.82 0.021666666666666667 0.02666666666666667
0 0.6983333333333334 0.8158333333333333 0.016666666666666666 0.065
0 0.3875 0.815 0.028333333333333332 0.06666666666666667
0 0.55 0.81 0.03 0.05
0 0.6775 0.8066666666666666 0.018333333333333333 0.06
0 0.65 0.7975 0.016666666666666666 0.06833333333333333
0 0.415 0.8008333333333333 0.03 0.035
0 0.43583333333333335 0.7791666666666667 0.0016666666666666668 0.005
0 0.6116666666666667 0.7883333333333333 0.03 0.06
0 0.7208333333333333 0.785 0.028333333333333332 0.03666666666666667
0 0.7416666666666667 0.7858333333333334 0.03333333333333333 0.041666666666666664
0 0.5808333333333333 0.7833333333333333 0.035 0.03666666666666667
0 0.44 0.7816666666666666 0.023333333333333334 0.04666666666666667
0 0.7633333333333333 0.76 0.02 0.056666666666666664
0 0.4625 0.7525 0.025 0.041666666666666664
0 0.705 0.7458333333333333 0.03666666666666667 0.041666666666666664
0 0.6758333333333333 0.7458333333333333 0.018333333333333333 0.075
0 0.7316666666666667 0.7408333333333333 0.023333333333333334 0.04833333333333333
0 0.75 0.7191666666666666 0.02666666666666667 0.041666666666666664
0 0.7125 0.7175 0.018333333333333333 0.045
0 0.5841666666666666 0.9808333333333333 0.03833333333333333 0.035
0 0.44583333333333336 0.7166666666666667 0.041666666666666664 0.03333333333333333
0 0.7033333333333334 0.7075 0.03 0.058333333333333334
0 0.36083333333333334 0.6983333333333334 0.018333333333333333 0.07666666666666666
0 0.7583333333333333 0.6858333333333333 0.02 0.058333333333333334
0 0.7433333333333333 0.685 0.023333333333333334 0.03333333333333333
0 0.7241666666666666 0.6733333333333333 0.025 0.06
0 0.7025 0.6625 0.018333333333333333 0.058333333333333334
0 0.3575 0.6566666666666666 0.011666666666666667 0.04666666666666667
0 0.7591666666666667 0.655 0.025 0.06
0 0.7383333333333333 0.6558333333333334 0.023333333333333334 0.03833333333333333
0 0.6141666666666666 0.9741666666666666 0.035 0.045
0 0.29833333333333334 0.9733333333333334 0.023333333333333334 0.05333333333333334
0 0.37083333333333335 0.6266666666666667 0.018333333333333333 0.06
0 0.7366666666666667 0.6216666666666667 0.023333333333333334 0.05333333333333334
0 0.7525 0.6058333333333333 0.025 0.04833333333333333
0 0.765 0.5866666666666667 0.016666666666666666 0.056666666666666664
0 0.7216666666666667 0.5833333333333334 0.016666666666666666 0.07666666666666666
0 0.5333333333333333 0.965 0.02666666666666667 0.03333333333333333
0 0.7441666666666666 0.565 0.028333333333333332 0.04
0 0.7816666666666666 0.5466666666666666 0.02666666666666667 0.06
