0 0.15833333333333333 0.5291666666666667 0.016666666666666666 0.055
0 0.17916666666666667 0.51 0.018333333333333333 0.05333333333333334
0 0.2 0.5133333333333333 0.013333333333333334 0.04
0 0.12833333333333333 0.5116666666666667 0.016666666666666666 0.05
0 0.15083333333333335 0.5041666666666667 0.021666666666666667 0.035
0 0.14333333333333334 0.49166666666666664 0.02 0.056666666666666664
0 0.21 0.49 0.016666666666666666 0.06666666666666667
0 0.17166666666666666 0.4891666666666667 0.023333333333333334 0.051666666666666666
0 0.19083333333333333 0.48 0.015 0.05
0 0.995 0.9641666666666666 0.01 0.035
0 0.2 0.46416666666666667 0.02 0.06166666666666667
0 0.16666666666666666 0.45666666666666667 0.02666666666666667 0.06333333333333334
0 0.18166666666666667 0.44416666666666665 0.013333333333333334 0.03833333333333333
0 0.195 0.4275 0.016666666666666666 0.055
0 0.20666666666666667 0.4066666666666667 0.016666666666666666 0.06333333333333334
0 0.18583333333333332 0.3925 0.021666666666666667 0.055
0 0.22333333333333333 0.38333333333333336 0.023333333333333334 0.04666666666666667
0 0.205 0.3591666666666667 0.02666666666666667 0.051666666666666666
0 0.26166666666666666 0.3541666666666667 0.016666666666666666 0.07166666666666667
0 0.3591666666666667 0.35333333333333333 0.025 0.06
0 0.19166666666666668 0.3441666666666667 0.023333333333333334 0.055
0 0.23916666666666667 0.34 0.015 0.056666666666666664
0 0.2325 0.32916666666666666 0.018333333333333333 0.06166666666666667
0 0.25083333333333335 0.3225 0.018333333333333333 0.07166666666666667
0 0.2175 0.3175 0.028333333333333332 0.03166666666666667
0 0.355 0.31916666666666665 0.016666666666666666 0.075
0 0.18416666666666667 0.31583333333333335 0.021666666666666667 0.055
0 0.3775 0.3075 0.025 0.06166666666666667
0 0.21166666666666667 0.2875 0.023333333333333334 0.04833333333333333
0 0.235 0.2808333333333333 0.03666666666666667 0.035
0 0.2683333333333333 0.1775 0.02666666666666667 0.058333333333333334
0 0.255 0.06833333333333333 0.02 0.08
0 0.7525 0.9958333333333333 0.015 0.008333333333333333
0 0.8883333333333333 0.8791666666666667 0.023333333333333334 0.045
0 0.085 0.8283333333333334 0.03333333333333333 0.03333333333333333
0 0.2866666666666667 0.8091666666666667 0.03 0.06833333333333333
0 0.95 0.8041666666666667 0.02666666666666667 0.06833333333333333
0 0.09333333333333334 0.7958333333333333 0.03666666666666667 0.041666666666666664
0 0.93 0.7775 0.023333333333333334 0.065
0 0.46 0.7658333333333334 0.016666666666666666 0.08166666666666667
0 0.7975 0.7683333333333333 0.028333333333333332 0.05333333333333334
0 0.9 0.755 0.03 0.06666666666666667
0 0.8158333333333333 0.74 0.025 0.06
0 0.7933333333333333 0.7375 0.03333333333333333 0.041666666666666664
0 0.9683333333333334 0.7341666666666666 0.02666666666666667 0.07166666666666667
0 0.84 0.73 0.02 0.05
0 0.38916666666666666 0.725 0.021666666666666667 0.07333333333333333
0 0.9458333333333333 0.7066666666666667 0.018333333333333333 0.06333333333333334
0 0.785 0.705 0.03666666666666667 0.03666666666666667
0 0.8508333333333333 0.6933333333333334 0.018333333333333333 0.02666666666666667
0 0.8025 0.6783333333333333 0.021666666666666667 0.04666666666666667
0 0.7691666666666667 0.675 0.028333333333333332 0.02666666666666667
0 0.7866666666666666 0.6625 0.02 0.055
0 0.48083333333333333 0.6625 0.03833333333333333 0.041666666666666664
0 0.8341666666666666 0.6608333333333334 0.03166666666666667 0.041666666666666664
0 0.5033333333333333 0.6566666666666666 0.02 0.023333333333333334
0 0.8116666666666666 0.6591666666666667 0.03333333333333333 0.035
0 0.86 0.6583333333333333 0.03666666666666667 0.07
0 0.9825 0.6575 0.021666666666666667 0.058333333333333334
0 0.48 0.6383333333333333 0.03666666666666667 0.05
0 0.7858333333333334 0.6316666666666667 0.03166666666666667 0.056666666666666664
0 0.8083333333333333 0.6325 0.02666666666666667 0.025
0 0.8591666666666666 0.6258333333333334 0.025 0.041666666666666664
0 0.505 0.615 0.02 0.05333333333333334
0 0.12916666666666668 0.6175 0.018333333333333333 0.041666666666666664
0 0.8566666666666667 0.5925 0.02666666666666667 0.035
0 0.565 0.585 0.03666666666666667 0.04666666666666667
0 0.14 0.5816666666666667 0.02666666666666667 0.06
0 0.12166666666666667 0.575 0.02 0.05333333333333334
0 0.1725 0.5608333333333333 0.021666666666666667 0.06166666666666667
0 0.14083333333333334 0.5466666666666666 0.021666666666666667 0.05
0 0.18583333333333332 0.5441666666666667 0.018333333333333333 0.058333333333333334
