0 0.8316666666666667 0.4141666666666667 0.03 0.055
0 0.78 0.4225 0.02 0.065
0 0.8441666666666666 0.42583333333333334 0.028333333333333332 0.055
0 0.8041666666666667 0.465 0.018333333333333333 0.07666666666666666
0 0.8208333333333333 0.47333333333333333 0.021666666666666667 0.06
0 0.8325 0.4825 0.021666666666666667 0.055
0 0.8708333333333333 0.4875 0.035 0.06833333333333333
0 0.8466666666666667 0.5008333333333334 0.016666666666666666 0.08166666666666667
0 0.8225 0.5341666666666667 0.035 0.045
0 0.875 0.5383333333333333 0.02666666666666667 0.08333333333333333
0 0.8633333333333333 0.5583333333333333 0.02 0.06333333333333334
0 0.8141666666666667 0.57 0.035 0.04
0 0.8325 0.5708333333333333 0.028333333333333332 0.055
0 0.8483333333333334 0.5766666666666667 0.02666666666666667 0.06666666666666667
0 0.4675 0.5966666666666667 0.035 0.07
0 0.49333333333333335 0.6041666666666666 0.03666666666666667 0.051666666666666666
0 0.5766666666666667 0.6116666666666667 0.016666666666666666 0.08666666666666667
0 0.515 0.6116666666666667 0.04 0.056666666666666664
0 0.8433333333333334 0.6158333333333333 0.03333333333333333 0.03833333333333333
0 0.815 0.6325 0.03 0.045
0 0.505 0.6575 0.02666666666666667 0.06166666666666667
0 0.5208333333333334 0.6516666666666666 0.021666666666666667 0.056666666666666664
0 0.8383333333333334 0.6625 0.02666666666666667 0.058333333333333334
0 0.5408333333333334 0.6733333333333333 0.025 0.06333333333333334
0 0.8183333333333334 0.6766666666666666 0.02 0.06
0 0.8316666666666667 0.7041666666666667 0.03 0.07166666666666667
0 0.8008333333333333 0.7266666666666667 0.021666666666666667 0.06666666666666667
0 0.8375 0.7483333333333333 0.018333333333333333 0.07
0 0.8108333333333333 0.7791666666666667 0.018333333333333333 0.06166666666666667
0 0.49083333333333334 0.010833333333333334 0.015 0.021666666666666667
0 0.8291666666666667 0.7983333333333333 0.021666666666666667 0.07
0 0.8658333333333333 0.865 0.025 0.07333333333333333
0 0.4583333333333333 0.8883333333333333 0.03333333333333333 0.07
0 0.475 0.9516666666666667 0.023333333333333334 0.06
0 0.5783333333333334 0.9591666666666666 0.02666666666666667 0.08166666666666667
0 0.5083333333333333 0.015 0.02666666666666667 0.03
0 0.4666666666666667 0.020833333333333332 0.04 0.028333333333333332
0 0.5333333333333333 0.0375 0.03 0.03833333333333333
0 0.47833333333333333 0.03833333333333333 0.04 0.03
0 0.3516666666666667 0.04083333333333333 0.023333333333333334 0.06833333333333333
0 0.6766666666666666 0.05583333333333333 0.03333333333333333 0.051666666666666666
0 0.5616666666666666 0.06833333333333333 0.043333333333333335 0.03333333333333333
0 0.6575 0.07 0.041666666666666664 0.03666666666666667
0 0.37083333333333335 0.07333333333333333 0.025 0.07
0 0.6283333333333333 0.07833333333333334 0.03333333333333333 0.06
0 0.7066666666666667 0.08916666666666667 0.03 0.04833333333333333
0 0.7266666666666667 0.095 0.023333333333333334 0.03333333333333333
0 0.6025 0.105 0.041666666666666664 0.05333333333333334
0 0.6941666666666667 0.10833333333333334 0.035 0.056666666666666664
0 0.5875 0.12166666666666667 0.03166666666666667 0.06666666666666667
0 0.73 0.12916666666666668 0.03666666666666667 0.03166666666666667
0 0.6116666666666667 0.1475 0.023333333333333334 0.055
0 0.6908333333333333 0.14666666666666667 0.021666666666666667 0.08333333333333333
0 0.43416666666666665 0.1575 0.025 0.025
0 0.7158333333333333 0.1775 0.018333333333333333 0.08166666666666667
0 0.4708333333333333 0.17666666666666667 0.028333333333333332 0.023333333333333334
0 0.44666666666666666 0.185 0.03333333333333333 0.03666666666666667
0 0.6516666666666666 0.1875 0.04 0.058333333333333334
0 0.4975 0.195 0.035 0.06
0 0.4791666666666667 0.2 0.03166666666666667 0.02666666666666667
0 0.4558333333333333 0.215 0.03166666666666667 0.03666666666666667
0 0.43583333333333335 0.22083333333333333 0.028333333333333332 0.051666666666666666
0 0.4891666666666667 0.2275 0.035 0.03166666666666667
0 0.7658333333333334 0.23083333333333333 0.028333333333333332 0.07833333333333334
0 0.8333333333333334 0.2375 0.03666666666666667 0.045
0 0.8008333333333333 0.24916666666666668 0.028333333333333332 0.03166666666666667
0 0.4725 0.25083333333333335 0.03833333333333333 0.04833333333333333
0 0.8216666666666667 0.25583333333333336 0.03666666666666667 0.028333333333333332
0 0.7783333333333333 0.26 0.02 0.07333333333333333
0 0.725 0.26416666666666666 0.016666666666666666 0.07833333333333334
0 0.5116666666666667 0.26416666666666666 0.03 0.045
0 0.7566666666666667 0.2708333333333333 0.02 0.06833333333333333
0 0.4975 0.26916666666666667 0.021666666666666667 0.051666666666666666
0 0.4041666666666667 0.27166666666666667 0.018333333333333333 0.07
0 0.685 0.2808333333333333 0.03 0.06833333333333333
0 0.65 0.285 0.04 0.03666666666666667
0 0.8066666666666666 0.29 0.03333333333333333 0.043333333333333335
0 0.8225 0.2975 0.03166666666666667 0.03833333333333333
0 0.75 0.3075 0.02 0.07166666666666667
0 0.5233333333333333 0.30666666666666664 0.02666666666666667 0.043333333333333335
0 0.41083333333333333 0.31916666666666665 0.011666666666666667 0.055
0 0.8516666666666667 0.32 0.02 0.06666666666666667
0 0.7958333333333333 0.33416666666666667 0.035 0.035
0 0.82 0.3375 0.02666666666666667 0.051666666666666666
0 0.5008333333333334 0.3408333333333333 0.045 0.041666666666666664
0 0.835 0.3616666666666667 0.02666666666666667 0.05333333333333334
0 0.8575 0.365 0.021666666666666667 0.06666666666666667
0 0.7916666666666666 0.36833333333333335 0.023333333333333334 0.043333333333333335
0 0.8308333333333333 0.4 0.03166666666666667 0.03
0 0.41583333333333333 0.39666666666666667 0.018333333333333333 0.07666666666666666
0 0.8066666666666666 0.4091666666666667 0.03333333333333333 0.04833333333333333
