0 0.6091666666666666 0.48583333333333334 0.035 0.025
0 0.5766666666666667 0.4875 0.03666666666666667 0.03166666666666667
0 0.6783333333333333 0.49333333333333335 0.03 0.03333333333333333
0 0.6991666666666667 0.49416666666666664 0.03833333333333333 0.03833333333333333
0 0.7291666666666666 0.49666666666666665 0.025 0.04
0 0.3408333333333333 0.49333333333333335 0.035 0.07
0 0.6516666666666666 0.505 0.03333333333333333 0.05
0 0.7341666666666666 0.5108333333333334 0.035 0.055
0 0.6 0.5133333333333333 0.03666666666666667 0.03
0 0.6325 0.5091666666666667 0.03166666666666667 0.041666666666666664
0 0.09083333333333334 0.5175 0.051666666666666666 0.055
0 0.6741666666666667 0.5316666666666666 0.041666666666666664 0.03666666666666667
0 0.06833333333333333 0.5358333333333334 0.04666666666666667 0.055
0 0.7308333333333333 0.5391666666666667 0.028333333333333332 0.045
0 0.5741666666666667 0.5425 0.041666666666666664 0.035
0 0.29583333333333334 0.5466666666666666 0.03166666666666667 0.08333333333333333
0 0.6316666666666667 0.545 0.03666666666666667 0.03
0 0.7058333333333333 0.5491666666666667 0.035 0.03166666666666667
0 0.6758333333333333 0.5583333333333333 0.025 0.023333333333333334
0 0.6516666666666666 0.5575 0.03666666666666667 0.03166666666666667
0 0.6966666666666667 0.5833333333333334 0.03666666666666667 0.043333333333333335
0 0.6683333333333333 0.5858333333333333 0.03666666666666667 0.035
0 0.5958333333333333 0.5875 0.041666666666666664 0.028333333333333332
0 0.3025 0.5858333333333333 0.018333333333333333 0.08833333333333333
0 0.6075 0.5991666666666666 0.035 0.03833333333333333
0 0.6458333333333334 0.61 0.035 0.02666666666666667
0 0.28583333333333333 0.6166666666666667 0.018333333333333333 0.056666666666666664
0 0.5716666666666667 0.6141666666666666 0.03666666666666667 0.028333333333333332
0 0.2683333333333333 0.6258333333333334 0.02666666666666667 0.07166666666666667
0 0.55 0.6233333333333333 0.03333333333333333 0.03333333333333333
0 0.595 0.6283333333333333 0.04 0.04
0 0.6175 0.6316666666666667 0.03166666666666667 0.03666666666666667
0 0.6575 0.6408333333333334 0.03166666666666667 0.041666666666666664
0 0.6366666666666667 0.64 0.03666666666666667 0.03333333333333333
0 0.5425 0.6491666666666667 0.041666666666666664 0.03166666666666667
0 0.6633333333333333 0.66 0.02 0.07
0 0.6266666666666667 0.665 0.03666666666666667 0.023333333333333334
0 0.5825 0.6716666666666666 0.041666666666666664 0.03
0 0.6441666666666667 0.685 0.028333333333333332 0.04666666666666667
0 0.6216666666666667 0.6866666666666666 0.03666666666666667 0.02666666666666667
0 0.5558333333333333 0.695 0.03166666666666667 0.03
0 0.5741666666666667 0.7041666666666667 0.041666666666666664 0.035
0 0.5975 0.7125 0.03166666666666667 0.03166666666666667
0 0.6075 0.7241666666666666 0.03166666666666667 0.03833333333333333
0 0.6441666666666667 0.7275 0.028333333333333332 0.055
0 0.6266666666666667 0.73 0.03 0.04
0 0.30916666666666665 0.7341666666666666 0.025 0.03166666666666667
0 0.5716666666666667 0.7325 0.03666666666666667 0.028333333333333332
0 0.0033333333333333335 0.7458333333333333 0.006666666666666667 0.04833333333333333
0 0.5991666666666666 0.7566666666666667 0.03166666666666667 0.03
0 0.5708333333333333 0.7625 0.03166666666666667 0.03833333333333333
0 0.6283333333333333 0.7758333333333334 0.02666666666666667 0.045
0 0.6083333333333333 0.7833333333333333 0.03 0.06
0 0.5825 0.8108333333333333 0.03166666666666667 0.075
0 0.6266666666666667 0.8316666666666667 0.016666666666666666 0.07666666666666666
0 0.6083333333333333 0.8366666666666667 0.02 0.056666666666666664
0 0.59 0.8516666666666667 0.016666666666666666 0.06666666666666667
0 0.6 0.8758333333333334 0.016666666666666666 0.058333333333333334
0 0.6133333333333333 0.9166666666666666 0.016666666666666666 0.07333333333333333
0 0.5891666666666666 0.9183333333333333 0.018333333333333333 0.06666666666666667
0 0.5808333333333333 0.9325 0.025 0.06833333333333333
0 0.6308333333333334 0.945 0.018333333333333333 0.07333333333333333
0 0.6025 0.955 0.015 0.07333333333333333
0 0.725 0.14083333333333334 0.03 0.07833333333333334
0 0.7275 0.18416666666666667 0.025 0.065
0 0.5608333333333333 0.2175 0.03166666666666667 0.07166666666666667
0 0.7241666666666666 0.22166666666666668 0.018333333333333333 0.05
0 0.56 0.235 0.016666666666666666 0.04
0 0.7125 0.25083333333333335 0.015 0.041666666666666664
0 0.735 0.27166666666666667 0.016666666666666666 0.056666666666666664
0 0.725 0.29 0.016666666666666666 0.07333333333333333
0 0.5275 0.30333333333333334 0.018333333333333333 0.07333333333333333
0 0.6691666666666667 0.32166666666666666 0.045 0.056666666666666664
0 0.695 0.32916666666666666 0.03333333333333333 0.045
0 0.5358333333333334 0.34 0.018333333333333333 0.07666666666666666
0 0.5658333333333333 0.35 0.025 0.08
0 0.7375 0.3566666666666667 0.035 0.03666666666666667
0 0.6816666666666666 0.365 0.04 0.03666666666666667
0 0.51 0.36583333333333334 0.03333333333333333 0.041666666666666664
0 0.5433333333333333 0.3725 0.02 0.065
0 0.6975 0.38166666666666665 0.03166666666666667 0.03
0 0.7225 0.3858333333333333 0.03166666666666667 0.025
0 0.5066666666666667 0.4 0.03333333333333333 0.05333333333333334
0 0.6625 0.39666666666666667 0.035 0.03333333333333333
0 0.7508333333333334 0.4008333333333333 0.03166666666666667 0.051666666666666666
0 0.7183333333333334 0.41 0.03333333333333333 0.03333333333333333
0 0.6841666666666667 0.41083333333333333 0.03833333333333333 0.028333333333333332
0 0.7325 0.43333333333333335 0.0016666666666666668 0.006666666666666667
0 0.6458333333333334 0.4275 0.035 0.028333333333333332
0 0.4766666666666667 0.43 0.02666666666666667 0.03
0 0.5041666666666667 0.43583333333333335 0.035 0.058333333333333334
0 0.6833333333333333 0.43916666666666665 0.03666666666666667 0.021666666666666667
0 0.3525 0.44166666666666665 0.035 0.06
0 0.7225 0.445 0.035 0.06
0 0.6308333333333334 0.46166666666666667 0.03833333333333333 0.02666666666666667
0 0.31833333333333336 0.46166666666666667 0.02 0.06666666666666667
0 0.6866666666666666 0.4633333333333333 0.043333333333333335 0.03
0 0.735 0.4625 0.023333333333333334 0.06166666666666667
0 0.5816666666666667 0.4633333333333333 0.03 0.03666666666666667
0 0.6475 0.4691666666666667 0.03166666666666667 0.03833333333333333
