0 0.2966666666666667 0.48333333333333334 0.013333333333333334 0.05333333333333334
0 0.19 0.49583333333333335 0.023333333333333334 0.058333333333333334
0 0.25083333333333335 0.5025 0.021666666666666667 0.045
0 0.2866666666666667 0.505 0.013333333333333334 0.056666666666666664
0 0.2758333333333333 0.5233333333333333 0.015 0.06
0 0.2633333333333333 0.5275 0.023333333333333334 0.06833333333333333
0 0.19583333333333333 0.5316666666666666 0.018333333333333333 0.06
0 0.25583333333333336 0.5608333333333333 0.0016666666666666668 0.0016666666666666668
0 0.23416666666666666 0.5425 0.025 0.03833333333333333
0 0.22583333333333333 0.5433333333333333 0.015 0.03666666666666667
0 0.23833333333333334 0.5541666666666667 0.02 0.06166666666666667
0 0.42333333333333334 0.56 0.023333333333333334 0.06666666666666667
0 0.2966666666666667 0.5683333333333334 0.03 0.05333333333333334
0 0.2683333333333333 0.5816666666666667 0.016666666666666666 0.06333333333333334
0 0.24333333333333335 0.5991666666666666 0.013333333333333334 0.041666666666666664
0 0.25583333333333336 0.5941666666666666 0.015 0.051666666666666666
0 0.43166666666666664 0.5975 0.016666666666666666 0.07166666666666667
0 0.4008333333333333 0.6008333333333333 0.018333333333333333 0.051666666666666666
0 0.3875 0.6183333333333333 0.011666666666666667 0.04666666666666667
0 0.42 0.625 0.013333333333333334 0.06
0 0.29083333333333333 0.6208333333333333 0.018333333333333333 0.055
0 0.44 0.6291666666666667 0.013333333333333334 0.045
0 0.455 0.64 0.02 0.06666666666666667
0 0.49333333333333335 0.6441666666666667 0.02 0.06166666666666667
0 0.4025 0.6425 0.025 0.075
0 0.2425 0.655 0.025 0.056666666666666664
0 0.2675 0.6541666666666667 0.021666666666666667 0.06833333333333333
0 0.37833333333333335 0.6608333333333334 0.016666666666666666 0.058333333333333334
0 0.4125 0.6708333333333333 0.015 0.07166666666666667
0 0.4425 0.6716666666666666 0.021666666666666667 0.05333333333333334
0 0.25333333333333335 0.6783333333333333 0.016666666666666666 0.07
0 0.5 0.6841666666666667 0.02 0.055
0 0.39 0.6958333333333333 0.016666666666666666 0.06166666666666667
0 0.4375 0.6933333333333334 0.018333333333333333 0.06
0 0.45916666666666667 0.6966666666666667 0.015 0.04666666666666667
0 0.49333333333333335 0.7125 0.02 0.06166666666666667
0 0.23833333333333334 0.71 0.016666666666666666 0.06333333333333334
0 0.37166666666666665 0.72 0.02 0.06666666666666667
0 0.4525 0.7358333333333333 0.015 0.065
0 0.47833333333333333 0.7308333333333333 0.023333333333333334 0.075
0 0.3875 0.7366666666666667 0.015 0.04
0 0.5183333333333333 0.735 0.016666666666666666 0.07
0 0.43166666666666664 0.7391666666666666 0.016666666666666666 0.055
0 0.23583333333333334 0.7541666666666667 0.025 0.058333333333333334
0 0.265 0.7516666666666667 0.02 0.07333333333333333
0 0.44583333333333336 0.7683333333333333 0.018333333333333333 0.06
0 0.4691666666666667 0.7616666666666667 0.018333333333333333 0.08
0 0.5116666666666667 0.7758333333333334 0.016666666666666666 0.06833333333333333
0 0.49833333333333335 0.7791666666666667 0.02 0.06166666666666667
0 0.5266666666666666 0.79 0.016666666666666666 0.06333333333333334
0 0.4841666666666667 0.7941666666666667 0.018333333333333333 0.055
0 0.5225 0.8575 0.021666666666666667 0.075
0 0.005 0.8975 0.01 0.03833333333333333
0 0.04666666666666667 0.9916666666666667 0.04 0.016666666666666666
0 0.4191666666666667 0.18166666666666667 0.015 0.04666666666666667
0 0.44083333333333335 0.18416666666666667 0.028333333333333332 0.04833333333333333
0 0.43916666666666665 0.21416666666666667 0.015 0.03166666666666667
0 0.4216666666666667 0.21916666666666668 0.03333333333333333 0.03166666666666667
0 0.4116666666666667 0.23583333333333334 0.023333333333333334 0.015
0 0.385 0.24 0.03 0.03
0 0.4741666666666667 0.245 0.021666666666666667 0.023333333333333334
0 0.365 0.24666666666666667 0.03 0.02666666666666667
0 0.45166666666666666 0.245 0.02666666666666667 0.03
0 0.4275 0.24666666666666667 0.028333333333333332 0.02666666666666667
0 0.4925 0.25416666666666665 0.025 0.025
0 0.4083333333333333 0.2575 0.03333333333333333 0.028333333333333332
0 0.3458333333333333 0.2625 0.028333333333333332 0.021666666666666667
0 0.5116666666666667 0.2758333333333333 0.0033333333333333335 0.0016666666666666668
0 0.4725 0.2675 0.03166666666666667 0.028333333333333332
0 0.5258333333333334 0.2675 0.03833333333333333 0.025
0 0.38 0.26666666666666666 0.04 0.02666666666666667
0 0.44666666666666666 0.2725 0.03 0.03166666666666667
0 0.3425 0.2816666666666667 0.028333333333333332 0.023333333333333334
0 0.36333333333333334 0.28583333333333333 0.02666666666666667 0.025
0 0.5208333333333334 0.2875 0.028333333333333332 0.028333333333333332
0 0.4975 0.285 0.021666666666666667 0.03
0 0.4725 0.2916666666666667 0.028333333333333332 0.02666666666666667
0 0.38333333333333336 0.31 0.02 0.07
0 0.3525 0.31083333333333335 0.035 0.028333333333333332
0 0.3308333333333333 0.31166666666666665 0.028333333333333332 0.03666666666666667
0 0.31333333333333335 0.315 0.03 0.05
0 0.33666666666666667 0.33916666666666667 0.03666666666666667 0.035
0 0.30833333333333335 0.3541666666666667 0.02 0.041666666666666664
0 0.3225 0.36833333333333335 0.03166666666666667 0.03333333333333333
0 0.325 0.39666666666666667 0.03666666666666667 0.03
0 0.2966666666666667 0.4075 0.023333333333333334 0.051666666666666666
0 0.0175 0.4141666666666667 0.035 0.075
0 0.385 0.41083333333333333 0.02666666666666667 0.051666666666666666
0 0.21166666666666667 0.41833333333333333 0.023333333333333334 0.05333333333333334
0 0.30333333333333334 0.425 0.013333333333333334 0.05
0 0.19666666666666666 0.42916666666666664 0.023333333333333334 0.051666666666666666
0 0.365 0.435 0.02 0.05333333333333334
0 0.005 0.4325 0.01 0.051666666666666666
0 0.31833333333333336 0.43333333333333335 0.023333333333333334 0.05333333333333334
0 0.21333333333333335 0.4558333333333333 0.02666666666666667 0.06166666666666667
0 0.2891666666666667 0.4533333333333333 0.018333333333333333 0.04666666666666667
0 0.37166666666666665 0.4608333333333333 0.016666666666666666 0.06166666666666667
0 0.1725 0.47 0.025 0.056666666666666664
0 0.18833333333333332 0.4725 0.02666666666666667 0.045
0 0.27 0.4766666666666667 0.02 0.04666666666666667
0 0.3075 0.47583333333333333 0.015 0.06166666666666667
