0 0.39416666666666667 0.4975 0.041666666666666664 0.09166666666666666
0 0.925 0.5341666666666667 0.06333333333333334 0.105
0 0.3441666666666667 0.535 0.041666666666666664 0.11
0 0.44083333333333335 0.5333333333333333 0.058333333333333334 0.09666666666666666
0 0.9816666666666667 0.56 0.03666666666666667 0.07666666666666666
0 0.8675 0.5808333333333333 0.08166666666666667 0.08166666666666667
0 0.18 0.5891666666666666 0.043333333333333335 0.11166666666666666
0 0.25 0.6083333333333333 0.03 0.12333333333333334
0 0.37333333333333335 0.6183333333333333 0.05333333333333334 0.10333333333333333
0 0.8966666666666666 0.6591666666666667 0.08333333333333333 0.07166666666666667
0 0.20416666666666666 0.6941666666666667 0.035 0.13166666666666665
0 0.5141666666666667 0.7066666666666667 0.03833333333333333 0.11333333333333333
0 0.8808333333333334 0.7175 0.08166666666666667 0.051666666666666666
0 0.9633333333333334 0.7141666666666666 0.07333333333333333 0.065
0 0.49583333333333335 0.8725 0.035 0.12166666666666667
0 0.44916666666666666 0.23666666666666666 0.058333333333333334 0.06
