0 0.5566666666666666 0.42833333333333334 0.02 0.08666666666666667
0 0.8008333333333333 0.44416666666666665 0.03833333333333333 0.045
0 0.7716666666666666 0.45416666666666666 0.02666666666666667 0.065
0 0.8091666666666667 0.45666666666666667 0.03166666666666667 0.06666666666666667
0 0.515 0.4633333333333333 0.02 0.06666666666666667
0 0.7766666666666666 0.485 0.03666666666666667 0.04
0 0.6858333333333333 0.5166666666666667 0.045 0.03333333333333333
0 0.25 0.5816666666666667 0.02 0.08666666666666667
0 0.3408333333333333 0.6033333333333334 0.03166666666666667 0.03
0 0.22166666666666668 0.6041666666666666 0.03666666666666667 0.028333333333333332
0 0.225 0.6466666666666666 0.02 0.06
0 0.20416666666666666 0.6466666666666666 0.021666666666666667 0.056666666666666664
0 0.2425 0.6541666666666667 0.025 0.075
0 0.19 0.6608333333333334 0.01 0.028333333333333332
0 0.16166666666666665 0.6833333333333333 0.04 0.05
0 0.22833333333333333 0.6958333333333333 0.023333333333333334 0.04833333333333333
0 0.21333333333333335 0.6966666666666667 0.02 0.06666666666666667
0 0.20166666666666666 0.7116666666666667 0.023333333333333334 0.07666666666666666
0 0.175 0.6975 0.03666666666666667 0.04833333333333333
0 0.8775 0.7158333333333333 0.03833333333333333 0.035
0 0.8341666666666666 0.7358333333333333 0.03833333333333333 0.041666666666666664
0 0.19333333333333333 0.7458333333333333 0.016666666666666666 0.055
0 0.175 0.755 0.023333333333333334 0.08
0 0.18166666666666667 0.8016666666666666 0.023333333333333334 0.06666666666666667
0 0.445 0.041666666666666664 0.03666666666666667 0.06666666666666667
0 0.4575 0.08083333333333333 0.021666666666666667 0.06833333333333333
0 0.4816666666666667 0.10583333333333333 0.03 0.04833333333333333
0 0.43833333333333335 0.11583333333333333 0.016666666666666666 0.08166666666666667
0 0.455 0.13583333333333333 0.02 0.065
0 0.47583333333333333 0.14166666666666666 0.028333333333333332 0.043333333333333335
0 0.7708333333333334 0.17416666666666666 0.021666666666666667 0.085
0 0.4775 0.18333333333333332 0.03166666666666667 0.05
0 0.7841666666666667 0.2625 0.03166666666666667 0.09166666666666666
0 0.5266666666666666 0.33 0.043333333333333335 0.03333333333333333
0 0.5183333333333333 0.3491666666666667 0.043333333333333335 0.035
0 0.5233333333333333 0.3958333333333333 0.02 0.065
0 0.5391666666666667 0.3983333333333333 0.021666666666666667 0.06333333333333334
0 0.5108333333333334 0.415 0.018333333333333333 0.09
