0 0.5908333333333333 0.5575 0.028333333333333332 0.025
0 0.5891666666666666 0.54 0.03833333333333333 0.03
0 0.555 0.54 0.04 0.04
0 0.5183333333333333 0.5241666666666667 0.023333333333333334 0.07166666666666667
0 0.53 0.5233333333333333 0.02666666666666667 0.04666666666666667
0 0.24416666666666667 0.5175 0.018333333333333333 0.075
0 0.5933333333333334 0.5075 0.02666666666666667 0.045
0 0.54 0.51 0.02 0.04666666666666667
0 0.5783333333333334 0.495 0.03 0.043333333333333335
0 0.5616666666666666 0.49083333333333334 0.02 0.055
0 0.5491666666666667 0.47833333333333333 0.015 0.056666666666666664
0 0.5216666666666666 0.4575 0.02 0.075
0 0.5433333333333333 0.45166666666666666 0.016666666666666666 0.06666666666666667
0 0.5733333333333334 0.4425 0.016666666666666666 0.055
0 0.5583333333333333 0.43916666666666665 0.013333333333333334 0.045
0 0.5333333333333333 0.43416666666666665 0.016666666666666666 0.058333333333333334
0 0.5641666666666667 0.4141666666666667 0.015 0.045
0 0.4925 0.3983333333333333 0.021666666666666667 0.07
0 0.525 0.38666666666666666 0.016666666666666666 0.06
0 0.5383333333333333 0.3825 0.016666666666666666 0.058333333333333334
0 0.5541666666666667 0.3825 0.015 0.06833333333333333
0 0.5691666666666667 0.37166666666666665 0.015 0.06333333333333334
0 0.46 0.365 0.016666666666666666 0.05
0 0.5108333333333334 0.3516666666666667 0.015 0.07
0 0.5283333333333333 0.32916666666666666 0.016666666666666666 0.058333333333333334
0 0.5416666666666666 0.33 0.016666666666666666 0.06
0 0.565 0.31 0.02 0.07333333333333333
0 0.4825 0.3075 0.028333333333333332 0.058333333333333334
0 0.5191666666666667 0.3016666666666667 0.015 0.05333333333333334
0 0.45916666666666667 0.3016666666666667 0.028333333333333332 0.06
0 0.555 0.2916666666666667 0.02 0.056666666666666664
0 0.54 0.2833333333333333 0.02666666666666667 0.03666666666666667
0 0.5475 0.26916666666666667 0.035 0.06166666666666667
0 0.4975 0.25166666666666665 0.028333333333333332 0.056666666666666664
0 0.47 0.25166666666666665 0.016666666666666666 0.05333333333333334
0 0.5333333333333333 0.24583333333333332 0.03 0.058333333333333334
0 0.5225 0.22833333333333333 0.028333333333333332 0.05
0 0.5583333333333333 0.2225 0.02 0.035
0 0.5025 0.215 0.025 0.04666666666666667
0 0.4866666666666667 0.20416666666666666 0.02666666666666667 0.06166666666666667
0 0.5333333333333333 0.1875 0.03 0.045
0 0.5666666666666667 0.18333333333333332 0.03 0.03
0 0.5175 0.17833333333333334 0.028333333333333332 0.03666666666666667
0 0.5625 0.16666666666666666 0.03166666666666667 0.02666666666666667
0 0.49333333333333335 0.16 0.02666666666666667 0.06
0 0.5266666666666666 0.1475 0.023333333333333334 0.03166666666666667
0 0.5216666666666666 0.13916666666666666 0.02666666666666667 0.055
0 0.48833333333333334 0.13416666666666666 0.02 0.07166666666666667
0 0.5108333333333334 0.1125 0.028333333333333332 0.035
0 0.5466666666666666 0.08166666666666667 0.02666666666666667 0.04666666666666667
0 0.5241666666666667 0.08583333333333333 0.028333333333333332 0.035
0 0.5083333333333333 0.07916666666666666 0.03666666666666667 0.041666666666666664
0 0.5583333333333333 0.045 0.03 0.03666666666666667
0 0.5283333333333333 0.045 0.03666666666666667 0.03666666666666667
0 0.95 0.9608333333333333 0.043333333333333335 0.03166666666666667
0 0.5675 0.015833333333333335 0.028333333333333332 0.03166666666666667
0 0.7566666666666667 0.9375 0.016666666666666666 0.06833333333333333
0 0.7366666666666667 0.9183333333333333 0.02666666666666667 0.07666666666666666
0 0.8766666666666667 0.8866666666666667 0.02666666666666667 0.03
0 0.5558333333333333 0.8733333333333333 0.035 0.03
0 0.4866666666666667 0.8666666666666667 0.043333333333333335 0.03333333333333333
0 0.8758333333333334 0.8683333333333333 0.035 0.07
0 0.5208333333333334 0.8475 0.035 0.041666666666666664
0 0.5541666666666667 0.8316666666666667 0.03166666666666667 0.03
0 0.5358333333333334 0.8241666666666667 0.03833333333333333 0.045
0 0.5733333333333334 0.8058333333333333 0.03666666666666667 0.028333333333333332
0 0.27 0.775 0.023333333333333334 0.02666666666666667
0 0.41583333333333333 0.7616666666666667 0.03166666666666667 0.04
0 0.2966666666666667 0.7625 0.03666666666666667 0.025
0 0.2683333333333333 0.75 0.03 0.02666666666666667
0 0.24416666666666667 0.7483333333333333 0.028333333333333332 0.06
0 0.3908333333333333 0.7466666666666667 0.03833333333333333 0.02666666666666667
0 0.22333333333333333 0.7441666666666666 0.016666666666666666 0.058333333333333334
0 0.25083333333333335 0.7358333333333333 0.021666666666666667 0.015
0 0.43083333333333335 0.7341666666666666 0.03833333333333333 0.028333333333333332
0 0.7475 0.7308333333333333 0.03166666666666667 0.051666666666666666
0 0.4608333333333333 0.7275 0.028333333333333332 0.04833333333333333
0 0.4841666666666667 0.7266666666666667 0.03166666666666667 0.023333333333333334
0 0.4066666666666667 0.7166666666666667 0.03 0.03666666666666667
0 0.215 0.7116666666666667 0.02666666666666667 0.05333333333333334
0 0.44 0.7033333333333334 0.03 0.03666666666666667
0 0.5066666666666667 0.7008333333333333 0.02 0.021666666666666667
0 0.49416666666666664 0.6966666666666667 0.035 0.04
0 0.46 0.7033333333333334 0.02 0.07666666666666666
0 0.49166666666666664 0.6841666666666667 0.02666666666666667 0.058333333333333334
0 0.47833333333333333 0.6783333333333333 0.02 0.05
0 0.20916666666666667 0.6716666666666666 0.018333333333333333 0.06333333333333334
0 0.5383333333333333 0.6641666666666667 0.02666666666666667 0.035
0 0.5158333333333334 0.6666666666666666 0.025 0.02666666666666667
0 0.49833333333333335 0.645 0.02666666666666667 0.02666666666666667
0 0.5183333333333333 0.635 0.02 0.04
0 0.20333333333333334 0.64 0.023333333333333334 0.05333333333333334
0 0.55 0.6258333333333334 0.02 0.04833333333333333
0 0.535 0.6266666666666667 0.023333333333333334 0.05
0 0.22083333333333333 0.6191666666666666 0.018333333333333333 0.041666666666666664
0 0.5666666666666667 0.6158333333333333 0.016666666666666666 0.045
0 0.5825 0.5933333333333334 0.018333333333333333 0.05333333333333334
0 0.5616666666666666 0.5816666666666667 0.03333333333333333 0.05
0 0.22916666666666666 0.5708333333333333 0.021666666666666667 0.058333333333333334
