0 0.5966666666666667 0.4725 0.043333333333333335 0.03833333333333333
0 0.5316666666666666 0.48583333333333334 0.023333333333333334 0.058333333333333334
0 0.67 0.49333333333333335 0.03666666666666667 0.03333333333333333
0 0.38666666666666666 0.4925 0.02666666666666667 0.045
0 0.5533333333333333 0.49916666666666665 0.03333333333333333 0.058333333333333334
0 0.6883333333333334 0.5041666666666667 0.04 0.041666666666666664
0 0.7091666666666666 0.5125 0.03833333333333333 0.035
0 0.28583333333333333 0.5325 0.021666666666666667 0.07833333333333334
0 0.6516666666666666 0.5341666666666667 0.02666666666666667 0.051666666666666666
0 0.26 0.5391666666666667 0.03666666666666667 0.058333333333333334
0 0.23 0.565 0.03666666666666667 0.04
0 0.2816666666666667 0.59 0.02 0.06333333333333334
0 0.22916666666666666 0.585 0.03833333333333333 0.043333333333333335
0 0.2625 0.5933333333333334 0.025 0.056666666666666664
0 0.2633333333333333 0.6025 0.02666666666666667 0.075
0 0.21333333333333335 0.625 0.02 0.08333333333333333
0 0.2525 0.6341666666666667 0.018333333333333333 0.06166666666666667
0 0.22666666666666666 0.6325 0.016666666666666666 0.07166666666666667
0 0.23833333333333334 0.6366666666666667 0.013333333333333334 0.06333333333333334
0 0.215 0.6983333333333334 0.023333333333333334 0.06333333333333334
0 0.23916666666666667 0.7041666666666667 0.025 0.075
0 0.85 0.705 0.04 0.03
0 0.81 0.7216666666666667 0.023333333333333334 0.06666666666666667
0 0.49916666666666665 0.15416666666666667 0.025 0.07166666666666667
0 0.6275 0.185 0.03833333333333333 0.03666666666666667
0 0.4741666666666667 0.20333333333333334 0.021666666666666667 0.06
0 0.6316666666666667 0.215 0.04 0.04
0 0.6375 0.2175 0.028333333333333332 0.035
0 0.48 0.24166666666666667 0.02 0.06
0 0.6391666666666667 0.25 0.03833333333333333 0.04
0 0.6391666666666667 0.2775 0.03166666666666667 0.055
0 0.5833333333333334 0.4141666666666667 0.02 0.08166666666666667
0 0.5983333333333334 0.4175 0.016666666666666666 0.075
0 0.5608333333333333 0.43666666666666665 0.03166666666666667 0.043333333333333335
0 0.5408333333333334 0.4425 0.035 0.04833333333333333
0 0.5566666666666666 0.465 0.02666666666666667 0.04666666666666667
