0 0.8291666666666667 0.5516666666666666 0.07166666666666667 0.06666666666666667
0 0.43583333333333335 0.5133333333333333 0.03833333333333333 0.11
0 0.17583333333333334 0.495 0.045 0.10666666666666667
0 0.8875 0.49 0.075 0.07
0 0.8291666666666667 0.41083333333333333 0.07166666666666667 0.058333333333333334
0 0.7775 0.385 0.075 0.07
0 0.8566666666666667 0.3375 0.06 0.09833333333333333
0 0.8158333333333333 0.33416666666666667 0.075 0.058333333333333334
0 0.059166666666666666 0.31916666666666665 0.06833333333333333 0.06166666666666667
0 0.8008333333333333 0.27416666666666667 0.075 0.06833333333333333
0 0.14583333333333334 0.17583333333333334 0.075 0.055
0 0.3075 0.9441666666666667 0.03833333333333333 0.10833333333333334
0 0.15166666666666667 0.11916666666666667 0.06666666666666667 0.055
0 0.415 0.935 0.06333333333333334 0.07
0 0.5858333333333333 0.0825 0.07166666666666667 0.075
0 0.4791666666666667 0.9108333333333334 0.051666666666666666 0.09166666666666666
0 0.7166666666666667 0.875 0.03666666666666667 0.11
0 0.19583333333333333 0.8725 0.058333333333333334 0.08166666666666667
0 0.4066666666666667 0.8441666666666666 0.06333333333333334 0.065
0 0.5025 0.8441666666666666 0.07166666666666667 0.04833333333333333
0 0.41083333333333333 0.615 0.08166666666666667 0.05
