0 0.7158333333333333 0.5116666666666667 0.021666666666666667 0.06666666666666667
0 0.11333333333333333 0.4825 0.04 0.04833333333333333
0 0.7433333333333333 0.4525 0.03666666666666667 0.03833333333333333
0 0.6883333333333334 0.4525 0.03 0.025
0 0.7675 0.4483333333333333 0.035 0.03
0 0.0175 0.43583333333333335 0.028333333333333332 0.06166666666666667
0 0.805 0.42583333333333334 0.043333333333333335 0.035
0 0.05 0.42083333333333334 0.04 0.041666666666666664
0 0.7708333333333334 0.4225 0.03166666666666667 0.06166666666666667
0 0.745 0.4116666666666667 0.03333333333333333 0.05
0 0.8141666666666667 0.4 0.03833333333333333 0.03
0 0.7825 0.3958333333333333 0.03166666666666667 0.03166666666666667
0 0.8008333333333333 0.375 0.041666666666666664 0.03
0 0.815 0.3575 0.03333333333333333 0.051666666666666666
0 0.7841666666666667 0.34 0.035 0.05
0 0.4525 0.7741666666666667 0.041666666666666664 0.041666666666666664
0 0.49833333333333335 0.7583333333333333 0.03666666666666667 0.03333333333333333
0 0.5133333333333333 0.7233333333333334 0.04 0.03666666666666667
0 0.48833333333333334 0.7216666666666667 0.03666666666666667 0.05
0 0.4658333333333333 0.7141666666666666 0.028333333333333332 0.051666666666666666
0 0.4375 0.7158333333333333 0.035 0.07166666666666667
0 0.445 0.6991666666666667 0.03 0.055
0 0.4658333333333333 0.6758333333333333 0.021666666666666667 0.055
0 0.16416666666666666 0.6408333333333334 0.035 0.06833333333333333
0 0.19333333333333333 0.6075 0.023333333333333334 0.07166666666666667
0 0.1825 0.6066666666666667 0.03166666666666667 0.07333333333333333
0 0.1675 0.6 0.025 0.08
0 0.1375 0.5766666666666667 0.035 0.06333333333333334
0 0.7016666666666667 0.5633333333333334 0.02 0.08
0 0.14333333333333334 0.5591666666666667 0.02666666666666667 0.055
0 0.19166666666666668 0.5458333333333333 0.03333333333333333 0.055
