0 0.45916666666666667 0.5133333333333333 0.041666666666666664 0.03666666666666667
0 0.44916666666666666 0.5733333333333334 0.021666666666666667 0.07666666666666666
0 0.4666666666666667 0.5708333333333333 0.03 0.09166666666666666
0 0.445 0.6283333333333333 0.016666666666666666 0.03666666666666667
0 0.5 0.23166666666666666 0.043333333333333335 0.03
0 0.5525 0.24833333333333332 0.04833333333333333 0.04666666666666667
0 0.5091666666666667 0.2841666666666667 0.028333333333333332 0.07166666666666667
0 0.7966666666666666 0.2833333333333333 0.04666666666666667 0.03666666666666667
0 0.4666666666666667 0.2833333333333333 0.02666666666666667 0.07333333333333333
0 0.49166666666666664 0.29 0.02666666666666667 0.07666666666666666
0 0.8341666666666666 0.30416666666666664 0.03166666666666667 0.045
0 0.7383333333333333 0.30833333333333335 0.04 0.03666666666666667
0 0.5325 0.31166666666666665 0.021666666666666667 0.06666666666666667
0 0.7616666666666667 0.31833333333333336 0.03333333333333333 0.04
0 0.8058333333333333 0.3333333333333333 0.041666666666666664 0.05
0 0.48083333333333333 0.3441666666666667 0.021666666666666667 0.085
0 0.5133333333333333 0.34833333333333333 0.04666666666666667 0.05333333333333334
0 0.5641666666666667 0.355 0.03833333333333333 0.043333333333333335
0 0.7458333333333333 0.35333333333333333 0.03833333333333333 0.03333333333333333
0 0.7308333333333333 0.36083333333333334 0.065 0.045
0 0.49916666666666665 0.37333333333333335 0.028333333333333332 0.08
0 0.47333333333333333 0.3883333333333333 0.023333333333333334 0.08666666666666667
0 0.5375 0.3933333333333333 0.041666666666666664 0.04
0 0.4633333333333333 0.4116666666666667 0.03 0.08
