0 0.96 0.4533333333333333 0.03333333333333333 0.07666666666666666
0 0.34 0.45416666666666666 0.03333333333333333 0.041666666666666664
0 0.9508333333333333 0.45666666666666667 0.018333333333333333 0.07666666666666666
0 0.9216666666666666 0.46166666666666667 0.023333333333333334 0.07
0 0.385 0.46166666666666667 0.03333333333333333 0.04
0 0.405 0.4725 0.03666666666666667 0.028333333333333332
0 0.9708333333333333 0.4775 0.025 0.06833333333333333
0 0.44 0.4841666666666667 0.02666666666666667 0.06833333333333333
0 0.45916666666666667 0.485 0.021666666666666667 0.07
0 0.295 0.4891666666666667 0.02 0.058333333333333334
0 0.335 0.485 0.04 0.04
0 0.3125 0.4841666666666667 0.021666666666666667 0.058333333333333334
0 0.4125 0.49583333333333335 0.035 0.028333333333333332
0 0.37333333333333335 0.49583333333333335 0.04 0.03166666666666667
0 0.33666666666666667 0.5075 0.03666666666666667 0.025
0 0.2808333333333333 0.5175 0.018333333333333333 0.075
0 0.41333333333333333 0.5208333333333334 0.04 0.035
0 0.375 0.53 0.03666666666666667 0.03
0 0.44333333333333336 0.5366666666666666 0.02666666666666667 0.05
0 0.34 0.5341666666666667 0.03333333333333333 0.03166666666666667
0 0.9433333333333334 0.5416666666666666 0.02666666666666667 0.05333333333333334
0 0.2941666666666667 0.56 0.0016666666666666668 0.0033333333333333335
0 0.9183333333333333 0.545 0.043333333333333335 0.05333333333333334
0 0.3883333333333333 0.5508333333333333 0.03666666666666667 0.03166666666666667
0 0.28583333333333333 0.5483333333333333 0.03166666666666667 0.07
0 0.4175 0.5525 0.025 0.04833333333333333
0 0.465 0.5533333333333333 0.02 0.07
0 0.3441666666666667 0.5575 0.03833333333333333 0.03833333333333333
0 0.21 0.5608333333333333 0.02666666666666667 0.08166666666666667
0 0.30666666666666664 0.5608333333333333 0.03333333333333333 0.028333333333333332
0 0.395 0.5825 0.03666666666666667 0.03833333333333333
0 0.3516666666666667 0.5783333333333334 0.04666666666666667 0.03333333333333333
0 0.44416666666666665 0.5808333333333333 0.021666666666666667 0.065
0 0.30083333333333334 0.5825 0.041666666666666664 0.028333333333333332
0 0.4241666666666667 0.6 0.025 0.06333333333333334
0 0.2841666666666667 0.6066666666666667 0.03833333333333333 0.03333333333333333
0 0.3541666666666667 0.6241666666666666 0.045 0.03833333333333333
0 0.315 0.6233333333333333 0.03666666666666667 0.05333333333333334
0 0.4583333333333333 0.6391666666666667 0.02 0.07833333333333334
0 0.4766666666666667 0.6616666666666666 0.03 0.07666666666666666
0 0.4791666666666667 0.7066666666666667 0.03166666666666667 0.06666666666666667
0 0.9625 0.8875 0.028333333333333332 0.07833333333333334
0 0.7158333333333333 0.97 0.03166666666666667 0.06
0 0.9916666666666667 0.1 0.016666666666666666 0.08333333333333333
0 0.9925 0.16333333333333333 0.015 0.06333333333333334
0 0.9891666666666666 0.21583333333333332 0.021666666666666667 0.04833333333333333
0 0.9916666666666667 0.30333333333333334 0.016666666666666666 0.08
0 0.4683333333333333 0.37833333333333335 0.04666666666666667 0.04
0 0.46416666666666667 0.42 0.025 0.04666666666666667
0 0.4066666666666667 0.43166666666666664 0.04 0.03333333333333333
0 0.44583333333333336 0.43916666666666665 0.021666666666666667 0.06166666666666667
0 0.3675 0.44583333333333336 0.03833333333333333 0.045
