0 0.68 0.0625 0.043333333333333335 0.10833333333333334
0 0.4 0.0775 0.04 0.125
0 0.6658333333333334 0.095 0.055 0.10666666666666667
0 0.43416666666666665 0.10666666666666667 0.03833333333333333 0.12
0 0.4841666666666667 0.11916666666666667 0.03166666666666667 0.13166666666666665
0 0.5833333333333334 0.1225 0.03666666666666667 0.125
0 0.3458333333333333 0.12333333333333334 0.045 0.11666666666666667
0 0.29583333333333334 0.125 0.03166666666666667 0.12333333333333334
0 0.635 0.13 0.03 0.12333333333333334
0 0.4558333333333333 0.1925 0.03166666666666667 0.115
0 0.5333333333333333 0.021666666666666667 0.03333333333333333 0.043333333333333335
