0 0.5733333333333334 0.44333333333333336 0.043333333333333335 0.05
0 0.4166666666666667 0.44416666666666665 0.02666666666666667 0.041666666666666664
0 0.5075 0.4508333333333333 0.035 0.035
0 0.43833333333333335 0.44666666666666666 0.03333333333333333 0.03666666666666667
0 0.7175 0.44083333333333335 0.018333333333333333 0.08166666666666667
0 0.38416666666666666 0.45166666666666666 0.028333333333333332 0.04
0 0.4066666666666667 0.46166666666666667 0.03333333333333333 0.04666666666666667
0 0.37083333333333335 0.46166666666666667 0.03166666666666667 0.04
0 0.5266666666666666 0.465 0.03333333333333333 0.03333333333333333
0 0.46416666666666667 0.4683333333333333 0.03166666666666667 0.03
0 0.4875 0.4683333333333333 0.03166666666666667 0.03
0 0.4425 0.48083333333333333 0.035 0.025
0 0.7341666666666666 0.4725 0.018333333333333333 0.051666666666666666
0 0.7516666666666667 0.475 0.023333333333333334 0.07666666666666666
0 0.5216666666666666 0.48833333333333334 0.043333333333333335 0.03
0 0.39916666666666667 0.49083333333333334 0.03833333333333333 0.03166666666666667
0 0.5891666666666666 0.49166666666666664 0.041666666666666664 0.04
0 0.4725 0.49583333333333335 0.03833333333333333 0.025
0 0.435 0.5033333333333333 0.03333333333333333 0.03
0 0.555 0.5025 0.03666666666666667 0.035
0 0.4816666666666667 0.5116666666666667 0.03666666666666667 0.03666666666666667
0 0.62 0.5158333333333334 0.023333333333333334 0.055
0 0.49916666666666665 0.5241666666666667 0.035 0.03166666666666667
0 0.5191666666666667 0.5275 0.035 0.06166666666666667
0 0.4033333333333333 0.5341666666666667 0.016666666666666666 0.058333333333333334
0 0.4475 0.5341666666666667 0.035 0.03166666666666667
0 0.4266666666666667 0.54 0.03666666666666667 0.043333333333333335
0 0.4716666666666667 0.5508333333333333 0.03333333333333333 0.03166666666666667
0 0.42583333333333334 0.5716666666666667 0.025 0.06666666666666667
0 0.4583333333333333 0.5741666666666667 0.023333333333333334 0.055
0 0.7058333333333333 0.5833333333333334 0.021666666666666667 0.03666666666666667
0 0.44416666666666665 0.5883333333333334 0.021666666666666667 0.05333333333333334
0 0.4216666666666667 0.5941666666666666 0.02666666666666667 0.055
0 0.4675 0.6175 0.025 0.04833333333333333
0 0.4066666666666667 0.6225 0.03666666666666667 0.045
0 0.4533333333333333 0.635 0.02666666666666667 0.05
0 0.425 0.6691666666666667 0.016666666666666666 0.058333333333333334
0 0.44416666666666665 0.6716666666666666 0.025 0.07666666666666666
0 0.3958333333333333 0.6941666666666667 0.018333333333333333 0.07833333333333334
0 0.4141666666666667 0.71 0.018333333333333333 0.056666666666666664
0 0.43583333333333335 0.7208333333333333 0.018333333333333333 0.055
0 0.42333333333333334 0.735 0.016666666666666666 0.06
0 0.41083333333333333 0.7691666666666667 0.018333333333333333 0.06166666666666667
0 0.43166666666666664 0.7791666666666667 0.016666666666666666 0.065
0 0.3933333333333333 0.7925 0.016666666666666666 0.07166666666666667
0 0.4175 0.81 0.015 0.06333333333333334
0 0.8933333333333333 0.9425 0.043333333333333335 0.03833333333333333
0 0.9541666666666667 0.975 0.03166666666666667 0.05
0 0.8491666666666666 0.9941666666666666 0.03833333333333333 0.011666666666666667
0 0.4775 0.10416666666666667 0.028333333333333332 0.06833333333333333
0 0.2941666666666667 0.11083333333333334 0.028333333333333332 0.08166666666666667
0 0.4716666666666667 0.11833333333333333 0.013333333333333334 0.043333333333333335
0 0.49916666666666665 0.17083333333333334 0.021666666666666667 0.055
0 0.3016666666666667 0.18083333333333335 0.02666666666666667 0.06833333333333333
0 0.33416666666666667 0.19333333333333333 0.028333333333333332 0.02666666666666667
0 0.45916666666666667 0.19166666666666668 0.028333333333333332 0.07333333333333333
0 0.375 0.20583333333333334 0.02666666666666667 0.025
0 0.48833333333333334 0.2 0.016666666666666666 0.07
0 0.33666666666666667 0.215 0.03666666666666667 0.03333333333333333
0 0.5158333333333334 0.225 0.035 0.03333333333333333
0 0.31 0.23166666666666666 0.03333333333333333 0.04
0 0.37416666666666665 0.22916666666666666 0.03833333333333333 0.028333333333333332
0 0.29 0.24583333333333332 0.03333333333333333 0.03833333333333333
0 0.37166666666666665 0.25833333333333336 0.043333333333333335 0.03
0 0.5175 0.2633333333333333 0.03833333333333333 0.06666666666666667
0 0.3425 0.25916666666666666 0.028333333333333332 0.06833333333333333
0 0.3225 0.26916666666666667 0.028333333333333332 0.045
0 0.36916666666666664 0.2758333333333333 0.03166666666666667 0.03166666666666667
0 0.5125 0.2725 0.028333333333333332 0.04833333333333333
0 0.4058333333333333 0.2833333333333333 0.041666666666666664 0.03
0 0.5483333333333333 0.2825 0.02666666666666667 0.03166666666666667
0 0.37166666666666665 0.295 0.03 0.03
0 0.45166666666666666 0.30083333333333334 0.03333333333333333 0.035
0 0.6708333333333333 0.30083333333333334 0.03166666666666667 0.058333333333333334
0 0.4141666666666667 0.30416666666666664 0.035 0.025
0 0.4691666666666667 0.31 0.03833333333333333 0.03
0 0.385 0.32166666666666666 0.04 0.03
0 0.425 0.32166666666666666 0.03666666666666667 0.02666666666666667
0 0.4841666666666667 0.33 0.041666666666666664 0.03
0 0.4475 0.3358333333333333 0.03166666666666667 0.025
0 0.3725 0.345 0.041666666666666664 0.03333333333333333
0 0.41333333333333333 0.3441666666666667 0.03666666666666667 0.028333333333333332
0 0.3516666666666667 0.3591666666666667 0.03333333333333333 0.04833333333333333
0 0.68 0.35 0.03333333333333333 0.06333333333333334
0 0.4658333333333333 0.35583333333333333 0.04833333333333333 0.028333333333333332
0 0.44916666666666666 0.37166666666666665 0.035 0.03
0 0.4116666666666667 0.3725 0.04 0.028333333333333332
0 0.9291666666666667 0.375 0.03833333333333333 0.07333333333333333
0 0.38333333333333336 0.37583333333333335 0.03333333333333333 0.041666666666666664
0 0.37166666666666665 0.3908333333333333 0.023333333333333334 0.021666666666666667
0 0.4225 0.3958333333333333 0.03166666666666667 0.021666666666666667
0 0.44916666666666666 0.39666666666666667 0.03166666666666667 0.03
0 0.485 0.4075 0.03333333333333333 0.035
0 0.36 0.405 0.023333333333333334 0.06666666666666667
0 0.4175 0.4175 0.041666666666666664 0.03166666666666667
0 0.3825 0.4191666666666667 0.035 0.03833333333333333
0 0.9566666666666667 0.42333333333333334 0.03 0.06333333333333334
0 0.4575 0.425 0.028333333333333332 0.04
0 0.47583333333333333 0.44 0.03166666666666667 0.03
