0 0.25583333333333336 0.45416666666666666 0.021666666666666667 0.075
0 0.9083333333333333 0.4575 0.03666666666666667 0.058333333333333334
0 0.22833333333333333 0.4266666666666667 0.03666666666666667 0.05
0 0.2025 0.42 0.035 0.03
0 0.2916666666666667 0.4191666666666667 0.03 0.035
0 0.16333333333333333 0.39666666666666667 0.04666666666666667 0.03666666666666667
0 0.9766666666666667 0.39166666666666666 0.04 0.04
0 0.20166666666666666 0.3858333333333333 0.03333333333333333 0.04833333333333333
0 0.22416666666666665 0.37833333333333335 0.035 0.06
0 0.9933333333333333 0.3933333333333333 0.006666666666666667 0.01
0 0.15333333333333332 0.36916666666666664 0.03666666666666667 0.041666666666666664
0 0.195 0.3575 0.03666666666666667 0.045
0 0.16583333333333333 0.3433333333333333 0.03833333333333333 0.03333333333333333
0 0.155 0.32083333333333336 0.04 0.055
0 0.19666666666666666 0.3 0.02666666666666667 0.07333333333333333
0 0.495 0.7541666666666667 0.04666666666666667 0.035
0 0.5541666666666667 0.7491666666666666 0.03833333333333333 0.058333333333333334
0 0.475 0.7166666666666667 0.043333333333333335 0.03666666666666667
0 0.5025 0.7116666666666667 0.028333333333333332 0.06333333333333334
0 0.5608333333333333 0.7 0.028333333333333332 0.06333333333333334
0 0.5291666666666667 0.6966666666666667 0.03166666666666667 0.06666666666666667
0 0.5533333333333333 0.6808333333333333 0.02666666666666667 0.075
0 0.5291666666666667 0.655 0.021666666666666667 0.06333333333333334
0 0.8541666666666666 0.6191666666666666 0.03833333333333333 0.06833333333333333
0 0.835 0.5908333333333333 0.02666666666666667 0.085
0 0.8208333333333333 0.5825 0.025 0.07833333333333334
0 0.8508333333333333 0.58 0.021666666666666667 0.07666666666666666
0 0.88 0.555 0.03666666666666667 0.05333333333333334
0 0.8808333333333334 0.5375 0.03833333333333333 0.08833333333333333
0 0.8216666666666667 0.5183333333333333 0.03333333333333333 0.06
0 0.27166666666666667 0.5158333333333334 0.02 0.08833333333333333
