0 0.40166666666666667 0.455 0.023333333333333334 0.06
0 0.4558333333333333 0.45416666666666666 0.03833333333333333 0.04833333333333333
0 0.3983333333333333 0.4708333333333333 0.013333333333333334 0.035
0 0.43166666666666664 0.47583333333333333 0.023333333333333334 0.06166666666666667
0 0.7458333333333333 0.595 0.051666666666666666 0.03666666666666667
0 0.38166666666666665 0.5941666666666666 0.016666666666666666 0.08833333333333333
0 0.23333333333333334 0.7791666666666667 0.03333333333333333 0.065
0 0.8508333333333333 0.7983333333333333 0.041666666666666664 0.07666666666666666
0 0.31083333333333335 0.24583333333333332 0.021666666666666667 0.06833333333333333
0 0.3233333333333333 0.2866666666666667 0.016666666666666666 0.05333333333333334
0 0.335 0.32416666666666666 0.016666666666666666 0.07166666666666667
0 0.43 0.35583333333333333 0.03333333333333333 0.03166666666666667
0 0.4625 0.36333333333333334 0.045 0.043333333333333335
0 0.3491666666666667 0.37166666666666665 0.021666666666666667 0.08
0 0.44916666666666666 0.38333333333333336 0.04833333333333333 0.03
0 0.3925 0.4191666666666667 0.0016666666666666668 0.008333333333333333
0 0.38416666666666666 0.4025 0.021666666666666667 0.051666666666666666
0 0.5066666666666667 0.4116666666666667 0.02 0.08
0 0.46416666666666667 0.4141666666666667 0.03166666666666667 0.051666666666666666
0 0.42 0.42083333333333334 0.03666666666666667 0.03833333333333333
0 0.38333333333333336 0.44416666666666665 0.02 0.075
0 0.345 0.44333333333333336 0.02 0.06
