0 0.4266666666666667 0.8475 0.03333333333333333 0.045
0 0.21083333333333334 0.8733333333333333 0.028333333333333332 0.03666666666666667
0 0.235 0.895 0.03666666666666667 0.03666666666666667
0 0.2658333333333333 0.9083333333333333 0.03833333333333333 0.03666666666666667
0 0.2025 0.9075 0.028333333333333332 0.035
0 0.22083333333333333 0.9283333333333333 0.03166666666666667 0.03
0 0.25083333333333335 0.9333333333333333 0.03166666666666667 0.03
0 0.19083333333333333 0.9441666666666667 0.028333333333333332 0.035
0 0.23166666666666666 0.9533333333333334 0.03666666666666667 0.03333333333333333
0 0.19916666666666666 0.9566666666666667 0.03166666666666667 0.03333333333333333
0 0.17 0.9575 0.023333333333333334 0.065
0 0.20166666666666666 0.9783333333333334 0.03 0.03333333333333333
0 0.17666666666666667 0.985 0.023333333333333334 0.03
0 0.20166666666666666 0.9925 0.023333333333333334 0.015
