0 0.8575 0.43416666666666665 0.051666666666666666 0.09833333333333333
0 0.16666666666666666 0.5858333333333333 0.06 0.075
0 0.5683333333333334 0.6391666666666667 0.05333333333333334 0.11833333333333333
0 0.2025 0.715 0.035 0.14333333333333334
0 0.7366666666666667 0.7158333333333333 0.06333333333333334 0.08166666666666667
0 0.245 0.7233333333333334 0.05 0.12
0 0.4025 0.7716666666666666 0.051666666666666666 0.11333333333333333
0 0.5591666666666667 0.775 0.045 0.12333333333333334
0 0.22916666666666666 0.85 0.03166666666666667 0.13
0 0.3475 0.8775 0.07166666666666667 0.065
0 0.19916666666666666 0.9441666666666667 0.051666666666666666 0.09166666666666666
0 0.7941666666666667 0.9491666666666667 0.058333333333333334 0.10166666666666667
0 0.5233333333333333 0.08 0.056666666666666664 0.10666666666666667
0 0.845 0.09333333333333334 0.04666666666666667 0.11
0 0.7291666666666666 0.10166666666666667 0.03833333333333333 0.11666666666666667
0 0.09083333333333334 0.12833333333333333 0.085 0.06333333333333334
0 0.7775 0.125 0.051666666666666666 0.09666666666666666
0 0.016666666666666666 0.2175 0.03333333333333333 0.058333333333333334
0 0.2633333333333333 0.3858333333333333 0.05333333333333334 0.10833333333333334
