0 0.5258333333333334 0.4766666666666667 0.015 0.01
0 0.5391666666666667 0.4775 0.008333333333333333 0.011666666666666667
0 0.5533333333333333 0.47583333333333333 0.013333333333333334 0.015
0 0.5041666666666667 0.46416666666666667 0.015 0.021666666666666667
0 0.5191666666666667 0.46416666666666667 0.011666666666666667 0.011666666666666667
0 0.5791666666666667 0.4583333333333333 0.018333333333333333 0.02666666666666667
0 0.7066666666666667 0.4583333333333333 0.013333333333333334 0.02666666666666667
0 0.5166666666666667 0.455 0.016666666666666666 0.02
0 0.5466666666666666 0.45416666666666666 0.016666666666666666 0.03166666666666667
0 0.5625 0.45166666666666666 0.015 0.04
0 0.5783333333333334 0.4575 0.02 0.028333333333333332
0 0.6691666666666667 0.44916666666666666 0.018333333333333333 0.025
0 0.5016666666666667 0.4475 0.016666666666666666 0.055
0 0.6216666666666667 0.44416666666666665 0.016666666666666666 0.021666666666666667
0 0.5325 0.44666666666666666 0.011666666666666667 0.03666666666666667
0 0.5441666666666667 0.4475 0.011666666666666667 0.021666666666666667
0 0.6391666666666667 0.44083333333333335 0.018333333333333333 0.021666666666666667
0 0.5616666666666666 0.43916666666666665 0.013333333333333334 0.025
0 0.5133333333333333 0.435 0.02 0.023333333333333334
0 0.6591666666666667 0.4225 0.021666666666666667 0.041666666666666664
0 0.6975 0.41833333333333333 0.025 0.03666666666666667
0 0.6175 0.4191666666666667 0.008333333333333333 0.021666666666666667
0 0.6766666666666666 0.4241666666666667 0.016666666666666666 0.018333333333333333
0 0.6533333333333333 0.41333333333333333 0.01 0.02666666666666667
0 0.6258333333333334 0.415 0.011666666666666667 0.03333333333333333
0 0.6366666666666667 0.41 0.013333333333333334 0.03666666666666667
0 0.31166666666666665 0.23916666666666667 0.02666666666666667 0.051666666666666666
0 0.21583333333333332 0.14416666666666667 0.015 0.051666666666666666
0 0.235 0.1125 0.02666666666666667 0.04833333333333333
0 0.1875 0.06416666666666666 0.028333333333333332 0.07166666666666667
0 0.18833333333333332 0.055 0.03 0.09
0 0.18833333333333332 0.0375 0.02666666666666667 0.055
0 0.07583333333333334 0.7408333333333333 0.011666666666666667 0.008333333333333333
0 0.0825 0.74 0.011666666666666667 0.013333333333333334
0 0.09833333333333333 0.7375 0.013333333333333334 0.018333333333333333
0 0.06333333333333334 0.7366666666666667 0.006666666666666667 0.006666666666666667
0 0.10083333333333333 0.735 0.011666666666666667 0.016666666666666666
0 0.08666666666666667 0.7308333333333333 0.006666666666666667 0.015
0 0.07916666666666666 0.725 0.011666666666666667 0.013333333333333334
0 0.0425 0.725 0.008333333333333333 0.016666666666666666
0 0.049166666666666664 0.7241666666666666 0.008333333333333333 0.018333333333333333
0 0.06416666666666666 0.7183333333333334 0.015 0.013333333333333334
0 0.1175 0.715 0.021666666666666667 0.016666666666666666
0 0.03666666666666667 0.715 0.01 0.013333333333333334
0 0.025833333333333333 0.7116666666666667 0.015 0.02
0 0.0025 0.7125 0.005 0.018333333333333333
0 0.1075 0.7108333333333333 0.008333333333333333 0.021666666666666667
0 0.1 0.7058333333333333 0.013333333333333334 0.018333333333333333
0 0.08666666666666667 0.66 0.016666666666666666 0.03
0 0.6616666666666666 0.6416666666666667 0.013333333333333334 0.013333333333333334
0 0.6433333333333333 0.6425 0.02 0.025
0 0.6616666666666666 0.6325 0.01 0.021666666666666667
0 0.6716666666666666 0.6308333333333334 0.013333333333333334 0.018333333333333333
