0 0.38083333333333336 0.575 0.03833333333333333 0.03333333333333333
0 0.6816666666666666 0.5691666666666667 0.023333333333333334 0.045
0 0.64 0.5458333333333333 0.05 0.03166666666666667
0 0.7033333333333334 0.5333333333333333 0.03666666666666667 0.03333333333333333
0 0.1 0.09166666666666666 0.043333333333333335 0.043333333333333335
0 0.7183333333333334 0.7858333333333334 0.016666666666666666 0.08166666666666667
0 0.43083333333333335 0.7025 0.028333333333333332 0.025
0 0.39166666666666666 0.6983333333333334 0.03 0.02666666666666667
0 0.4116666666666667 0.6891666666666667 0.03333333333333333 0.028333333333333332
0 0.35333333333333333 0.68 0.03666666666666667 0.03333333333333333
0 0.7391666666666666 0.6775 0.018333333333333333 0.041666666666666664
0 0.3825 0.6716666666666666 0.03166666666666667 0.02666666666666667
0 0.44583333333333336 0.6708333333333333 0.03166666666666667 0.041666666666666664
0 0.47 0.6666666666666666 0.03 0.03666666666666667
0 0.415 0.6625 0.03333333333333333 0.028333333333333332
0 0.7183333333333334 0.6525 0.023333333333333334 0.055
0 0.44333333333333336 0.65 0.02666666666666667 0.043333333333333335
0 0.6766666666666666 0.6491666666666667 0.03333333333333333 0.055
0 0.3983333333333333 0.6458333333333334 0.03333333333333333 0.035
0 0.735 0.6366666666666667 0.023333333333333334 0.043333333333333335
0 0.42833333333333334 0.6333333333333333 0.02666666666666667 0.03333333333333333
0 0.3625 0.6325 0.035 0.045
0 0.5725 0.6275 0.021666666666666667 0.065
0 0.33166666666666667 0.6141666666666666 0.02666666666666667 0.04833333333333333
0 0.6975 0.6091666666666666 0.03833333333333333 0.035
0 0.4275 0.595 0.03833333333333333 0.02666666666666667
0 0.3333333333333333 0.5808333333333333 0.03333333333333333 0.055
0 0.3466666666666667 0.5808333333333333 0.03333333333333333 0.045
0 0.6658333333333334 0.5791666666666667 0.035 0.03166666666666667
