0 0.6083333333333333 0.4583333333333333 0.03333333333333333 0.03
0 0.6325 0.4633333333333333 0.028333333333333332 0.05
0 0.6041666666666666 0.4875 0.028333333333333332 0.065
0 0.5583333333333333 0.4925 0.03666666666666667 0.041666666666666664
0 0.5758333333333333 0.49416666666666664 0.028333333333333332 0.06166666666666667
0 0.15166666666666667 0.4925 0.03666666666666667 0.03833333333333333
0 0.15916666666666668 0.49916666666666665 0.018333333333333333 0.018333333333333333
0 0.6208333333333333 0.515 0.03166666666666667 0.06333333333333334
0 0.6391666666666667 0.5258333333333334 0.025 0.055
0 0.575 0.5366666666666666 0.02666666666666667 0.04
0 0.5541666666666667 0.54 0.018333333333333333 0.04666666666666667
0 0.5775 0.5691666666666667 0.035 0.025
0 0.6058333333333333 0.5708333333333333 0.03166666666666667 0.051666666666666666
0 0.5675 0.5891666666666666 0.035 0.025
0 0.6016666666666667 0.5991666666666666 0.03333333333333333 0.041666666666666664
0 0.5741666666666667 0.6075 0.03166666666666667 0.028333333333333332
0 0.5491666666666667 0.6116666666666667 0.028333333333333332 0.03333333333333333
0 0.6591666666666667 0.6191666666666666 0.03166666666666667 0.055
0 0.5966666666666667 0.6233333333333333 0.02666666666666667 0.03
0 0.57 0.6308333333333334 0.03 0.021666666666666667
0 0.5408333333333334 0.6341666666666667 0.03166666666666667 0.025
0 0.5175 0.6458333333333334 0.03166666666666667 0.03166666666666667
0 0.5483333333333333 0.6566666666666666 0.02666666666666667 0.02666666666666667
0 0.5733333333333334 0.6675 0.02666666666666667 0.03833333333333333
0 0.6266666666666667 0.67 0.02666666666666667 0.02666666666666667
0 0.6 0.675 0.03333333333333333 0.02666666666666667
0 0.5291666666666667 0.6775 0.028333333333333332 0.03166666666666667
0 0.5566666666666666 0.6825 0.03 0.028333333333333332
0 0.48083333333333333 0.6825 0.028333333333333332 0.03166666666666667
0 0.505 0.6825 0.03 0.03166666666666667
0 0.6183333333333333 0.6941666666666667 0.04 0.028333333333333332
0 0.5816666666666667 0.7 0.03333333333333333 0.03
0 0.55 0.7033333333333334 0.02666666666666667 0.023333333333333334
0 0.525 0.7075 0.02666666666666667 0.025
0 0.495 0.71 0.03 0.02666666666666667
0 0.5616666666666666 0.7241666666666666 0.03666666666666667 0.021666666666666667
0 0.5066666666666667 0.7391666666666666 0.03666666666666667 0.025
0 0.5775 0.7383333333333333 0.03833333333333333 0.02666666666666667
0 0.4483333333333333 0.745 0.03 0.03333333333333333
0 0.54 0.7508333333333334 0.03 0.025
0 0.51 0.755 0.03 0.02666666666666667
0 0.5658333333333333 0.7625 0.03166666666666667 0.025
0 0.4775 0.7583333333333333 0.028333333333333332 0.04
0 0.4033333333333333 0.7691666666666667 0.02666666666666667 0.035
0 0.44666666666666666 0.7716666666666666 0.02666666666666667 0.03666666666666667
0 0.4675 0.7725 0.03166666666666667 0.021666666666666667
0 0.4266666666666667 0.7725 0.02666666666666667 0.035
0 0.5316666666666666 0.7758333333333334 0.03333333333333333 0.028333333333333332
0 0.51 0.7808333333333334 0.02666666666666667 0.028333333333333332
0 0.49833333333333335 0.7925 0.02666666666666667 0.028333333333333332
0 0.4741666666666667 0.7925 0.025 0.021666666666666667
0 0.44916666666666666 0.7958333333333333 0.028333333333333332 0.018333333333333333
0 0.42083333333333334 0.8041666666666667 0.03166666666666667 0.03166666666666667
0 0.5191666666666667 0.8066666666666666 0.028333333333333332 0.03666666666666667
0 0.4841666666666667 0.8116666666666666 0.035 0.02666666666666667
0 0.4525 0.8141666666666667 0.025 0.021666666666666667
0 0.49 0.8283333333333334 0.03666666666666667 0.02666666666666667
0 0.42333333333333334 0.8366666666666667 0.03 0.03666666666666667
0 0.4508333333333333 0.8508333333333333 0.035 0.03166666666666667
0 0.6 0.06583333333333333 0.016666666666666666 0.06166666666666667
0 0.4216666666666667 0.8691666666666666 0.03 0.028333333333333332
0 0.4116666666666667 0.8883333333333333 0.03333333333333333 0.02666666666666667
0 0.005 0.8891666666666667 0.01 0.025
0 0.3925 0.9441666666666667 0.03166666666666667 0.035
0 0.5941666666666666 0.11166666666666666 0.015 0.04666666666666667
0 0.4975 0.11166666666666666 0.035 0.05
0 0.6016666666666667 0.14916666666666667 0.013333333333333334 0.03833333333333333
0 0.4666666666666667 0.1825 0.016666666666666666 0.055
0 0.575 0.18166666666666667 0.016666666666666666 0.07
0 0.5908333333333333 0.19333333333333333 0.015 0.06333333333333334
0 0.575 0.2175 0.016666666666666666 0.065
0 0.5833333333333334 0.24666666666666667 0.013333333333333334 0.043333333333333335
0 0.56 0.25416666666666665 0.016666666666666666 0.055
0 0.19833333333333333 0.2708333333333333 0.023333333333333334 0.06166666666666667
0 0.029166666666666667 0.28833333333333333 0.028333333333333332 0.06666666666666667
0 0.57 0.2866666666666667 0.013333333333333334 0.06666666666666667
0 0.41 0.2891666666666667 0.016666666666666666 0.065
0 0.44166666666666665 0.295 0.02666666666666667 0.05333333333333334
0 0.5558333333333333 0.30583333333333335 0.015 0.058333333333333334
0 0.4191666666666667 0.315 0.021666666666666667 0.06333333333333334
0 0.009166666666666667 0.31916666666666665 0.018333333333333333 0.028333333333333332
0 0.029166666666666667 0.3233333333333333 0.021666666666666667 0.03
0 0.2675 0.3416666666666667 0.035 0.043333333333333335
0 0.565 0.3416666666666667 0.016666666666666666 0.056666666666666664
0 0.17833333333333334 0.3475 0.016666666666666666 0.075
0 0.39166666666666666 0.3525 0.03 0.03833333333333333
0 0.4191666666666667 0.35583333333333333 0.028333333333333332 0.065
0 0.6491666666666667 0.37166666666666665 0.021666666666666667 0.056666666666666664
0 0.5516666666666666 0.3725 0.016666666666666666 0.058333333333333334
0 0.39666666666666667 0.37583333333333335 0.023333333333333334 0.03166666666666667
0 0.2475 0.38 0.03166666666666667 0.03666666666666667
0 0.5591666666666667 0.38916666666666666 0.015 0.051666666666666666
0 0.6191666666666666 0.395 0.025 0.043333333333333335
0 0.6108333333333333 0.025833333333333333 0.018333333333333333 0.051666666666666666
0 0.5666666666666667 0.4075 0.016666666666666666 0.07166666666666667
0 0.17666666666666667 0.4075 0.02 0.058333333333333334
0 0.38416666666666666 0.4141666666666667 0.03166666666666667 0.045
0 0.6391666666666667 0.4175 0.028333333333333332 0.051666666666666666
0 0.6158333333333333 0.4216666666666667 0.028333333333333332 0.04666666666666667
0 0.42916666666666664 0.4216666666666667 0.03833333333333333 0.03
0 0.16666666666666666 0.44416666666666665 0.02 0.051666666666666666
