0 0.49416666666666664 0.4575 0.018333333333333333 0.06166666666666667
0 0.5075 0.4583333333333333 0.018333333333333333 0.06333333333333334
0 0.48 0.4608333333333333 0.016666666666666666 0.041666666666666664
0 0.5283333333333333 0.46166666666666667 0.013333333333333334 0.06333333333333334
0 0.4633333333333333 0.4866666666666667 0.02 0.056666666666666664
0 0.47583333333333333 0.5008333333333334 0.021666666666666667 0.04833333333333333
0 0.5125 0.5058333333333334 0.021666666666666667 0.06833333333333333
0 0.49333333333333335 0.5283333333333333 0.023333333333333334 0.07
0 0.43916666666666665 0.525 0.015 0.07666666666666666
0 0.47333333333333333 0.5516666666666666 0.02 0.06333333333333334
0 0.45916666666666667 0.5566666666666666 0.021666666666666667 0.06333333333333334
0 0.5083333333333333 0.585 0.023333333333333334 0.07333333333333333
0 0.515 0.6075 0.02 0.07833333333333334
0 0.47583333333333333 0.6041666666666666 0.018333333333333333 0.06833333333333333
0 0.49166666666666664 0.6033333333333334 0.016666666666666666 0.07
0 0.5208333333333334 0.6366666666666667 0.015 0.07333333333333333
0 0.5016666666666667 0.6466666666666666 0.013333333333333334 0.05
0 0.47833333333333333 0.6541666666666667 0.016666666666666666 0.065
0 0.46166666666666667 0.6766666666666666 0.016666666666666666 0.06666666666666667
0 0.5008333333333334 0.6866666666666666 0.025 0.056666666666666664
0 0.515 0.7233333333333334 0.04 0.043333333333333335
0 0.4116666666666667 0.7258333333333333 0.01 0.021666666666666667
0 0.42583333333333334 0.7483333333333333 0.035 0.06333333333333334
0 0.40166666666666667 0.7933333333333333 0.02666666666666667 0.07
0 0.9816666666666667 0.9658333333333333 0.03666666666666667 0.06833333333333333
0 0.9883333333333333 0.98 0.023333333333333334 0.04
0 0.49333333333333335 0.15416666666666667 0.023333333333333334 0.06833333333333333
0 0.5258333333333334 0.18 0.015 0.06666666666666667
0 0.535 0.22333333333333333 0.013333333333333334 0.05
0 0.5108333333333334 0.23 0.015 0.056666666666666664
0 0.5258333333333334 0.26 0.015 0.06
0 0.5133333333333333 0.28 0.013333333333333334 0.05333333333333334
0 0.5383333333333333 0.2925 0.023333333333333334 0.075
0 0.5183333333333333 0.31583333333333335 0.016666666666666666 0.058333333333333334
0 0.525 0.36 0.016666666666666666 0.06
0 0.4608333333333333 0.3725 0.021666666666666667 0.055
0 0.4483333333333333 0.375 0.02 0.056666666666666664
0 0.49166666666666664 0.3825 0.013333333333333334 0.06833333333333333
0 0.5108333333333334 0.39166666666666666 0.018333333333333333 0.06333333333333334
0 0.5316666666666666 0.395 0.013333333333333334 0.056666666666666664
0 0.48333333333333334 0.4 0.016666666666666666 0.07333333333333333
0 0.4791666666666667 0.4 0.021666666666666667 0.07333333333333333
0 0.5183333333333333 0.42916666666666664 0.016666666666666666 0.051666666666666666
0 0.455 0.4266666666666667 0.02 0.05333333333333334
0 0.46416666666666667 0.45 0.015 0.03666666666666667
