0 0.7891666666666667 0.5458333333333333 0.028333333333333332 0.035
0 0.21333333333333335 0.5466666666666666 0.023333333333333334 0.07333333333333333
0 0.12166666666666667 0.5441666666666667 0.02 0.075
0 0.7433333333333333 0.5433333333333333 0.03 0.03666666666666667
0 0.8416666666666667 0.5366666666666666 0.03 0.043333333333333335
0 0.7158333333333333 0.5308333333333334 0.025 0.058333333333333334
0 0.8158333333333333 0.5358333333333334 0.041666666666666664 0.045
0 0.8666666666666667 0.5208333333333334 0.02666666666666667 0.051666666666666666
0 0.23583333333333334 0.5125 0.028333333333333332 0.03833333333333333
0 0.7425 0.5083333333333333 0.025 0.05
0 0.8441666666666666 0.49833333333333335 0.03166666666666667 0.03333333333333333
0 0.715 0.4875 0.03333333333333333 0.058333333333333334
0 0.7616666666666667 0.49 0.03333333333333333 0.05
0 0.8641666666666666 0.4925 0.028333333333333332 0.051666666666666666
0 0.8066666666666666 0.48583333333333334 0.04 0.028333333333333332
0 0.12416666666666666 0.4841666666666667 0.025 0.058333333333333334
0 0.23 0.4841666666666667 0.02666666666666667 0.045
0 0.8266666666666667 0.48083333333333333 0.03333333333333333 0.03166666666666667
0 0.2825 0.48083333333333333 0.041666666666666664 0.03833333333333333
0 0.25416666666666665 0.47833333333333333 0.035 0.03666666666666667
0 0.9366666666666666 0.4775 0.02666666666666667 0.06833333333333333
0 0.7341666666666666 0.4558333333333333 0.025 0.058333333333333334
0 0.8383333333333334 0.4575 0.03666666666666667 0.028333333333333332
0 0.7141666666666666 0.4508333333333333 0.028333333333333332 0.055
0 0.7925 0.44333333333333336 0.028333333333333332 0.04666666666666667
0 0.7683333333333333 0.44 0.02 0.06333333333333334
0 0.20083333333333334 0.4375 0.025 0.051666666666666666
0 0.735 0.42833333333333334 0.023333333333333334 0.056666666666666664
0 0.7483333333333333 0.4216666666666667 0.02666666666666667 0.06333333333333334
0 0.22166666666666668 0.42333333333333334 0.03 0.06333333333333334
0 0.7941666666666667 0.3975 0.028333333333333332 0.075
0 0.22 0.4041666666666667 0.03 0.09833333333333333
0 0.7683333333333333 0.3858333333333333 0.02666666666666667 0.06833333333333333
0 0.6908333333333333 0.37833333333333335 0.03166666666666667 0.06666666666666667
0 0.725 0.38 0.023333333333333334 0.04
0 0.7241666666666666 0.33416666666666667 0.0016666666666666668 0.0016666666666666668
0 0.73 0.35083333333333333 0.04 0.051666666666666666
0 0.7416666666666667 0.355 0.02666666666666667 0.06333333333333334
0 0.6808333333333333 0.3225 0.025 0.04833333333333333
0 0.5641666666666667 0.3 0.03166666666666667 0.06666666666666667
0 0.5566666666666666 0.2375 0.02 0.085
0 0.13833333333333334 0.9458333333333333 0.02 0.06166666666666667
0 0.5425 0.20583333333333334 0.021666666666666667 0.07166666666666667
0 0.20916666666666667 0.14666666666666667 0.028333333333333332 0.07333333333333333
0 0.44916666666666666 0.06416666666666666 0.028333333333333332 0.07166666666666667
0 0.15833333333333333 0.925 0.023333333333333334 0.06333333333333334
0 0.15583333333333332 0.8775 0.015 0.06833333333333333
0 0.17083333333333334 0.86 0.021666666666666667 0.06666666666666667
0 0.17 0.8075 0.016666666666666666 0.051666666666666666
0 0.18 0.7725 0.02 0.09166666666666666
0 0.13083333333333333 0.9875 0.021666666666666667 0.025
0 0.18666666666666668 0.675 0.023333333333333334 0.056666666666666664
0 0.1575 0.6375 0.025 0.08833333333333333
0 0.695 0.635 0.04 0.056666666666666664
0 0.21333333333333335 0.6316666666666667 0.023333333333333334 0.07666666666666666
0 0.18416666666666667 0.6116666666666667 0.025 0.07333333333333333
0 0.7008333333333333 0.5966666666666667 0.028333333333333332 0.043333333333333335
0 0.20416666666666666 0.5858333333333333 0.018333333333333333 0.065
0 0.78 0.5841666666666666 0.04 0.04833333333333333
0 0.8116666666666666 0.5683333333333334 0.03 0.04666666666666667
0 0.7125 0.5641666666666667 0.028333333333333332 0.06166666666666667
0 0.2175 0.56 0.018333333333333333 0.05
0 0.775 0.56 0.03666666666666667 0.04
