0 0.6966666666666667 0.5316666666666666 0.043333333333333335 0.11666666666666667
0 0.9958333333333333 0.5583333333333333 0.008333333333333333 0.05333333333333334
0 0.6991666666666667 0.6458333333333334 0.03166666666666667 0.12833333333333333
0 0.92 0.6658333333333334 0.06 0.105
0 0.25166666666666665 0.06166666666666667 0.04 0.12333333333333334
0 0.7683333333333333 0.065 0.06 0.07333333333333333
0 0.7583333333333333 0.7358333333333333 0.07 0.055
0 0.7408333333333333 0.8233333333333334 0.075 0.05
0 0.7975 0.9341666666666667 0.075 0.058333333333333334
0 0.32916666666666666 0.10083333333333333 0.06833333333333333 0.08166666666666667
0 0.7541666666666667 0.11916666666666667 0.06166666666666667 0.051666666666666666
0 0.4191666666666667 0.14 0.04833333333333333 0.12
0 0.3541666666666667 0.1425 0.075 0.051666666666666666
0 0.7566666666666667 0.17333333333333334 0.05 0.07
0 0.6533333333333333 0.18833333333333332 0.06 0.1
0 0.4325 0.21666666666666667 0.041666666666666664 0.11333333333333333
0 0.5891666666666666 0.235 0.03833333333333333 0.12333333333333334
0 0.7633333333333333 0.24666666666666667 0.07 0.08
0 0.19916666666666666 0.02 0.035 0.04
0 0.6458333333333334 0.2966666666666667 0.04833333333333333 0.12333333333333334
0 0.605 0.35083333333333333 0.02666666666666667 0.13166666666666665
0 0.6691666666666667 0.395 0.045 0.12333333333333334
0 0.3225 0.03166666666666667 0.04833333333333333 0.06333333333333334
