0 0.6308333333333334 0.5533333333333333 0.018333333333333333 0.056666666666666664
0 0.37166666666666665 0.555 0.023333333333333334 0.06333333333333334
0 0.7083333333333334 0.555 0.03666666666666667 0.03666666666666667
0 0.6883333333333334 0.5391666666666667 0.03 0.028333333333333332
0 0.7141666666666666 0.5283333333333333 0.03833333333333333 0.03
0 0.39 0.5191666666666667 0.016666666666666666 0.08166666666666667
0 0.6608333333333334 0.5158333333333334 0.028333333333333332 0.07166666666666667
0 0.645 0.5083333333333333 0.02666666666666667 0.05333333333333334
0 0.365 0.5033333333333333 0.02 0.06666666666666667
0 0.6825 0.5016666666666667 0.03166666666666667 0.043333333333333335
0 0.7008333333333333 0.49 0.03166666666666667 0.03666666666666667
0 0.37833333333333335 0.4891666666666667 0.013333333333333334 0.055
0 0.42833333333333334 0.4791666666666667 0.03333333333333333 0.051666666666666666
0 0.6575 0.4558333333333333 0.021666666666666667 0.058333333333333334
0 0.6775 0.4575 0.021666666666666667 0.051666666666666666
0 0.6383333333333333 0.44916666666666666 0.03 0.041666666666666664
0 0.38666666666666666 0.4375 0.016666666666666666 0.065
0 0.6091666666666666 0.44 0.03833333333333333 0.04666666666666667
0 0.6308333333333334 0.4125 0.03166666666666667 0.03833333333333333
0 0.6641666666666667 0.4075 0.018333333333333333 0.051666666666666666
0 0.6708333333333333 0.4008333333333333 0.028333333333333332 0.065
0 0.6341666666666667 0.38416666666666666 0.03166666666666667 0.055
0 0.4191666666666667 0.9825 0.021666666666666667 0.035
0 0.6491666666666667 0.355 0.035 0.02666666666666667
0 0.6175 0.33666666666666667 0.028333333333333332 0.04
0 0.655 0.3325 0.03333333333333333 0.045
0 0.2675 0.32166666666666666 0.018333333333333333 0.08
0 0.63 0.31583333333333335 0.023333333333333334 0.04833333333333333
0 0.6525 0.2875 0.015 0.058333333333333334
0 0.6375 0.2925 0.025 0.035
0 0.6108333333333333 0.27166666666666667 0.03166666666666667 0.03333333333333333
0 0.16666666666666666 0.26916666666666667 0.03666666666666667 0.04833333333333333
0 0.6333333333333333 0.2658333333333333 0.02666666666666667 0.035
0 0.26166666666666666 0.25083333333333335 0.016666666666666666 0.065
0 0.43916666666666665 0.9733333333333334 0.018333333333333333 0.02666666666666667
0 0.6033333333333334 0.23916666666666667 0.02666666666666667 0.035
0 0.6466666666666666 0.23666666666666666 0.023333333333333334 0.06333333333333334
0 0.5758333333333333 0.23833333333333334 0.03833333333333333 0.04666666666666667
0 0.6316666666666667 0.22833333333333333 0.0033333333333333335 0.0033333333333333335
0 0.63 0.23 0.03 0.056666666666666664
0 0.17083333333333334 0.21416666666666667 0.025 0.07166666666666667
0 0.58 0.21 0.03333333333333333 0.03
0 0.5866666666666667 0.22083333333333333 0.0033333333333333335 0.0016666666666666668
0 0.6266666666666667 0.1925 0.02666666666666667 0.035
0 0.6041666666666666 0.1925 0.025 0.041666666666666664
0 0.20666666666666667 0.19083333333333333 0.02666666666666667 0.03166666666666667
0 0.15166666666666667 0.17666666666666667 0.023333333333333334 0.07333333333333333
0 0.5583333333333333 0.16583333333333333 0.023333333333333334 0.04833333333333333
0 0.18333333333333332 0.16 0.03666666666666667 0.04
0 0.6191666666666666 0.15666666666666668 0.028333333333333332 0.056666666666666664
0 0.5783333333333334 0.15166666666666667 0.02666666666666667 0.05
0 0.18583333333333332 0.13083333333333333 0.035 0.041666666666666664
0 0.585 0.12416666666666666 0.02 0.06833333333333333
0 0.5983333333333334 0.09666666666666666 0.023333333333333334 0.05333333333333334
0 0.6133333333333333 0.10166666666666667 0.016666666666666666 0.07
0 0.205 0.0875 0.03333333333333333 0.051666666666666666
0 0.0375 0.028333333333333332 0.035 0.056666666666666664
0 0.6175 0.011666666666666667 0.015 0.023333333333333334
0 0.445 0.94 0.03 0.05333333333333334
0 0.4675 0.9116666666666666 0.021666666666666667 0.05
0 0.45166666666666666 0.8825 0.023333333333333334 0.06833333333333333
0 0.44916666666666666 0.8808333333333334 0.025 0.06833333333333333
0 0.4741666666666667 0.8608333333333333 0.025 0.058333333333333334
0 0.5816666666666667 0.8375 0.013333333333333334 0.065
0 0.3575 0.8283333333333334 0.025 0.08
0 0.5933333333333334 0.8233333333333334 0.016666666666666666 0.07666666666666666
0 0.49 0.8233333333333334 0.013333333333333334 0.07
0 0.4508333333333333 0.815 0.015 0.06
0 0.4716666666666667 0.8175 0.02666666666666667 0.06166666666666667
0 0.35583333333333333 0.8166666666666667 0.021666666666666667 0.056666666666666664
0 0.465 0.8083333333333333 0.016666666666666666 0.08333333333333333
0 0.5683333333333334 0.7975 0.03 0.055
0 0.6058333333333333 0.7891666666666667 0.015 0.075
0 0.6225 0.7783333333333333 0.025 0.06333333333333334
0 0.6658333333333334 0.7758333333333334 0.028333333333333332 0.07166666666666667
0 0.5883333333333334 0.7658333333333334 0.013333333333333334 0.051666666666666666
0 0.4525 0.7708333333333334 0.028333333333333332 0.06166666666666667
0 0.48833333333333334 0.7641666666666667 0.03 0.041666666666666664
0 0.6741666666666667 0.7575 0.015 0.075
0 0.5925 0.75 0.018333333333333333 0.08
0 0.4841666666666667 0.7375 0.028333333333333332 0.051666666666666666
0 0.6191666666666666 0.7316666666666667 0.015 0.06333333333333334
0 0.5691666666666667 0.7358333333333333 0.018333333333333333 0.065
0 0.6933333333333334 0.7316666666666667 0.023333333333333334 0.06333333333333334
0 0.66 0.7116666666666667 0.02 0.06666666666666667
0 0.6983333333333334 0.69 0.013333333333333334 0.056666666666666664
0 0.5883333333333334 0.6908333333333333 0.02 0.06833333333333333
0 0.6133333333333333 0.6633333333333333 0.02 0.06666666666666667
0 0.6941666666666667 0.6425 0.021666666666666667 0.058333333333333334
0 0.635 0.615 0.02 0.08333333333333333
0 0.6133333333333333 0.61 0.03333333333333333 0.06
0 0.38083333333333336 0.5966666666666667 0.015 0.07333333333333333
0 0.7016666666666667 0.5816666666666667 0.03 0.02
0 0.615 0.5766666666666667 0.02 0.06666666666666667
0 0.6708333333333333 0.5783333333333334 0.035 0.06666666666666667
0 0.3541666666666667 0.575 0.021666666666666667 0.07666666666666666
