0 0.48333333333333334 0.4241666666666667 0.043333333333333335 0.06166666666666667
0 0.4575 0.43916666666666665 0.028333333333333332 0.045
0 0.6266666666666667 0.4325 0.02666666666666667 0.051666666666666666
0 0.43 0.4533333333333333 0.03333333333333333 0.056666666666666664
0 0.32166666666666666 0.45 0.04 0.043333333333333335
0 0.485 0.45666666666666667 0.03333333333333333 0.06666666666666667
0 0.30333333333333334 0.4633333333333333 0.04 0.04666666666666667
0 0.4583333333333333 0.4666666666666667 0.03666666666666667 0.05333333333333334
0 0.2816666666666667 0.47 0.043333333333333335 0.03666666666666667
0 0.7408333333333333 0.47583333333333333 0.025 0.08833333333333333
0 0.7716666666666666 0.49416666666666664 0.04 0.055
0 0.3408333333333333 0.49916666666666665 0.03166666666666667 0.055
0 0.795 0.5291666666666667 0.03666666666666667 0.06166666666666667
0 0.7491666666666666 0.5466666666666666 0.021666666666666667 0.07
0 0.7683333333333333 0.5475 0.023333333333333334 0.065
0 0.8 0.5558333333333333 0.043333333333333335 0.051666666666666666
0 0.7733333333333333 0.5983333333333334 0.02 0.056666666666666664
0 0.8041666666666667 0.5983333333333334 0.018333333333333333 0.08
0 0.8225 0.605 0.025 0.09
0 0.7883333333333333 0.6233333333333333 0.02 0.08
0 0.8025 0.6608333333333334 0.028333333333333332 0.065
0 0.8266666666666667 0.675 0.02 0.06
0 0.12416666666666666 0.69 0.03833333333333333 0.043333333333333335
0 0.8183333333333334 0.6975 0.023333333333333334 0.065
0 0.1725 0.7183333333333334 0.035 0.07
0 0.5175 0.1325 0.021666666666666667 0.08166666666666667
0 0.5333333333333333 0.18666666666666668 0.023333333333333334 0.06333333333333334
0 0.5575 0.2175 0.018333333333333333 0.08833333333333333
0 0.3258333333333333 0.27416666666666667 0.021666666666666667 0.07833333333333334
0 0.3333333333333333 0.30583333333333335 0.023333333333333334 0.085
0 0.3408333333333333 0.33666666666666667 0.025 0.08
0 0.35833333333333334 0.36 0.02666666666666667 0.08333333333333333
0 0.405 0.3958333333333333 0.02 0.085
0 0.44333333333333336 0.39916666666666667 0.043333333333333335 0.045
0 0.4275 0.4091666666666667 0.03166666666666667 0.055
