0 0.385 0.4675 0.016666666666666666 0.051666666666666666
0 0.17916666666666667 0.46166666666666667 0.035 0.06
0 0.43 0.4708333333333333 0.016666666666666666 0.051666666666666666
0 0.3933333333333333 0.4725 0.013333333333333334 0.051666666666666666
0 0.4083333333333333 0.48 0.013333333333333334 0.06
0 0.5541666666666667 0.4775 0.021666666666666667 0.051666666666666666
0 0.4508333333333333 0.48833333333333334 0.025 0.03666666666666667
0 0.4216666666666667 0.49166666666666664 0.016666666666666666 0.05
0 0.5183333333333333 0.49666666666666665 0.013333333333333334 0.06666666666666667
0 0.5566666666666666 0.5033333333333333 0.013333333333333334 0.056666666666666664
0 0.5333333333333333 0.5016666666666667 0.013333333333333334 0.043333333333333335
0 0.23 0.04 0.04 0.05333333333333334
0 0.6041666666666666 0.03916666666666667 0.028333333333333332 0.035
0 0.5708333333333333 0.5083333333333333 0.015 0.07
0 0.5083333333333333 0.5125 0.013333333333333334 0.06833333333333333
0 0.44333333333333336 0.515 0.016666666666666666 0.056666666666666664
0 0.39916666666666667 0.52 0.018333333333333333 0.05
0 0.5816666666666667 0.5158333333333334 0.02 0.055
0 0.45416666666666666 0.5158333333333334 0.021666666666666667 0.04833333333333333
0 0.4191666666666667 0.5316666666666666 0.015 0.05
0 0.5433333333333333 0.5375 0.016666666666666666 0.065
0 0.44 0.5425 0.01 0.03833333333333333
0 0.5191666666666667 0.5466666666666666 0.018333333333333333 0.056666666666666664
0 0.4008333333333333 0.5416666666666666 0.018333333333333333 0.06666666666666667
0 0.5941666666666666 0.5483333333333333 0.015 0.06666666666666667
0 0.42916666666666664 0.5566666666666666 0.015 0.06333333333333334
0 0.455 0.5591666666666667 0.016666666666666666 0.051666666666666666
0 0.555 0.5625 0.013333333333333334 0.065
0 0.5825 0.5583333333333333 0.018333333333333333 0.04666666666666667
0 0.5658333333333333 0.5633333333333334 0.011666666666666667 0.05333333333333334
0 0.5291666666666667 0.5675 0.015 0.058333333333333334
0 0.5141666666666667 0.5825 0.021666666666666667 0.06166666666666667
0 0.575 0.5858333333333333 0.016666666666666666 0.055
0 0.43916666666666665 0.5858333333333333 0.011666666666666667 0.045
0 0.5283333333333333 0.5833333333333334 0.016666666666666666 0.05333333333333334
0 0.4725 0.5916666666666667 0.021666666666666667 0.06333333333333334
0 0.2225 0.5941666666666666 0.035 0.03166666666666667
0 0.4508333333333333 0.5975 0.018333333333333333 0.058333333333333334
0 0.59 0.5991666666666666 0.013333333333333334 0.041666666666666664
0 0.5866666666666667 0.05 0.02666666666666667 0.03
0 0.0775 0.6208333333333333 0.025 0.03833333333333333
0 0.575 0.6233333333333333 0.02 0.05
0 0.6016666666666667 0.6241666666666666 0.016666666666666666 0.075
0 0.5175 0.6375 0.018333333333333333 0.058333333333333334
0 0.6183333333333333 0.6483333333333333 0.016666666666666666 0.07
0 0.5883333333333334 0.6591666666666667 0.016666666666666666 0.075
0 0.07333333333333333 0.6583333333333333 0.02 0.043333333333333335
0 0.5733333333333334 0.6725 0.016666666666666666 0.058333333333333334
0 0.5983333333333334 0.6916666666666667 0.016666666666666666 0.06
0 0.49666666666666665 0.68 0.02 0.07
0 0.6108333333333333 0.6966666666666667 0.015 0.06
0 0.6241666666666666 0.7066666666666667 0.015 0.056666666666666664
0 0.5808333333333333 0.7116666666666667 0.015 0.043333333333333335
0 0.5966666666666667 0.7341666666666666 0.02 0.04833333333333333
0 0.6108333333333333 0.7525 0.021666666666666667 0.045
0 0.6208333333333333 0.7575 0.021666666666666667 0.065
0 0.62 0.7841666666666667 0.016666666666666666 0.055
0 0.20166666666666666 0.06916666666666667 0.02666666666666667 0.055
0 0.6283333333333333 0.07 0.02 0.07333333333333333
0 0.6633333333333333 0.07166666666666667 0.016666666666666666 0.07333333333333333
0 0.6166666666666667 0.07666666666666666 0.02 0.03666666666666667
0 0.5883333333333334 0.075 0.03333333333333333 0.03666666666666667
0 0.5675 0.08 0.03166666666666667 0.03333333333333333
0 0.6125 0.0825 0.03166666666666667 0.04833333333333333
0 0.5925 0.9391666666666667 0.021666666666666667 0.075
0 0.6525 0.09666666666666666 0.021666666666666667 0.056666666666666664
0 0.5475 0.1 0.028333333333333332 0.04
0 0.5291666666666667 0.1025 0.028333333333333332 0.045
0 0.5875 0.10083333333333333 0.03166666666666667 0.025
0 0.555 0.12416666666666666 0.02666666666666667 0.051666666666666666
0 0.5783333333333334 0.13166666666666665 0.03 0.05333333333333334
0 0.5316666666666666 0.14416666666666667 0.023333333333333334 0.045
0 0.5158333333333334 0.14333333333333334 0.03166666666666667 0.043333333333333335
0 0.6733333333333333 0.1475 0.016666666666666666 0.035
0 0.66 0.14916666666666667 0.02 0.04833333333333333
0 0.6858333333333333 0.18083333333333335 0.03166666666666667 0.03166666666666667
0 0.3925 0.18583333333333332 0.035 0.04833333333333333
0 0.5075 0.19 0.035 0.04666666666666667
0 0.4041666666666667 0.19083333333333333 0.03166666666666667 0.045
0 0.68 0.19583333333333333 0.02666666666666667 0.025
0 0.7 0.21 0.03666666666666667 0.03
0 0.4825 0.21666666666666667 0.025 0.043333333333333335
0 0.40166666666666667 0.22083333333333333 0.023333333333333334 0.055
0 0.37666666666666665 0.22666666666666666 0.023333333333333334 0.04
0 0.12916666666666668 0.23083333333333333 0.021666666666666667 0.035
0 0.355 0.22916666666666666 0.02666666666666667 0.041666666666666664
0 0.44583333333333336 0.2525 0.021666666666666667 0.06166666666666667
0 0.3775 0.25 0.025 0.043333333333333335
0 0.4633333333333333 0.2525 0.023333333333333334 0.045
0 0.4325 0.2841666666666667 0.025 0.03833333333333333
0 0.4816666666666667 0.30333333333333334 0.023333333333333334 0.056666666666666664
0 0.4166666666666667 0.30416666666666664 0.01 0.03166666666666667
0 0.4266666666666667 0.3175 0.03 0.058333333333333334
0 0.44 0.335 0.02 0.08
0 0.4708333333333333 0.35083333333333333 0.018333333333333333 0.041666666666666664
0 0.405 0.3641666666666667 0.016666666666666666 0.045
0 0.41833333333333333 0.36666666666666664 0.02 0.05
0 0.42 0.38333333333333336 0.023333333333333334 0.07666666666666666
0 0.45416666666666666 0.40166666666666667 0.021666666666666667 0.07
0 0.39916666666666667 0.4191666666666667 0.015 0.058333333333333334
0 0.4241666666666667 0.4166666666666667 0.021666666666666667 0.06666666666666667
0 0.41333333333333333 0.42833333333333334 0.013333333333333334 0.06666666666666667
0 0.44583333333333336 0.43 0.018333333333333333 0.06333333333333334
0 0.4375 0.44416666666666665 0.015 0.065
0 0.16166666666666665 0.45666666666666667 0.03333333333333333 0.05
