0 0.8466666666666667 0.4691666666666667 0.03 0.075
0 0.26416666666666666 0.4825 0.028333333333333332 0.058333333333333334
0 0.19916666666666666 0.5791666666666667 0.03166666666666667 0.028333333333333332
0 0.19166666666666668 0.6041666666666666 0.03333333333333333 0.025
0 0.20333333333333334 0.62 0.03333333333333333 0.023333333333333334
0 0.23583333333333334 0.6291666666666667 0.03166666666666667 0.028333333333333332
0 0.1975 0.6441666666666667 0.03166666666666667 0.025
0 0.21583333333333332 0.6566666666666666 0.035 0.03
0 0.23166666666666666 0.6716666666666666 0.03333333333333333 0.03
0 0.15333333333333332 0.6783333333333333 0.02 0.02666666666666667
0 0.19083333333333333 0.6808333333333333 0.035 0.025
0 0.18583333333333332 0.6983333333333334 0.028333333333333332 0.016666666666666666
0 0.1625 0.7 0.018333333333333333 0.05333333333333334
0 0.21833333333333332 0.7125 0.02666666666666667 0.03166666666666667
0 0.15 0.7141666666666666 0.016666666666666666 0.04833333333333333
0 0.22666666666666666 0.73 0.03 0.043333333333333335
0 0.23833333333333334 0.74 0.03333333333333333 0.03333333333333333
0 0.19333333333333333 0.7491666666666666 0.03333333333333333 0.03833333333333333
0 0.15583333333333332 0.7633333333333333 0.018333333333333333 0.07
0 0.2891666666666667 0.7658333333333334 0.021666666666666667 0.055
0 0.2175 0.7675 0.03166666666666667 0.028333333333333332
0 0.185 0.7808333333333334 0.03333333333333333 0.03833333333333333
0 0.20916666666666667 0.7933333333333333 0.025 0.02666666666666667
0 0.30416666666666664 0.7991666666666667 0.025 0.041666666666666664
0 0.2875 0.8058333333333333 0.03166666666666667 0.03833333333333333
0 0.32416666666666666 0.815 0.028333333333333332 0.05
0 0.1825 0.8108333333333333 0.028333333333333332 0.045
0 0.27416666666666667 0.8175 0.03166666666666667 0.03166666666666667
0 0.15916666666666668 0.8308333333333333 0.018333333333333333 0.055
0 0.19833333333333333 0.8341666666666666 0.03 0.058333333333333334
0 0.27166666666666667 0.8391666666666666 0.03666666666666667 0.035
0 0.30083333333333334 0.845 0.025 0.04
0 0.17083333333333334 0.8608333333333333 0.015 0.051666666666666666
0 0.1825 0.8991666666666667 0.025 0.08166666666666667
0 0.905 0.10833333333333334 0.02 0.08
0 0.7333333333333333 0.12083333333333333 0.02 0.035
0 0.7483333333333333 0.1275 0.016666666666666666 0.058333333333333334
0 0.7741666666666667 0.1225 0.018333333333333333 0.055
0 0.76 0.155 0.02 0.043333333333333335
0 0.7408333333333333 0.1575 0.025 0.041666666666666664
0 0.7741666666666667 0.165 0.015 0.04666666666666667
0 0.7291666666666666 0.1725 0.015 0.025
0 0.7633333333333333 0.18833333333333332 0.02 0.043333333333333335
0 0.6958333333333333 0.014166666666666666 0.028333333333333332 0.028333333333333332
0 0.7441666666666666 0.18916666666666668 0.028333333333333332 0.03833333333333333
0 0.7966666666666666 0.21583333333333332 0.02 0.045
0 0.7291666666666666 0.215 0.025 0.02666666666666667
0 0.24166666666666667 0.215 0.013333333333333334 0.02
0 0.7825 0.22 0.018333333333333333 0.06333333333333334
0 0.765 0.22833333333333333 0.02666666666666667 0.05333333333333334
0 0.24166666666666667 0.24083333333333334 0.02 0.04833333333333333
0 0.8241666666666667 0.24583333333333332 0.018333333333333333 0.055
0 0.705 0.25416666666666665 0.02 0.058333333333333334
0 0.8 0.2683333333333333 0.02 0.06333333333333334
0 0.24 0.2708333333333333 0.02666666666666667 0.03833333333333333
0 0.7 0.025 0.02 0.05
0 0.7816666666666666 0.2833333333333333 0.016666666666666666 0.06666666666666667
0 0.2608333333333333 0.29 0.025 0.03
0 0.8191666666666667 0.2925 0.011666666666666667 0.041666666666666664
0 0.30333333333333334 0.3016666666666667 0.02666666666666667 0.04666666666666667
0 0.23166666666666666 0.30416666666666664 0.02666666666666667 0.035
0 0.83 0.30916666666666665 0.013333333333333334 0.06833333333333333
0 0.2575 0.31583333333333335 0.035 0.028333333333333332
0 0.8041666666666667 0.32083333333333336 0.018333333333333333 0.055
0 0.8208333333333333 0.3333333333333333 0.015 0.04666666666666667
0 0.22416666666666665 0.335 0.028333333333333332 0.04666666666666667
0 0.8433333333333334 0.34 0.02 0.06666666666666667
0 0.24916666666666668 0.3441666666666667 0.035 0.028333333333333332
0 0.7916666666666666 0.36083333333333334 0.013333333333333334 0.045
0 0.8208333333333333 0.3675 0.018333333333333333 0.045
0 0.8341666666666666 0.37416666666666665 0.015 0.03166666666666667
0 0.8041666666666667 0.3775 0.018333333333333333 0.075
0 0.4925 0.38 0.021666666666666667 0.07
0 0.865 0.385 0.02 0.05333333333333334
0 0.84 0.4033333333333333 0.016666666666666666 0.05333333333333334
0 0.8208333333333333 0.42083333333333334 0.021666666666666667 0.075
