0 0.3875 0.4533333333333333 0.03166666666666667 0.05333333333333334
0 0.4 0.45666666666666667 0.03666666666666667 0.04666666666666667
0 0.43416666666666665 0.46 0.03833333333333333 0.03333333333333333
0 0.7316666666666667 0.45916666666666667 0.02666666666666667 0.055
0 0.69 0.48833333333333334 0.04666666666666667 0.03
0 0.7533333333333333 0.5008333333333334 0.03666666666666667 0.03166666666666667
0 0.15666666666666668 0.9341666666666667 0.04666666666666667 0.045
0 0.7825 0.16083333333333333 0.021666666666666667 0.08833333333333333
0 0.4841666666666667 0.33416666666666667 0.028333333333333332 0.025
0 0.44416666666666665 0.3383333333333333 0.03166666666666667 0.02666666666666667
0 0.465 0.3475 0.03333333333333333 0.028333333333333332
0 0.7908333333333334 0.34833333333333333 0.015 0.056666666666666664
0 0.4058333333333333 0.35833333333333334 0.035 0.03333333333333333
0 0.5216666666666666 0.36833333333333335 0.03 0.04
0 0.435 0.3675 0.03666666666666667 0.035
0 0.49916666666666665 0.365 0.03166666666666667 0.043333333333333335
0 0.7716666666666666 0.36833333333333335 0.02666666666666667 0.06666666666666667
0 0.47 0.37416666666666665 0.03 0.028333333333333332
0 0.49666666666666665 0.385 0.02666666666666667 0.043333333333333335
0 0.7275 0.38416666666666666 0.035 0.055
0 0.4525 0.39 0.035 0.03666666666666667
0 0.7825 0.3958333333333333 0.021666666666666667 0.045
0 0.41333333333333333 0.4041666666666667 0.03333333333333333 0.045
0 0.4841666666666667 0.4041666666666667 0.028333333333333332 0.035
0 0.6233333333333333 0.4091666666666667 0.02 0.06166666666666667
0 0.7541666666666667 0.4175 0.035 0.03166666666666667
0 0.3858333333333333 0.4241666666666667 0.03166666666666667 0.058333333333333334
0 0.4825 0.4375 0.03833333333333333 0.025
0 0.7158333333333333 0.45416666666666666 0.035 0.035
