0 0.86 0.5291666666666667 0.013333333333333334 0.041666666666666664
0 0.555 0.5283333333333333 0.02 0.02
0 0.5791666666666667 0.5258333333333334 0.035 0.045
0 0.825 0.5241666666666667 0.02666666666666667 0.04833333333333333
0 0.8658333333333333 0.5183333333333333 0.015 0.056666666666666664
0 0.8458333333333333 0.5116666666666667 0.025 0.04666666666666667
0 0.8158333333333333 0.5016666666666667 0.025 0.016666666666666666
0 0.55 0.4875 0.02666666666666667 0.028333333333333332
0 0.8291666666666667 0.4841666666666667 0.028333333333333332 0.03166666666666667
0 0.5683333333333334 0.48083333333333333 0.03333333333333333 0.045
0 0.5958333333333333 0.4791666666666667 0.021666666666666667 0.06166666666666667
0 0.8291666666666667 0.46166666666666667 0.03166666666666667 0.04
0 0.8825 0.4583333333333333 0.021666666666666667 0.07
0 0.8641666666666666 0.45916666666666667 0.018333333333333333 0.06166666666666667
0 0.8458333333333333 0.45666666666666667 0.028333333333333332 0.05333333333333334
0 0.8658333333333333 0.4125 0.018333333333333333 0.04833333333333333
0 0.8483333333333334 0.41083333333333333 0.023333333333333334 0.051666666666666666
0 0.8733333333333333 0.37333333333333335 0.016666666666666666 0.06
0 0.44916666666666666 0.3616666666666667 0.041666666666666664 0.043333333333333335
0 0.8533333333333334 0.35583333333333333 0.02666666666666667 0.04833333333333333
0 0.495 0.3283333333333333 0.04 0.03666666666666667
0 0.7616666666666667 0.32916666666666666 0.02666666666666667 0.06166666666666667
0 0.4216666666666667 0.3225 0.04 0.045
0 0.8441666666666666 0.31333333333333335 0.03166666666666667 0.04
0 0.2808333333333333 0.295 0.025 0.03333333333333333
0 0.3933333333333333 0.2925 0.03 0.035
0 0.034166666666666665 0.29583333333333334 0.025 0.06166666666666667
0 0.12583333333333332 0.28833333333333333 0.018333333333333333 0.05
0 0.08833333333333333 0.2808333333333333 0.02666666666666667 0.07833333333333334
0 0.20416666666666666 0.26416666666666666 0.025 0.045
0 0.18916666666666668 0.2633333333333333 0.03833333333333333 0.056666666666666664
0 0.38416666666666666 0.2633333333333333 0.041666666666666664 0.05
0 0.3425 0.24833333333333332 0.045 0.03666666666666667
0 0.22583333333333333 0.2375 0.021666666666666667 0.06833333333333333
0 0.1825 0.23416666666666666 0.025 0.045
0 0.025833333333333333 0.22916666666666666 0.025 0.07166666666666667
0 0.7016666666666667 0.22166666666666668 0.03333333333333333 0.04666666666666667
0 0.21333333333333335 0.2175 0.03666666666666667 0.045
0 0.2 0.20583333333333334 0.03333333333333333 0.025
0 0.0775 0.19166666666666668 0.041666666666666664 0.05333333333333334
0 0.21583333333333332 0.18916666666666668 0.04833333333333333 0.025
0 0.18666666666666668 0.18083333333333335 0.03 0.03166666666666667
0 0.7233333333333334 0.17833333333333334 0.03666666666666667 0.04
0 0.22083333333333333 0.17166666666666666 0.051666666666666666 0.04
0 0.7025 0.16916666666666666 0.035 0.028333333333333332
0 0.185 0.16166666666666665 0.03 0.016666666666666666
0 0.205 0.14166666666666666 0.02666666666666667 0.023333333333333334
0 0.056666666666666664 0.14 0.023333333333333334 0.05333333333333334
0 0.02 0.13666666666666666 0.023333333333333334 0.06333333333333334
0 0.8233333333333334 0.0825 0.02 0.058333333333333334
0 0.8266666666666667 0.015 0.023333333333333334 0.03
0 0.8775 0.87 0.03166666666666667 0.03666666666666667
0 0.885 0.8216666666666667 0.023333333333333334 0.06666666666666667
0 0.8833333333333333 0.7633333333333333 0.023333333333333334 0.06666666666666667
0 0.19833333333333333 0.7591666666666667 0.03666666666666667 0.058333333333333334
0 0.6658333333333334 0.7558333333333334 0.021666666666666667 0.07833333333333334
0 0.8708333333333333 0.7125 0.018333333333333333 0.055
0 0.20666666666666667 0.7133333333333334 0.03666666666666667 0.04
0 0.8541666666666666 0.6783333333333333 0.018333333333333333 0.05
0 0.8625 0.6925 0.0016666666666666668 0.0016666666666666668
0 0.8758333333333334 0.6525 0.018333333333333333 0.058333333333333334
0 0.8466666666666667 0.645 0.016666666666666666 0.06
0 0.1675 0.6458333333333334 0.03166666666666667 0.065
0 0.8558333333333333 0.6008333333333333 0.021666666666666667 0.06166666666666667
0 0.865 0.6033333333333334 0.01 0.04
0 0.8491666666666666 0.6233333333333333 0.0016666666666666668 0.0033333333333333335
0 0.8175 0.5841666666666666 0.025 0.06166666666666667
0 0.8866666666666667 0.5775 0.02666666666666667 0.07166666666666667
0 0.8658333333333333 0.5708333333333333 0.018333333333333333 0.051666666666666666
0 0.8066666666666666 0.5575 0.02 0.065
0 0.8491666666666666 0.5566666666666666 0.018333333333333333 0.056666666666666664
0 0.5808333333333333 0.5533333333333333 0.035 0.04
0 0.8383333333333334 0.5466666666666666 0.02666666666666667 0.03333333333333333
0 0.8825 0.5391666666666667 0.018333333333333333 0.051666666666666666
