0 0.30916666666666665 0.35583333333333333 0.07833333333333334 0.055
0 0.7708333333333334 0.3016666666666667 0.075 0.06333333333333334
0 0.8275 0.1875 0.06833333333333333 0.09166666666666666
0 0.5775 0.17333333333333334 0.075 0.056666666666666664
0 0.6416666666666667 0.14 0.056666666666666664 0.10666666666666667
0 0.7525 0.12916666666666668 0.075 0.055
0 0.8566666666666667 0.07166666666666667 0.08 0.06
0 0.7316666666666667 0.060833333333333336 0.07 0.051666666666666666
0 0.7841666666666667 0.04416666666666667 0.035 0.08833333333333333
0 0.42083333333333334 0.021666666666666667 0.035 0.043333333333333335
0 0.38333333333333336 0.02 0.02 0.04
0 0.5691666666666667 0.8966666666666666 0.058333333333333334 0.10333333333333333
0 0.6591666666666667 0.8908333333333334 0.08166666666666667 0.06166666666666667
0 0.66 0.9933333333333333 0.043333333333333335 0.013333333333333334
0 0.4925 0.7358333333333333 0.055 0.10833333333333334
0 0.44333333333333336 0.7066666666666667 0.05333333333333334 0.09666666666666666
0 0.5025 0.625 0.075 0.05333333333333334
0 0.30416666666666664 0.6125 0.06166666666666667 0.115
0 0.7025 0.9666666666666667 0.07833333333333334 0.06
0 0.16583333333333333 0.9675 0.03833333333333333 0.065
0 0.016666666666666666 0.5525 0.03333333333333333 0.058333333333333334
