0 0.6375 0.46416666666666667 0.011666666666666667 0.041666666666666664
0 0.6475 0.4633333333333333 0.011666666666666667 0.06
0 0.6166666666666667 0.4691666666666667 0.01 0.045
0 0.7216666666666667 0.4658333333333333 0.02 0.055
0 0.6025 0.49333333333333335 0.0016666666666666668 0.0033333333333333335
0 0.705 0.4691666666666667 0.016666666666666666 0.065
0 0.6258333333333334 0.4841666666666667 0.015 0.051666666666666666
0 0.7666666666666667 0.4825 0.03333333333333333 0.04833333333333333
0 0.6091666666666666 0.49 0.015 0.07333333333333333
0 0.7308333333333333 0.49083333333333334 0.015 0.041666666666666664
0 0.6841666666666667 0.4925 0.021666666666666667 0.07166666666666667
0 0.6383333333333333 0.5041666666666667 0.023333333333333334 0.04833333333333333
0 0.6575 0.505 0.021666666666666667 0.05333333333333334
0 0.7433333333333333 0.5091666666666667 0.02 0.06833333333333333
0 0.7175 0.5183333333333333 0.028333333333333332 0.06333333333333334
0 0.6183333333333333 0.5583333333333333 0.0033333333333333335 0.0033333333333333335
0 0.6941666666666667 0.525 0.021666666666666667 0.06666666666666667
0 0.12083333333333333 0.5291666666666667 0.028333333333333332 0.058333333333333334
0 0.7241666666666666 0.5308333333333334 0.03166666666666667 0.045
0 0.6408333333333334 0.5333333333333333 0.028333333333333332 0.05
0 0.6266666666666667 0.5441666666666667 0.006666666666666667 0.011666666666666667
0 0.27166666666666667 0.575 0.016666666666666666 0.05333333333333334
0 0.6341666666666667 0.5783333333333334 0.025 0.03666666666666667
0 0.6208333333333333 0.5775 0.028333333333333332 0.035
0 0.2833333333333333 0.6025 0.02 0.051666666666666666
0 0.265 0.6125 0.016666666666666666 0.058333333333333334
0 0.2875 0.63 0.018333333333333333 0.06333333333333334
0 0.004166666666666667 0.6475 0.008333333333333333 0.041666666666666664
0 0.24833333333333332 0.6591666666666667 0.016666666666666666 0.03833333333333333
0 0.25666666666666665 0.6633333333333333 0.02 0.043333333333333335
0 0.2725 0.6691666666666667 0.021666666666666667 0.058333333333333334
0 0.22833333333333333 0.6783333333333333 0.02 0.04666666666666667
0 0.21083333333333334 0.6975 0.018333333333333333 0.03833333333333333
0 0.015833333333333335 0.6983333333333334 0.03166666666666667 0.04
0 0.2475 0.705 0.025 0.04
0 0.23333333333333334 0.7041666666666667 0.023333333333333334 0.041666666666666664
0 0.25666666666666665 0.72 0.02666666666666667 0.04
0 0.20916666666666667 0.7258333333333333 0.021666666666666667 0.045
0 0.015 0.7266666666666667 0.03 0.03666666666666667
0 0.0075 0.7358333333333333 0.015 0.055
0 0.22833333333333333 0.7475 0.02666666666666667 0.045
0 0.2125 0.7558333333333334 0.021666666666666667 0.051666666666666666
0 0.04833333333333333 0.7558333333333334 0.043333333333333335 0.04833333333333333
0 0.2475 0.7608333333333334 0.03166666666666667 0.051666666666666666
0 0.18833333333333332 0.765 0.02 0.07333333333333333
0 0.175 0.7908333333333334 0.013333333333333334 0.025
0 0.21833333333333332 0.795 0.03 0.043333333333333335
0 0.0575 0.805 0.03166666666666667 0.06333333333333334
0 0.1725 0.8166666666666667 0.021666666666666667 0.043333333333333335
0 0.1925 0.8216666666666667 0.018333333333333333 0.04666666666666667
0 0.175 0.8525 0.02 0.051666666666666666
0 0.19583333333333333 0.8575 0.021666666666666667 0.065
0 0.17916666666666667 0.895 0.018333333333333333 0.05
0 0.1975 0.9016666666666666 0.025 0.043333333333333335
0 0.16583333333333333 0.9191666666666667 0.011666666666666667 0.041666666666666664
0 0.18666666666666668 0.9425 0.02666666666666667 0.045
0 0.17416666666666666 0.9483333333333334 0.018333333333333333 0.056666666666666664
0 0.20333333333333334 0.97 0.016666666666666666 0.03
0 0.16 0.9741666666666666 0.016666666666666666 0.051666666666666666
0 0.17916666666666667 0.9775 0.021666666666666667 0.03166666666666667
0 0.2 0.98 0.02666666666666667 0.04
0 0.145 0.9858333333333333 0.016666666666666666 0.028333333333333332
0 0.17666666666666667 0.9925 0.02 0.015
0 0.8175 0.265 0.025 0.043333333333333335
0 0.8075 0.30916666666666665 0.021666666666666667 0.04833333333333333
0 0.6191666666666666 0.3125 0.015 0.051666666666666666
0 0.785 0.3175 0.023333333333333334 0.065
0 0.5916666666666667 0.3233333333333333 0.016666666666666666 0.06333333333333334
0 0.81 0.3383333333333333 0.023333333333333334 0.043333333333333335
0 0.6025 0.3516666666666667 0.015 0.07
0 0.7908333333333334 0.35083333333333333 0.018333333333333333 0.051666666666666666
0 0.8191666666666667 0.3525 0.015 0.051666666666666666
0 0.6408333333333334 0.3591666666666667 0.015 0.055
0 0.615 0.36583333333333334 0.013333333333333334 0.058333333333333334
0 0.59 0.375 0.02 0.056666666666666664
0 0.7741666666666667 0.3908333333333333 0.028333333333333332 0.065
0 0.805 0.38416666666666666 0.02 0.06833333333333333
0 0.6566666666666666 0.39166666666666666 0.016666666666666666 0.06
0 0.6266666666666667 0.3983333333333333 0.016666666666666666 0.05333333333333334
0 0.6383333333333333 0.4025 0.016666666666666666 0.06833333333333333
0 0.7691666666666667 0.4041666666666667 0.021666666666666667 0.065
0 0.5675 0.41083333333333333 0.03166666666666667 0.025
0 0.6533333333333333 0.41583333333333333 0.02 0.055
0 0.7175 0.4216666666666667 0.018333333333333333 0.05
0 0.6675 0.4225 0.015 0.06166666666666667
0 0.6166666666666667 0.425 0.013333333333333334 0.05333333333333334
0 0.009166666666666667 0.42333333333333334 0.018333333333333333 0.03
0 0.6825 0.4275 0.015 0.07166666666666667
0 0.6058333333333333 0.4275 0.015 0.04833333333333333
0 0.5891666666666666 0.4508333333333333 0.0016666666666666668 0.005
0 0.6325 0.43083333333333335 0.018333333333333333 0.051666666666666666
0 0.7516666666666667 0.43583333333333335 0.02 0.065
0 0.7666666666666667 0.44666666666666666 0.03666666666666667 0.05
0 0.6583333333333333 0.45166666666666666 0.013333333333333334 0.05333333333333334
