0 0.8641666666666666 0.5766666666666667 0.028333333333333332 0.1
0 0.3675 0.4841666666666667 0.041666666666666664 0.095
0 0.3225 0.425 0.058333333333333334 0.05
0 0.3458333333333333 0.33166666666666667 0.058333333333333334 0.04666666666666667
0 0.27 0.2866666666666667 0.0033333333333333335 0.0033333333333333335
0 0.3175 0.27166666666666667 0.045 0.08333333333333333
0 0.1975 0.24 0.045 0.08333333333333333
0 0.33166666666666667 0.14833333333333334 0.04666666666666667 0.08333333333333333
0 0.015 0.14416666666666667 0.03 0.105
0 0.8325 0.10833333333333334 0.028333333333333332 0.12
0 0.9333333333333333 0.7933333333333333 0.043333333333333335 0.06666666666666667
0 0.5691666666666667 0.67 0.03166666666666667 0.09666666666666666
0 0.7166666666666667 0.6533333333333333 0.03 0.09333333333333334
0 0.6666666666666666 0.6116666666666667 0.03 0.1
