0 0.24 0.9558333333333333 0.04666666666666667 0.08833333333333333
0 0.7841666666666667 0.44166666666666665 0.041666666666666664 0.18666666666666668
0 0.2783333333333333 0.9508333333333333 0.04 0.09833333333333333
0 0.6583333333333333 0.9333333333333333 0.04 0.13333333333333333
0 0.4091666666666667 0.135 0.04833333333333333 0.19333333333333333
0 0.6466666666666666 0.08333333333333333 0.09333333333333334 0.1
0 0.13166666666666665 0.07333333333333333 0.056666666666666664 0.14666666666666667
0 0.21 0.059166666666666666 0.05333333333333334 0.11833333333333333
0 0.7291666666666666 0.034166666666666665 0.045 0.06833333333333333
0 0.3225 0.8608333333333333 0.051666666666666666 0.15166666666666667
0 0.045 0.6225 0.06 0.14166666666666666
