0 0.785 0.5166666666666667 0.02 0.05
0 0.7975 0.5133333333333333 0.028333333333333332 0.06333333333333334
0 0.505 0.5083333333333333 0.023333333333333334 0.07
0 0.7858333333333334 0.48583333333333334 0.021666666666666667 0.06833333333333333
0 0.36916666666666664 0.9466666666666667 0.015 0.056666666666666664
0 0.7283333333333334 0.41 0.02666666666666667 0.043333333333333335
0 0.6825 0.4008333333333333 0.025 0.041666666666666664
0 0.7091666666666666 0.39916666666666667 0.025 0.051666666666666666
0 0.7441666666666666 0.3933333333333333 0.018333333333333333 0.05333333333333334
0 0.7025 0.3883333333333333 0.021666666666666667 0.07333333333333333
0 0.735 0.38333333333333336 0.03333333333333333 0.07
0 0.7275 0.37416666666666665 0.018333333333333333 0.051666666666666666
0 0.6608333333333334 0.3541666666666667 0.018333333333333333 0.04833333333333333
0 0.6733333333333333 0.3525 0.016666666666666666 0.065
0 0.7225 0.3333333333333333 0.028333333333333332 0.03
0 0.6733333333333333 0.3016666666666667 0.023333333333333334 0.056666666666666664
0 0.6733333333333333 0.26916666666666667 0.02 0.051666666666666666
0 0.6891666666666667 0.23 0.018333333333333333 0.08
0 0.67 0.21916666666666668 0.02 0.058333333333333334
0 0.43333333333333335 0.19916666666666666 0.016666666666666666 0.06833333333333333
0 0.685 0.22416666666666665 0.01 0.015
0 0.42083333333333334 0.18 0.021666666666666667 0.06333333333333334
0 0.6708333333333333 0.17583333333333334 0.025 0.051666666666666666
0 0.7691666666666667 0.17333333333333334 0.035 0.056666666666666664
0 0.4091666666666667 0.17083333333333334 0.021666666666666667 0.06166666666666667
0 0.8566666666666667 0.9191666666666667 0.023333333333333334 0.075
0 0.69 0.15 0.016666666666666666 0.03333333333333333
0 0.395 0.13833333333333334 0.03 0.07333333333333333
0 0.4083333333333333 0.13583333333333333 0.02666666666666667 0.07166666666666667
0 0.6775 0.125 0.018333333333333333 0.03666666666666667
0 0.44083333333333335 0.12666666666666668 0.025 0.05
0 0.43 0.11833333333333333 0.023333333333333334 0.05333333333333334
0 0.6916666666666667 0.10833333333333334 0.02 0.07
0 0.435 0.075 0.023333333333333334 0.04666666666666667
0 0.325 0.9108333333333334 0.016666666666666666 0.06166666666666667
0 0.4175 0.06666666666666667 0.021666666666666667 0.06666666666666667
0 0.45166666666666666 0.06916666666666667 0.02 0.055
0 0.43666666666666665 0.04083333333333333 0.02 0.041666666666666664
0 0.4558333333333333 0.024166666666666666 0.021666666666666667 0.04833333333333333
0 0.355 0.9033333333333333 0.02 0.04666666666666667
0 0.43 0.015 0.023333333333333334 0.03
0 0.475 0.0125 0.02 0.025
0 0.36666666666666664 0.8858333333333334 0.02 0.051666666666666666
0 0.2791666666666667 0.8666666666666667 0.028333333333333332 0.05333333333333334
0 0.3491666666666667 0.8508333333333333 0.018333333333333333 0.06833333333333333
0 0.3625 0.8425 0.021666666666666667 0.065
0 0.3358333333333333 0.8366666666666667 0.011666666666666667 0.05
0 0.31916666666666665 0.805 0.021666666666666667 0.06
0 0.37916666666666665 0.9791666666666666 0.015 0.041666666666666664
0 0.25333333333333335 0.7933333333333333 0.02 0.06666666666666667
0 0.325 0.7883333333333333 0.02 0.05
0 0.3408333333333333 0.7891666666666667 0.021666666666666667 0.058333333333333334
0 0.30916666666666665 0.98 0.018333333333333333 0.04
0 0.2625 0.7641666666666667 0.015 0.07166666666666667
0 0.32 0.745 0.023333333333333334 0.05333333333333334
0 0.30333333333333334 0.7408333333333333 0.016666666666666666 0.045
0 0.2425 0.7291666666666666 0.011666666666666667 0.06166666666666667
0 0.25416666666666665 0.7275 0.018333333333333333 0.075
0 0.28583333333333333 0.7166666666666667 0.018333333333333333 0.043333333333333335
0 0.30416666666666664 0.7033333333333334 0.015 0.03666666666666667
0 0.265 0.7008333333333333 0.023333333333333334 0.03833333333333333
0 0.2841666666666667 0.6883333333333334 0.028333333333333332 0.03333333333333333
0 0.2625 0.6641666666666667 0.021666666666666667 0.04833333333333333
0 0.285 0.66 0.03666666666666667 0.05333333333333334
0 0.77 0.6466666666666666 0.03 0.07
0 0.24333333333333335 0.6408333333333334 0.02 0.07166666666666667
0 0.22416666666666665 0.6333333333333333 0.021666666666666667 0.04666666666666667
0 0.3441666666666667 0.5941666666666666 0.018333333333333333 0.06833333333333333
0 0.7883333333333333 0.58 0.02 0.06666666666666667
0 0.42 0.5775 0.023333333333333334 0.07166666666666667
0 0.4083333333333333 0.5658333333333333 0.016666666666666666 0.045
0 0.4075 0.5675 0.015 0.041666666666666664
0 0.38916666666666666 0.5566666666666666 0.018333333333333333 0.04
