0 0.5325 0.5358333333333334 0.065 0.058333333333333334
0 0.35083333333333333 0.5283333333333333 0.03833333333333333 0.12666666666666668
0 0.4125 0.47833333333333333 0.06833333333333333 0.09
0 0.395 0.3275 0.03333333333333333 0.12833333333333333
0 0.8341666666666666 0.3 0.075 0.06333333333333334
0 0.3616666666666667 0.2075 0.04666666666666667 0.12166666666666667
0 0.4075 0.07666666666666666 0.065 0.06333333333333334
0 0.17 0.9191666666666667 0.04666666666666667 0.11166666666666666
0 0.3491666666666667 0.0375 0.06833333333333333 0.075
0 0.6816666666666666 0.0325 0.07 0.065
0 0.5016666666666667 0.005833333333333334 0.023333333333333334 0.011666666666666667
0 0.6208333333333333 0.91 0.055 0.09333333333333334
0 0.9416666666666667 0.9058333333333334 0.06333333333333334 0.055
0 0.24583333333333332 0.855 0.06833333333333333 0.09
0 0.9858333333333333 0.8291666666666667 0.028333333333333332 0.06166666666666667
0 0.5925 0.6941666666666667 0.045 0.08833333333333333
0 0.38083333333333336 0.6991666666666667 0.028333333333333332 0.125
0 0.45416666666666666 0.6808333333333333 0.07166666666666667 0.055
0 0.19666666666666666 0.9733333333333334 0.07333333333333333 0.05333333333333334
0 0.5658333333333333 0.65 0.055 0.056666666666666664
0 0.5508333333333333 0.6091666666666666 0.06166666666666667 0.04833333333333333
0 0.42 0.58 0.07 0.07333333333333333
