0 0.7683333333333333 0.5708333333333333 0.03666666666666667 0.041666666666666664
0 0.785 0.57 0.02666666666666667 0.05
0 0.8108333333333333 0.5533333333333333 0.021666666666666667 0.07666666666666666
0 0.7875 0.5491666666666667 0.0016666666666666668 0.0016666666666666668
0 0.7741666666666667 0.5358333333333334 0.03833333333333333 0.03833333333333333
0 0.45 0.505 0.03666666666666667 0.03666666666666667
0 0.43 0.5075 0.03666666666666667 0.051666666666666666
0 0.5341666666666667 0.5016666666666667 0.021666666666666667 0.08
0 0.47833333333333333 0.49916666666666665 0.04 0.045
0 0.7691666666666667 0.4791666666666667 0.028333333333333332 0.06166666666666667
0 0.795 0.475 0.02 0.06
0 0.78 0.4725 0.02666666666666667 0.06833333333333333
0 0.48 0.4658333333333333 0.023333333333333334 0.04833333333333333
0 0.4633333333333333 0.45916666666666667 0.02666666666666667 0.058333333333333334
0 0.7916666666666666 0.42833333333333334 0.023333333333333334 0.05333333333333334
0 0.5041666666666667 0.435 0.021666666666666667 0.07333333333333333
0 0.7483333333333333 0.42083333333333334 0.02 0.07833333333333334
0 0.765 0.4175 0.016666666666666666 0.058333333333333334
0 0.6533333333333333 0.9958333333333333 0.006666666666666667 0.008333333333333333
0 0.8025 0.3983333333333333 0.018333333333333333 0.06666666666666667
0 0.31416666666666665 0.9916666666666667 0.03166666666666667 0.016666666666666666
0 0.7741666666666667 0.3641666666666667 0.018333333333333333 0.06166666666666667
0 0.7933333333333333 0.3516666666666667 0.02 0.06666666666666667
0 0.8358333333333333 0.2808333333333333 0.018333333333333333 0.07166666666666667
0 0.425 0.21916666666666668 0.03333333333333333 0.06833333333333333
0 0.5675 0.9891666666666666 0.025 0.021666666666666667
0 0.6991666666666667 0.9858333333333333 0.021666666666666667 0.028333333333333332
0 0.4475 0.14833333333333334 0.028333333333333332 0.07666666666666666
0 0.6508333333333334 0.9733333333333334 0.03166666666666667 0.05333333333333334
0 0.5541666666666667 0.05 0.018333333333333333 0.1
0 0.35083333333333333 0.043333333333333335 0.035 0.056666666666666664
0 0.6433333333333333 0.9725 0.016666666666666666 0.055
0 0.5658333333333333 0.9725 0.021666666666666667 0.055
0 0.38083333333333336 0.9508333333333333 0.025 0.021666666666666667
0 0.5908333333333333 0.94 0.028333333333333332 0.05333333333333334
0 0.5583333333333333 0.9425 0.03 0.06166666666666667
0 0.41833333333333333 0.9383333333333334 0.02666666666666667 0.02666666666666667
0 0.6083333333333333 0.9366666666666666 0.03666666666666667 0.04666666666666667
0 0.39416666666666667 0.9291666666666667 0.035 0.03166666666666667
0 0.545 0.9275 0.03333333333333333 0.051666666666666666
0 0.6658333333333334 0.9175 0.018333333333333333 0.075
0 0.5833333333333334 0.9158333333333334 0.02 0.051666666666666666
0 0.7175 0.9116666666666666 0.03833333333333333 0.07
0 0.4475 0.9116666666666666 0.035 0.05
0 0.42583333333333334 0.9116666666666666 0.03166666666666667 0.02666666666666667
0 0.4058333333333333 0.8983333333333333 0.028333333333333332 0.03666666666666667
0 0.7716666666666666 0.8875 0.03333333333333333 0.03833333333333333
0 0.43833333333333335 0.8858333333333334 0.03666666666666667 0.03166666666666667
0 0.7491666666666666 0.8858333333333334 0.025 0.028333333333333332
0 0.7291666666666666 0.8816666666666667 0.018333333333333333 0.07333333333333333
0 0.3933333333333333 0.8833333333333333 0.02666666666666667 0.06333333333333334
0 0.5691666666666667 0.875 0.03166666666666667 0.05333333333333334
0 0.7075 0.8708333333333333 0.018333333333333333 0.065
0 0.6766666666666666 0.86 0.016666666666666666 0.07333333333333333
0 0.4225 0.8633333333333333 0.03166666666666667 0.04
0 0.4583333333333333 0.855 0.03666666666666667 0.043333333333333335
0 0.6358333333333334 0.8508333333333333 0.03166666666666667 0.06166666666666667
0 0.7533333333333333 0.8483333333333334 0.03 0.04
0 0.7758333333333334 0.8475 0.035 0.045
0 0.6025 0.8458333333333333 0.03833333333333333 0.03833333333333333
0 0.4508333333333333 0.8433333333333334 0.025 0.04666666666666667
0 0.7991666666666667 0.8208333333333333 0.021666666666666667 0.058333333333333334
0 0.475 0.8125 0.02666666666666667 0.045
0 0.7391666666666666 0.8041666666666667 0.045 0.045
0 0.705 0.8066666666666666 0.02 0.07333333333333333
0 0.7658333333333334 0.7991666666666667 0.025 0.051666666666666666
0 0.7858333333333334 0.7758333333333334 0.028333333333333332 0.045
0 0.7441666666666666 0.775 0.018333333333333333 0.05
0 0.4558333333333333 0.7733333333333333 0.045 0.03666666666666667
0 0.735 0.765 0.03333333333333333 0.06
0 0.3641666666666667 0.7066666666666667 0.0016666666666666668 0.0033333333333333335
0 0.7941666666666667 0.7408333333333333 0.021666666666666667 0.06166666666666667
0 0.7775 0.74 0.025 0.03666666666666667
0 0.7566666666666667 0.7258333333333333 0.02666666666666667 0.065
0 0.735 0.7158333333333333 0.02 0.06166666666666667
0 0.36083333333333334 0.7091666666666666 0.011666666666666667 0.04833333333333333
0 0.795 0.7041666666666667 0.02666666666666667 0.058333333333333334
0 0.7716666666666666 0.7075 0.023333333333333334 0.041666666666666664
0 0.37583333333333335 0.6775 0.018333333333333333 0.06166666666666667
0 0.7716666666666666 0.6716666666666666 0.023333333333333334 0.056666666666666664
0 0.7875 0.6541666666666667 0.025 0.051666666666666666
0 0.7991666666666667 0.6316666666666667 0.015 0.056666666666666664
0 0.7541666666666667 0.6308333333333334 0.018333333333333333 0.085
0 0.7791666666666667 0.61 0.028333333333333332 0.043333333333333335
0 0.8191666666666667 0.59 0.028333333333333332 0.06333333333333334
