0 0.49333333333333335 0.43083333333333335 0.03666666666666667 0.055
0 0.4766666666666667 0.43333333333333335 0.03333333333333333 0.07666666666666666
0 0.46416666666666667 0.39666666666666667 0.025 0.09
0 0.5141666666666667 0.3875 0.03833333333333333 0.03833333333333333
0 0.5058333333333334 0.3675 0.03166666666666667 0.04833333333333333
0 0.49083333333333334 0.3616666666666667 0.025 0.06333333333333334
0 0.7766666666666666 0.3475 0.03 0.08166666666666667
0 0.805 0.3441666666666667 0.023333333333333334 0.08166666666666667
0 0.4866666666666667 0.32666666666666666 0.02 0.06333333333333334
0 0.7633333333333333 0.3125 0.02666666666666667 0.07833333333333334
0 0.7733333333333333 0.2783333333333333 0.03 0.05333333333333334
0 0.7033333333333334 0.25166666666666665 0.04666666666666667 0.05333333333333334
0 0.3425 0.22166666666666668 0.035 0.07666666666666666
0 0.21333333333333335 0.16416666666666666 0.02 0.09833333333333333
0 0.9216666666666666 0.15666666666666668 0.02666666666666667 0.08333333333333333
0 0.19333333333333333 0.12083333333333333 0.023333333333333334 0.065
0 0.2625 0.10333333333333333 0.028333333333333332 0.04666666666666667
0 0.1725 0.09666666666666666 0.025 0.056666666666666664
0 0.20416666666666666 0.07666666666666666 0.025 0.07666666666666666
0 0.18916666666666668 0.051666666666666666 0.028333333333333332 0.07
0 0.1475 0.045 0.041666666666666664 0.056666666666666664
0 0.17833333333333334 0.034166666666666665 0.02666666666666667 0.06833333333333333
0 0.11166666666666666 0.02666666666666667 0.03333333333333333 0.05333333333333334
0 0.8408333333333333 0.03 0.041666666666666664 0.06
0 0.12583333333333332 0.021666666666666667 0.035 0.043333333333333335
0 0.14416666666666667 0.010833333333333334 0.011666666666666667 0.021666666666666667
0 0.15583333333333332 0.01 0.018333333333333333 0.02
0 0.42916666666666664 0.9366666666666666 0.03166666666666667 0.06666666666666667
0 0.5116666666666667 0.8983333333333333 0.02 0.08666666666666667
0 0.4225 0.9358333333333333 0.015 0.03166666666666667
0 0.41083333333333333 0.8858333333333334 0.015 0.065
0 0.43916666666666665 0.8725 0.025 0.08833333333333333
0 0.4083333333333333 0.8116666666666666 0.023333333333333334 0.08333333333333333
0 0.4525 0.7958333333333333 0.055 0.03833333333333333
0 0.4025 0.735 0.018333333333333333 0.07666666666666666
0 0.3875 0.6941666666666667 0.025 0.085
