0 0.49416666666666664 0.5333333333333333 0.035 0.06
0 0.4266666666666667 0.3425 0.02 0.085
0 0.26166666666666666 0.3175 0.03333333333333333 0.051666666666666666
0 0.48083333333333333 0.31916666666666665 0.018333333333333333 0.045
0 0.48 0.2608333333333333 0.02 0.09166666666666666
0 0.8858333333333334 0.19166666666666668 0.04833333333333333 0.1
0 0.35833333333333334 0.8466666666666667 0.023333333333333334 0.07
0 0.37166666666666665 0.81 0.016666666666666666 0.056666666666666664
0 0.3883333333333333 0.7666666666666667 0.016666666666666666 0.07
0 0.4775 0.7233333333333334 0.03166666666666667 0.03333333333333333
0 0.39166666666666666 0.7125 0.02 0.075
0 0.5116666666666667 0.7125 0.043333333333333335 0.04833333333333333
0 0.45416666666666666 0.6941666666666667 0.035 0.04833333333333333
0 0.49166666666666664 0.6941666666666667 0.04666666666666667 0.03166666666666667
0 0.4666666666666667 0.66 0.04 0.03666666666666667
0 0.51 0.6566666666666666 0.03333333333333333 0.06
0 0.3858333333333333 0.6483333333333333 0.018333333333333333 0.06
0 0.4375 0.64 0.018333333333333333 0.07
0 0.46416666666666667 0.6175 0.025 0.075
0 0.4925 0.6083333333333333 0.041666666666666664 0.04666666666666667
0 0.5416666666666666 0.5666666666666667 0.023333333333333334 0.11
