0 0.25333333333333335 0.5008333333333334 0.016666666666666666 0.055
0 0.6483333333333333 0.9525 0.016666666666666666 0.035
0 0.7241666666666666 0.95 0.018333333333333333 0.07333333333333333
0 0.25083333333333335 0.4533333333333333 0.028333333333333332 0.05
0 0.26916666666666667 0.43833333333333335 0.018333333333333333 0.05333333333333334
0 0.19833333333333333 0.4066666666666667 0.03666666666666667 0.05333333333333334
0 0.2425 0.39416666666666667 0.015 0.07166666666666667
0 0.25583333333333336 0.4 0.018333333333333333 0.06666666666666667
0 0.2708333333333333 0.3933333333333333 0.025 0.056666666666666664
0 0.6841666666666667 0.9458333333333333 0.021666666666666667 0.045
0 0.2783333333333333 0.35833333333333334 0.023333333333333334 0.07333333333333333
0 0.2966666666666667 0.3333333333333333 0.016666666666666666 0.04666666666666667
0 0.255 0.3325 0.02 0.065
0 0.2608333333333333 0.3225 0.015 0.03833333333333333
0 0.2833333333333333 0.31166666666666665 0.013333333333333334 0.06666666666666667
0 0.2975 0.29833333333333334 0.025 0.056666666666666664
0 0.2683333333333333 0.285 0.016666666666666666 0.07
0 0.6725 0.9266666666666666 0.011666666666666667 0.03666666666666667
0 0.44083333333333335 0.24833333333333332 0.03166666666666667 0.03666666666666667
0 0.7208333333333333 0.9333333333333333 0.025 0.043333333333333335
0 0.4191666666666667 0.245 0.028333333333333332 0.03333333333333333
0 0.4116666666666667 0.2175 0.03 0.028333333333333332
0 0.43083333333333335 0.2125 0.028333333333333332 0.03166666666666667
0 0.44583333333333336 0.20583333333333334 0.028333333333333332 0.03833333333333333
0 0.4608333333333333 0.19583333333333333 0.028333333333333332 0.04833333333333333
0 0.49416666666666664 0.18833333333333332 0.03166666666666667 0.05333333333333334
0 0.4216666666666667 0.18333333333333332 0.02666666666666667 0.02666666666666667
0 0.40166666666666667 0.18166666666666667 0.02666666666666667 0.043333333333333335
0 0.7016666666666667 0.9216666666666666 0.016666666666666666 0.08
0 0.4325 0.16916666666666666 0.028333333333333332 0.035
0 0.46416666666666667 0.16333333333333333 0.018333333333333333 0.06333333333333334
0 0.4025 0.15416666666666667 0.025 0.03833333333333333
0 0.4241666666666667 0.13416666666666666 0.028333333333333332 0.03833333333333333
0 0.4483333333333333 0.12916666666666668 0.023333333333333334 0.065
0 0.40166666666666667 0.12583333333333332 0.03 0.055
0 0.435 0.12583333333333332 0.02666666666666667 0.03166666666666667
0 0.7158333333333333 0.8941666666666667 0.018333333333333333 0.051666666666666666
0 0.7166666666666667 0.8825 0.02 0.075
0 0.6491666666666667 0.9925 0.015 0.015
0 0.6058333333333333 0.8633333333333333 0.018333333333333333 0.07
0 0.5516666666666666 0.8583333333333333 0.03 0.02666666666666667
0 0.5291666666666667 0.8441666666666666 0.021666666666666667 0.07166666666666667
0 0.6333333333333333 0.9891666666666666 0.02666666666666667 0.021666666666666667
0 0.5241666666666667 0.83 0.008333333333333333 0.02666666666666667
0 0.665 0.9858333333333333 0.016666666666666666 0.028333333333333332
0 0.1475 0.7166666666666667 0.015 0.05333333333333334
0 0.6575 0.9766666666666667 0.018333333333333333 0.016666666666666666
0 0.4225 0.7075 0.028333333333333332 0.085
0 0.155 0.6775 0.02 0.058333333333333334
0 0.6833333333333333 0.97 0.02 0.06
0 0.6441666666666667 0.9708333333333333 0.011666666666666667 0.021666666666666667
0 0.17 0.635 0.016666666666666666 0.05
0 0.16 0.615 0.02 0.07666666666666666
0 0.1825 0.6075 0.021666666666666667 0.07833333333333334
0 0.2175 0.5816666666666667 0.025 0.04
0 0.2633333333333333 0.5775 0.023333333333333334 0.085
0 0.2375 0.5525 0.018333333333333333 0.07166666666666667
