0 0.2775 0.5366666666666666 0.028333333333333332 0.03
0 0.25 0.5291666666666667 0.023333333333333334 0.051666666666666666
0 0.2891666666666667 0.5133333333333333 0.035 0.02666666666666667
0 0.22083333333333333 0.49416666666666664 0.035 0.028333333333333332
0 0.24666666666666667 0.49583333333333335 0.04 0.041666666666666664
0 0.2791666666666667 0.49416666666666664 0.03166666666666667 0.025
0 0.195 0.49 0.016666666666666666 0.09
0 0.2758333333333333 0.4683333333333333 0.035 0.03
0 0.22583333333333333 0.46166666666666667 0.041666666666666664 0.03666666666666667
0 0.2991666666666667 0.4558333333333333 0.03833333333333333 0.028333333333333332
0 0.2875 0.4325 0.025 0.025
0 0.26416666666666666 0.43583333333333335 0.028333333333333332 0.045
0 0.33666666666666667 0.4241666666666667 0.03666666666666667 0.035
0 0.23416666666666666 0.4216666666666667 0.015 0.043333333333333335
0 0.2225 0.4191666666666667 0.018333333333333333 0.035
0 0.2941666666666667 0.4125 0.03166666666666667 0.03166666666666667
0 0.2525 0.41 0.03166666666666667 0.04666666666666667
0 0.32166666666666666 0.3883333333333333 0.03666666666666667 0.02666666666666667
0 0.35 0.38 0.02 0.04666666666666667
0 0.255 0.37333333333333335 0.03333333333333333 0.04
0 0.3225 0.3475 0.028333333333333332 0.045
0 0.37083333333333335 0.9583333333333334 0.03833333333333333 0.03
0 0.26666666666666666 0.3225 0.03 0.058333333333333334
0 0.30666666666666664 0.3275 0.03666666666666667 0.03833333333333333
0 0.3408333333333333 0.2975 0.03166666666666667 0.058333333333333334
0 0.2633333333333333 0.29 0.03666666666666667 0.05
0 0.3225 0.2916666666666667 0.035 0.03666666666666667
0 0.2941666666666667 0.2783333333333333 0.03166666666666667 0.04
0 0.3175 0.275 0.025 0.04
0 0.2733333333333333 0.2325 0.03333333333333333 0.055
0 0.32416666666666666 0.22916666666666666 0.03166666666666667 0.051666666666666666
0 0.3516666666666667 0.9441666666666667 0.03 0.03166666666666667
0 0.3283333333333333 0.9466666666666667 0.03 0.03666666666666667
0 0.31916666666666665 0.20333333333333334 0.025 0.05
0 0.7958333333333333 0.125 0.045 0.056666666666666664
0 0.2916666666666667 0.9333333333333333 0.03333333333333333 0.04
0 0.7741666666666667 0.1125 0.018333333333333333 0.03833333333333333
0 0.7891666666666667 0.10666666666666667 0.04833333333333333 0.05333333333333334
0 0.33 0.925 0.03666666666666667 0.02666666666666667
0 0.43 0.0325 0.02 0.065
0 0.3625 0.9208333333333333 0.028333333333333332 0.028333333333333332
0 0.2991666666666667 0.9141666666666667 0.021666666666666667 0.021666666666666667
0 0.3283333333333333 0.915 0.03333333333333333 0.02666666666666667
0 0.3383333333333333 0.8991666666666667 0.03 0.03166666666666667
0 0.31083333333333335 0.8908333333333334 0.035 0.028333333333333332
0 0.3516666666666667 0.8766666666666667 0.03333333333333333 0.03
0 0.2791666666666667 0.8641666666666666 0.03166666666666667 0.03833333333333333
0 0.30333333333333334 0.8641666666666666 0.03333333333333333 0.055
0 0.32916666666666666 0.8583333333333333 0.035 0.043333333333333335
0 0.7966666666666666 0.7333333333333333 0.04666666666666667 0.056666666666666664
0 0.325 0.6708333333333333 0.016666666666666666 0.055
0 0.3375 0.6691666666666667 0.021666666666666667 0.055
0 0.30416666666666664 0.6366666666666667 0.021666666666666667 0.05333333333333334
0 0.7616666666666667 0.6316666666666667 0.03 0.056666666666666664
0 0.2841666666666667 0.6191666666666666 0.021666666666666667 0.075
0 0.32916666666666666 0.6191666666666666 0.03166666666666667 0.06166666666666667
0 0.315 0.6233333333333333 0.02666666666666667 0.04
0 0.7708333333333334 0.6083333333333333 0.015 0.043333333333333335
0 0.2891666666666667 0.585 0.041666666666666664 0.04
0 0.325 0.5808333333333333 0.03 0.041666666666666664
0 0.29583333333333334 0.5766666666666667 0.03166666666666667 0.02
0 0.745 0.5641666666666667 0.04 0.058333333333333334
0 0.2866666666666667 0.5566666666666666 0.04 0.02666666666666667
0 0.725 0.5575 0.04666666666666667 0.041666666666666664
0 0.23916666666666667 0.5516666666666666 0.03166666666666667 0.05
0 0.305 0.5433333333333333 0.03 0.03333333333333333
