0 0.6325 0.5108333333333334 0.018333333333333333 0.07166666666666667
0 0.6325 0.5108333333333334 0.018333333333333333 0.07166666666666667
0 0.6475 0.5158333333333334 0.018333333333333333 0.075
0 0.5775 0.5091666666666667 0.025 0.075
0 0.6066666666666667 0.5183333333333333 0.03 0.056666666666666664
0 0.5908333333333333 0.5141666666666667 0.025 0.065
0 0.6583333333333333 0.5416666666666666 0.016666666666666666 0.056666666666666664
0 0.6258333333333334 0.55 0.021666666666666667 0.056666666666666664
0 0.5808333333333333 0.5491666666666667 0.025 0.04833333333333333
0 0.6216666666666667 0.5808333333333333 0.016666666666666666 0.055
0 0.6583333333333333 0.5841666666666666 0.03 0.04833333333333333
0 0.6758333333333333 0.5933333333333334 0.025 0.05
0 0.6525 0.6175 0.035 0.058333333333333334
0 0.6391666666666667 0.6208333333333333 0.025 0.06166666666666667
0 0.695 0.6433333333333333 0.023333333333333334 0.06333333333333334
0 0.6775 0.6483333333333333 0.018333333333333333 0.06666666666666667
0 0.6341666666666667 0.66 0.025 0.08666666666666667
0 0.6591666666666667 0.6608333333333334 0.025 0.058333333333333334
0 0.6558333333333334 0.695 0.025 0.06
0 0.6916666666666667 0.7016666666666667 0.02666666666666667 0.056666666666666664
0 0.6758333333333333 0.72 0.021666666666666667 0.06333333333333334
0 0.65 0.7383333333333333 0.02666666666666667 0.07
0 0.665 0.7608333333333334 0.02 0.06166666666666667
0 0.6491666666666667 0.7891666666666667 0.015 0.055
0 0.6616666666666666 0.7891666666666667 0.016666666666666666 0.08166666666666667
0 0.030833333333333334 0.9625 0.03166666666666667 0.075
0 0.5933333333333334 0.2375 0.02666666666666667 0.09166666666666666
0 0.6216666666666667 0.2783333333333333 0.02666666666666667 0.06666666666666667
0 0.6216666666666667 0.2783333333333333 0.02666666666666667 0.07
0 0.6016666666666667 0.30833333333333335 0.02 0.056666666666666664
0 0.6208333333333333 0.3625 0.018333333333333333 0.07166666666666667
0 0.6083333333333333 0.37166666666666665 0.016666666666666666 0.07666666666666666
0 0.6466666666666666 0.38916666666666666 0.02 0.075
0 0.6641666666666667 0.41333333333333333 0.018333333333333333 0.06666666666666667
0 0.6191666666666666 0.415 0.018333333333333333 0.06333333333333334
0 0.6325 0.44166666666666665 0.021666666666666667 0.08
0 0.6058333333333333 0.43916666666666665 0.015 0.051666666666666666
0 0.6516666666666666 0.45416666666666666 0.016666666666666666 0.045
0 0.66 0.465 0.013333333333333334 0.056666666666666664
0 0.6016666666666667 0.465 0.023333333333333334 0.07333333333333333
0 0.6208333333333333 0.4816666666666667 0.021666666666666667 0.06666666666666667
