0 0.4175 0.495 0.015 0.056666666666666664
0 0.4533333333333333 0.5 0.016666666666666666 0.07666666666666666
0 0.44 0.49916666666666665 0.016666666666666666 0.07166666666666667
0 0.4691666666666667 0.5033333333333333 0.018333333333333333 0.07666666666666666
0 0.3975 0.535 0.021666666666666667 0.05
0 0.41333333333333333 0.5416666666666666 0.023333333333333334 0.02666666666666667
0 0.4625 0.5491666666666667 0.015 0.055
0 0.43083333333333335 0.5575 0.025 0.04833333333333333
0 0.41583333333333333 0.5675 0.018333333333333333 0.041666666666666664
0 0.44666666666666666 0.5758333333333333 0.02 0.06166666666666667
0 0.43083333333333335 0.5916666666666667 0.025 0.06333333333333334
0 0.40166666666666667 0.5933333333333334 0.016666666666666666 0.06
0 0.3883333333333333 0.6133333333333333 0.02 0.07333333333333333
0 0.41 0.6158333333333333 0.02 0.058333333333333334
0 0.44666666666666666 0.6283333333333333 0.016666666666666666 0.06666666666666667
0 0.42 0.6366666666666667 0.016666666666666666 0.06333333333333334
0 0.4325 0.6416666666666667 0.018333333333333333 0.06333333333333334
0 0.4475 0.675 0.025 0.08
0 0.43083333333333335 0.6816666666666666 0.025 0.03666666666666667
0 0.4066666666666667 0.6858333333333333 0.016666666666666666 0.06833333333333333
0 0.43583333333333335 0.7408333333333333 0.0016666666666666668 0.0016666666666666668
0 0.4716666666666667 0.7133333333333334 0.03 0.056666666666666664
0 0.43083333333333335 0.7216666666666667 0.018333333333333333 0.06
0 0.4141666666666667 0.7316666666666667 0.025 0.06
0 0.44 0.745 0.013333333333333334 0.05333333333333334
0 0.465 0.7541666666666667 0.03333333333333333 0.058333333333333334
0 0.46416666666666667 0.7558333333333334 0.03166666666666667 0.055
0 0.41083333333333333 0.7791666666666667 0.021666666666666667 0.051666666666666666
0 0.4266666666666667 0.78 0.02 0.06
0 0.45 0.7991666666666667 0.03333333333333333 0.051666666666666666
0 0.4058333333333333 0.8283333333333334 0.028333333333333332 0.06333333333333334
0 0.415 0.8383333333333334 0.02666666666666667 0.05
0 0.43833333333333335 0.84 0.04 0.056666666666666664
0 0.34833333333333333 0.8841666666666667 0.03 0.075
0 0.46166666666666667 0.2941666666666667 0.016666666666666666 0.07833333333333334
0 0.4775 0.31666666666666665 0.015 0.07
0 0.4891666666666667 0.345 0.011666666666666667 0.056666666666666664
0 0.4633333333333333 0.3883333333333333 0.013333333333333334 0.07333333333333333
0 0.44166666666666665 0.4675 0.016666666666666666 0.065
0 0.405 0.4741666666666667 0.013333333333333334 0.065
0 0.42833333333333334 0.4875 0.01 0.06833333333333333
