0 0.4575 0.4633333333333333 0.03166666666666667 0.06
0 0.4275 0.46416666666666667 0.021666666666666667 0.08166666666666667
0 0.4725 0.47583333333333333 0.028333333333333332 0.065
0 0.3908333333333333 0.035833333333333335 0.04833333333333333 0.041666666666666664
0 0.4325 0.49666666666666665 0.018333333333333333 0.07333333333333333
0 0.5233333333333333 0.5141666666666667 0.04 0.028333333333333332
0 0.4075 0.5125 0.018333333333333333 0.06833333333333333
0 0.49 0.52 0.03666666666666667 0.06666666666666667
0 0.4691666666666667 0.5308333333333334 0.025 0.07833333333333334
0 0.4483333333333333 0.5441666666666667 0.023333333333333334 0.07833333333333334
0 0.4125 0.5583333333333333 0.015 0.04666666666666667
0 0.4325 0.565 0.015 0.07333333333333333
0 0.4241666666666667 0.5891666666666666 0.018333333333333333 0.075
0 0.47333333333333333 0.5933333333333334 0.02 0.07333333333333333
0 0.5191666666666667 0.6091666666666666 0.021666666666666667 0.085
0 0.4483333333333333 0.6116666666666667 0.02666666666666667 0.07333333333333333
0 0.45916666666666667 0.6483333333333333 0.015 0.07
0 0.47333333333333333 0.6491666666666667 0.023333333333333334 0.055
0 0.4866666666666667 0.6866666666666666 0.04666666666666667 0.04
0 0.37833333333333335 0.05583333333333333 0.03333333333333333 0.04833333333333333
0 0.34 0.06416666666666666 0.03666666666666667 0.045
0 0.36833333333333335 0.065 0.03333333333333333 0.04
0 0.3983333333333333 0.009166666666666667 0.04 0.018333333333333333
0 0.32083333333333336 0.0075 0.035 0.015
0 0.31 0.23 0.03 0.07666666666666666
0 0.3566666666666667 0.24916666666666668 0.04666666666666667 0.03166666666666667
0 0.32 0.25416666666666665 0.03 0.075
0 0.32 0.2891666666666667 0.043333333333333335 0.055
0 0.35333333333333333 0.3016666666666667 0.03666666666666667 0.03666666666666667
0 0.3975 0.35 0.051666666666666666 0.03666666666666667
0 0.32 0.028333333333333332 0.043333333333333335 0.03333333333333333
0 0.4658333333333333 0.4083333333333333 0.025 0.06333333333333334
0 0.4875 0.4175 0.03166666666666667 0.03166666666666667
0 0.44666666666666666 0.4241666666666667 0.02 0.07166666666666667
