0 0.36833333333333335 0.5433333333333333 0.016666666666666666 0.056666666666666664
0 0.24333333333333335 0.5375 0.023333333333333334 0.058333333333333334
0 0.35 0.53 0.016666666666666666 0.05333333333333334
0 0.4141666666666667 0.5333333333333333 0.018333333333333333 0.06666666666666667
0 0.2633333333333333 0.5225 0.023333333333333334 0.06833333333333333
0 0.42583333333333334 0.5108333333333334 0.015 0.058333333333333334
0 0.3591666666666667 0.51 0.015 0.056666666666666664
0 0.33 0.5058333333333334 0.016666666666666666 0.051666666666666666
0 0.34 0.5025 0.013333333333333334 0.051666666666666666
0 0.24333333333333335 0.49916666666666665 0.023333333333333334 0.051666666666666666
0 0.22333333333333333 0.49666666666666665 0.02 0.05
0 0.31083333333333335 0.4875 0.025 0.06833333333333333
0 0.34833333333333333 0.47333333333333333 0.016666666666666666 0.05333333333333334
0 0.24166666666666667 0.4608333333333333 0.023333333333333334 0.041666666666666664
0 0.31833333333333336 0.45 0.02666666666666667 0.056666666666666664
0 0.4816666666666667 0.44083333333333335 0.02 0.06833333333333333
0 0.3275 0.4375 0.025 0.055
0 0.2475 0.44 0.018333333333333333 0.06666666666666667
0 0.4675 0.42916666666666664 0.015 0.07166666666666667
0 0.35833333333333334 0.43166666666666664 0.03333333333333333 0.05
0 0.2775 0.4191666666666667 0.015 0.04833333333333333
0 0.30833333333333335 0.4008333333333333 0.016666666666666666 0.04833333333333333
0 0.49666666666666665 0.3925 0.016666666666666666 0.065
0 0.485 0.39416666666666667 0.013333333333333334 0.06166666666666667
0 0.33916666666666667 0.37833333333333335 0.015 0.06
0 0.4533333333333333 0.37916666666666665 0.016666666666666666 0.065
0 0.51 0.375 0.02 0.07
0 0.475 0.36916666666666664 0.013333333333333334 0.065
0 0.31833333333333336 0.36666666666666664 0.016666666666666666 0.07333333333333333
0 0.29833333333333334 0.36 0.02 0.04666666666666667
0 0.4608333333333333 0.355 0.018333333333333333 0.06333333333333334
0 0.43833333333333335 0.35 0.01 0.04666666666666667
0 0.3308333333333333 0.33 0.015 0.07
0 0.4866666666666667 0.3283333333333333 0.016666666666666666 0.06
0 0.5108333333333334 0.3325 0.021666666666666667 0.041666666666666664
0 0.5008333333333334 0.3258333333333333 0.015 0.065
0 0.3 0.31833333333333336 0.02 0.06
0 0.5408333333333334 0.32083333333333336 0.018333333333333333 0.06833333333333333
0 0.3541666666666667 0.31 0.03166666666666667 0.056666666666666664
0 0.4375 0.30833333333333335 0.025 0.04666666666666667
0 0.465 0.30416666666666664 0.016666666666666666 0.065
0 0.47833333333333333 0.29 0.016666666666666666 0.05333333333333334
0 0.44666666666666666 0.2875 0.016666666666666666 0.06166666666666667
0 0.30416666666666664 0.2816666666666667 0.018333333333333333 0.06666666666666667
0 0.5491666666666667 0.2866666666666667 0.018333333333333333 0.056666666666666664
0 0.435 0.2675 0.01 0.045
0 0.4891666666666667 0.265 0.015 0.056666666666666664
0 0.5258333333333334 0.26 0.015 0.07666666666666666
0 0.5625 0.25833333333333336 0.015 0.07666666666666666
0 0.2925 0.24916666666666668 0.018333333333333333 0.06166666666666667
0 0.5416666666666666 0.24 0.016666666666666666 0.06
0 0.54 0.19833333333333333 0.02 0.06
0 0.5125 0.19666666666666666 0.018333333333333333 0.08666666666666667
0 0.5283333333333333 0.18083333333333335 0.016666666666666666 0.08166666666666667
0 0.5583333333333333 0.175 0.016666666666666666 0.07666666666666666
0 0.5725 0.17083333333333334 0.015 0.07166666666666667
0 0.5516666666666666 0.135 0.02666666666666667 0.056666666666666664
0 0.07 0.06666666666666667 0.04 0.06666666666666667
0 0.04416666666666667 0.058333333333333334 0.03166666666666667 0.06333333333333334
0 0.47 0.8125 0.02 0.055
0 0.49083333333333334 0.8 0.028333333333333332 0.06333333333333334
0 0.47833333333333333 0.7583333333333333 0.02666666666666667 0.04
0 0.45916666666666667 0.7458333333333333 0.028333333333333332 0.021666666666666667
0 0.43666666666666665 0.7475 0.03 0.028333333333333332
0 0.525 0.7383333333333333 0.023333333333333334 0.02
0 0.4166666666666667 0.7366666666666667 0.03333333333333333 0.03
0 0.58 0.7325 0.03333333333333333 0.028333333333333332
0 0.5566666666666666 0.7283333333333334 0.023333333333333334 0.02666666666666667
0 0.45666666666666667 0.7283333333333334 0.03666666666666667 0.03
0 0.52 0.72 0.03666666666666667 0.023333333333333334
0 0.48833333333333334 0.7225 0.03 0.035
0 0.5916666666666667 0.7183333333333334 0.03666666666666667 0.03333333333333333
0 0.395 0.7191666666666666 0.03 0.025
0 0.425 0.7141666666666666 0.03333333333333333 0.025
0 0.5491666666666667 0.7033333333333334 0.035 0.02666666666666667
0 0.3908333333333333 0.6983333333333334 0.025 0.023333333333333334
0 0.52 0.6958333333333333 0.03333333333333333 0.028333333333333332
0 0.6083333333333333 0.6958333333333333 0.02666666666666667 0.03833333333333333
0 0.5908333333333333 0.7 0.028333333333333332 0.03333333333333333
0 0.41333333333333333 0.6941666666666667 0.03 0.021666666666666667
0 0.5458333333333333 0.6775 0.035 0.025
0 0.3775 0.6691666666666667 0.025 0.03833333333333333
0 0.3641666666666667 0.6683333333333333 0.028333333333333332 0.05
0 0.4025 0.6641666666666667 0.03166666666666667 0.045
0 0.43666666666666665 0.6425 0.023333333333333334 0.07166666666666667
0 0.38666666666666666 0.6358333333333334 0.02666666666666667 0.04833333333333333
0 0.37916666666666665 0.6366666666666667 0.035 0.05333333333333334
0 0.35333333333333333 0.6283333333333333 0.02666666666666667 0.04
0 0.4141666666666667 0.6125 0.03833333333333333 0.03166666666666667
0 0.3883333333333333 0.5925 0.03 0.03833333333333333
0 0.3641666666666667 0.5733333333333334 0.021666666666666667 0.04
0 0.4075 0.5808333333333333 0.03833333333333333 0.03833333333333333
0 0.43333333333333335 0.5775 0.02 0.06166666666666667
0 0.3358333333333333 0.5766666666666667 0.025 0.04666666666666667
0 0.059166666666666666 0.575 0.041666666666666664 0.06333333333333334
0 0.2675 0.565 0.028333333333333332 0.056666666666666664
0 0.3466666666666667 0.5641666666666667 0.03 0.06166666666666667
0 0.31916666666666665 0.5591666666666667 0.018333333333333333 0.051666666666666666
0 0.03166666666666667 0.5441666666666667 0.02 0.055
