0 0.4008333333333333 0.5708333333333333 0.041666666666666664 0.03833333333333333
0 0.4375 0.5633333333333334 0.025 0.043333333333333335
0 0.36 0.5541666666666667 0.03 0.03833333333333333
0 0.5816666666666667 0.5541666666666667 0.02 0.06166666666666667
0 0.33416666666666667 0.5416666666666666 0.03166666666666667 0.05333333333333334
0 0.4075 0.5325 0.035 0.035
0 0.7033333333333334 0.5225 0.03 0.06166666666666667
0 0.6741666666666667 0.5116666666666667 0.03166666666666667 0.043333333333333335
0 0.35333333333333333 0.5041666666666667 0.03666666666666667 0.04833333333333333
0 0.38666666666666666 0.5066666666666667 0.02 0.07
0 0.3358333333333333 0.5016666666666667 0.03166666666666667 0.05333333333333334
0 0.6475 0.4725 0.04833333333333333 0.028333333333333332
0 0.7116666666666667 0.46 0.03666666666666667 0.04
0 0.485 0.3416666666666667 0.006666666666666667 0.01
0 0.79 0.98 0.023333333333333334 0.04
0 0.10666666666666667 0.019166666666666665 0.03666666666666667 0.03833333333333333
0 0.7658333333333334 0.9375 0.021666666666666667 0.06166666666666667
0 0.7483333333333333 0.8683333333333333 0.016666666666666666 0.05
0 0.7391666666666666 0.7733333333333333 0.018333333333333333 0.08
0 0.4375 0.63 0.028333333333333332 0.02666666666666667
0 0.3975 0.6266666666666667 0.03166666666666667 0.02666666666666667
0 0.4166666666666667 0.6141666666666666 0.03666666666666667 0.03166666666666667
0 0.745 0.61 0.03 0.08
0 0.35583333333333333 0.6066666666666667 0.035 0.03666666666666667
0 0.385 0.6016666666666667 0.03333333333333333 0.02666666666666667
0 0.45416666666666666 0.6025 0.028333333333333332 0.041666666666666664
0 0.4766666666666667 0.5966666666666667 0.03 0.04
0 0.4141666666666667 0.5891666666666666 0.03166666666666667 0.028333333333333332
0 0.6916666666666667 0.5891666666666666 0.03 0.06166666666666667
0 0.4483333333333333 0.585 0.03 0.043333333333333335
