0 0.6058333333333333 0.5425 0.03166666666666667 0.055
0 0.9183333333333333 0.5525 0.006666666666666667 0.011666666666666667
0 0.89 0.535 0.02 0.05333333333333334
0 0.9291666666666667 0.52 0.028333333333333332 0.03666666666666667
0 0.5858333333333333 0.5158333333333334 0.015 0.06833333333333333
0 0.9066666666666666 0.5041666666666667 0.02666666666666667 0.065
0 0.9133333333333333 0.49583333333333335 0.016666666666666666 0.055
0 0.26416666666666666 0.49083333333333334 0.03166666666666667 0.035
0 0.2791666666666667 0.45916666666666667 0.03833333333333333 0.035
0 0.8983333333333333 0.4525 0.02 0.058333333333333334
0 0.5416666666666666 0.44416666666666665 0.04 0.03166666666666667
0 0.9166666666666666 0.44166666666666665 0.016666666666666666 0.056666666666666664
0 0.9333333333333333 0.43083333333333335 0.02 0.065
0 0.2925 0.43083333333333335 0.03833333333333333 0.028333333333333332
0 0.1025 0.4241666666666667 0.025 0.058333333333333334
0 0.2733333333333333 0.42583333333333334 0.04 0.055
0 0.8925 0.41583333333333333 0.018333333333333333 0.051666666666666666
0 0.315 0.4116666666666667 0.03 0.03333333333333333
0 0.16166666666666665 0.4166666666666667 0.02666666666666667 0.08
0 0.9258333333333333 0.4025 0.015 0.051666666666666666
0 0.9108333333333334 0.39666666666666667 0.021666666666666667 0.06
0 0.9433333333333334 0.3925 0.013333333333333334 0.045
0 0.2658333333333333 0.395 0.035 0.06
0 0.2791666666666667 0.3883333333333333 0.018333333333333333 0.04
0 0.8833333333333333 0.3858333333333333 0.02 0.065
0 0.1275 0.38416666666666666 0.025 0.075
0 0.2991666666666667 0.37833333333333335 0.025 0.07
0 0.85 0.38083333333333336 0.03 0.065
0 0.25333333333333335 0.37583333333333335 0.023333333333333334 0.06166666666666667
0 0.9316666666666666 0.37 0.016666666666666666 0.05333333333333334
0 0.9016666666666666 0.37166666666666665 0.023333333333333334 0.043333333333333335
0 0.2658333333333333 0.9475 0.03833333333333333 0.04833333333333333
0 0.30083333333333334 0.36 0.025 0.07666666666666666
0 0.09583333333333334 0.3575 0.021666666666666667 0.075
0 0.2816666666666667 0.3491666666666667 0.03 0.035
0 0.011666666666666667 0.35083333333333333 0.023333333333333334 0.045
0 0.2816666666666667 0.3491666666666667 0.03 0.035
0 0.9141666666666667 0.345 0.028333333333333332 0.043333333333333335
0 0.8816666666666667 0.3375 0.03 0.04833333333333333
0 0.9475 0.945 0.03166666666666667 0.04
0 0.7658333333333334 0.3325 0.021666666666666667 0.06833333333333333
0 0.2775 0.33166666666666667 0.03833333333333333 0.023333333333333334
0 0.24916666666666668 0.32916666666666666 0.025 0.065
0 0.25333333333333335 0.325 0.016666666666666666 0.056666666666666664
0 0.12416666666666666 0.32166666666666666 0.021666666666666667 0.056666666666666664
0 0.2808333333333333 0.3125 0.041666666666666664 0.021666666666666667
0 0.7783333333333333 0.305 0.02 0.06333333333333334
0 0.2816666666666667 0.29083333333333333 0.05 0.025
0 0.25333333333333335 0.285 0.02 0.02
0 0.7575 0.275 0.015 0.06666666666666667
0 0.27 0.2725 0.02666666666666667 0.018333333333333333
0 0.08 0.18333333333333332 0.023333333333333334 0.05333333333333334
0 0.9091666666666667 0.11583333333333333 0.025 0.065
0 0.9158333333333334 0.06 0.035 0.06666666666666667
0 0.9566666666666667 0.9141666666666667 0.04 0.035
0 0.27 0.8958333333333334 0.03333333333333333 0.06833333333333333
0 0.76 0.8183333333333334 0.023333333333333334 0.07666666666666666
0 0.26 0.7741666666666667 0.03 0.06833333333333333
0 0.9583333333333334 0.7191666666666666 0.02666666666666667 0.028333333333333332
0 0.935 0.6991666666666667 0.023333333333333334 0.06166666666666667
0 0.935 0.6725 0.023333333333333334 0.06166666666666667
0 0.9525 0.6775 0.018333333333333333 0.055
0 0.6791666666666667 0.6583333333333333 0.015 0.07666666666666666
0 0.61 0.6575 0.02666666666666667 0.075
0 0.91 0.6416666666666667 0.023333333333333334 0.05
0 0.9416666666666667 0.6391666666666667 0.02 0.055
0 0.9558333333333333 0.635 0.021666666666666667 0.056666666666666664
0 0.9283333333333333 0.6158333333333333 0.016666666666666666 0.04833333333333333
0 0.9 0.6133333333333333 0.02 0.06333333333333334
0 0.94 0.5916666666666667 0.016666666666666666 0.03666666666666667
0 0.9008333333333334 0.56 0.005 0.01
0 0.89 0.5791666666666667 0.016666666666666666 0.03833333333333333
0 0.6075 0.5708333333333333 0.035 0.04833333333333333
0 0.5875 0.5658333333333333 0.018333333333333333 0.03166666666666667
0 0.9233333333333333 0.5683333333333334 0.016666666666666666 0.06333333333333334
0 0.015833333333333335 0.5625 0.03166666666666667 0.051666666666666666
0 0.9058333333333334 0.55 0.018333333333333333 0.03666666666666667
0 0.15416666666666667 0.5483333333333333 0.021666666666666667 0.05
