0 0.4708333333333333 0.475 0.045 0.06333333333333334
0 0.44166666666666665 0.425 0.043333333333333335 0.03333333333333333
0 0.43416666666666665 0.40166666666666667 0.03833333333333333 0.03
0 0.3875 0.38333333333333336 0.041666666666666664 0.04
0 0.425 0.3725 0.03666666666666667 0.035
0 0.425 0.3491666666666667 0.04666666666666667 0.035
0 0.365 0.33916666666666667 0.03666666666666667 0.051666666666666666
0 0.37416666666666665 0.33916666666666667 0.055 0.055
0 0.4058333333333333 0.31916666666666665 0.045 0.035
0 0.4116666666666667 0.29083333333333333 0.04666666666666667 0.035
0 0.36 0.265 0.043333333333333335 0.043333333333333335
0 0.335 0.22833333333333333 0.04666666666666667 0.03666666666666667
0 0.36583333333333334 0.225 0.035 0.03666666666666667
0 0.32666666666666666 0.2 0.043333333333333335 0.03
0 0.3016666666666667 0.17083333333333334 0.043333333333333335 0.035
0 0.6425 0.7233333333333334 0.018333333333333333 0.06666666666666667
0 0.6566666666666666 0.7216666666666667 0.02 0.07666666666666666
0 0.6191666666666666 0.71 0.03833333333333333 0.05333333333333334
0 0.7 0.7066666666666667 0.05 0.04666666666666667
0 0.6841666666666667 0.7016666666666667 0.03833333333333333 0.04666666666666667
0 0.6075 0.6875 0.03833333333333333 0.075
0 0.6875 0.6641666666666667 0.035 0.06166666666666667
0 0.635 0.6583333333333333 0.02666666666666667 0.056666666666666664
0 0.6616666666666666 0.6608333333333334 0.03333333333333333 0.04833333333333333
0 0.5691666666666667 0.6558333333333334 0.04833333333333333 0.03166666666666667
0 0.7308333333333333 0.655 0.035 0.05
0 0.735 0.655 0.03666666666666667 0.05
0 0.7125 0.6516666666666666 0.028333333333333332 0.06333333333333334
0 0.66 0.6425 0.03 0.04833333333333333
0 0.5541666666666667 0.6408333333333334 0.035 0.025
0 0.6991666666666667 0.6075 0.035 0.06166666666666667
0 0.38666666666666666 0.5533333333333333 0.04666666666666667 0.05333333333333334
0 0.4325 0.5475 0.03833333333333333 0.035
