0 0.2125 0.4725 0.018333333333333333 0.06166666666666667
0 0.5175 0.44916666666666666 0.018333333333333333 0.075
0 0.19916666666666666 0.44666666666666666 0.025 0.07666666666666666
0 0.22166666666666668 0.41583333333333333 0.023333333333333334 0.058333333333333334
0 0.24333333333333335 0.3983333333333333 0.02 0.05333333333333334
0 0.285 0.3858333333333333 0.03333333333333333 0.051666666666666666
0 0.7166666666666667 0.9975 0.0033333333333333335 0.005
0 0.7166666666666667 0.9866666666666667 0.02666666666666667 0.02666666666666667
0 0.22833333333333333 0.3641666666666667 0.03 0.07833333333333334
0 0.25166666666666665 0.3566666666666667 0.02666666666666667 0.07
0 0.285 0.3516666666666667 0.03333333333333333 0.043333333333333335
0 0.31333333333333335 0.2608333333333333 0.016666666666666666 0.075
0 0.34833333333333333 0.19083333333333333 0.02666666666666667 0.06166666666666667
0 0.285 0.1775 0.04 0.06166666666666667
0 0.33 0.14 0.016666666666666666 0.06666666666666667
0 0.3433333333333333 0.1175 0.016666666666666666 0.085
0 0.3591666666666667 0.10166666666666667 0.021666666666666667 0.06333333333333334
0 0.38 0.09083333333333334 0.02666666666666667 0.07166666666666667
0 0.32083333333333336 0.0925 0.018333333333333333 0.07166666666666667
0 0.3958333333333333 0.05583333333333333 0.018333333333333333 0.055
0 0.36 0.06 0.02 0.06
0 0.33666666666666667 0.056666666666666664 0.016666666666666666 0.06666666666666667
0 0.38166666666666665 0.04833333333333333 0.016666666666666666 0.06333333333333334
0 0.3458333333333333 0.03333333333333333 0.021666666666666667 0.06
0 0.36083333333333334 0.016666666666666666 0.018333333333333333 0.03333333333333333
0 0.3858333333333333 0.0125 0.025 0.025
0 0.34833333333333333 0.004166666666666667 0.013333333333333334 0.008333333333333333
0 0.45666666666666667 0.005 0.06 0.01
0 0.7191666666666666 0.9733333333333334 0.03166666666666667 0.05333333333333334
0 0.795 0.9608333333333333 0.023333333333333334 0.045
0 0.7825 0.9525 0.035 0.06166666666666667
0 0.7475 0.9441666666666667 0.03166666666666667 0.075
0 0.8133333333333334 0.9208333333333333 0.016666666666666666 0.065
0 0.745 0.9158333333333334 0.03 0.06833333333333333
0 0.7766666666666666 0.9141666666666667 0.02666666666666667 0.058333333333333334
0 0.8025 0.8875 0.021666666666666667 0.045
0 0.8233333333333334 0.8791666666666667 0.0033333333333333335 0.011666666666666667
0 0.7875 0.8375 0.005 0.005
0 0.8566666666666667 0.8558333333333333 0.016666666666666666 0.055
0 0.835 0.8591666666666666 0.03 0.06166666666666667
0 0.8691666666666666 0.85 0.018333333333333333 0.06
0 0.8233333333333334 0.8466666666666667 0.023333333333333334 0.05
0 0.7916666666666666 0.84 0.03666666666666667 0.04
0 0.79 0.8291666666666667 0.03333333333333333 0.018333333333333333
0 0.8575 0.8083333333333333 0.035 0.03333333333333333
0 0.8208333333333333 0.7958333333333333 0.025 0.07833333333333334
0 0.8 0.7933333333333333 0.03666666666666667 0.056666666666666664
0 0.835 0.7925 0.02 0.06166666666666667
0 0.88 0.7591666666666667 0.0033333333333333335 0.0016666666666666668
0 0.8508333333333333 0.7491666666666666 0.021666666666666667 0.08833333333333333
0 0.8808333333333334 0.75 0.021666666666666667 0.07666666666666666
0 0.7316666666666667 0.7266666666666667 0.02 0.07666666666666666
0 0.8683333333333333 0.6958333333333333 0.023333333333333334 0.085
0 0.6566666666666666 0.6708333333333333 0.02 0.03833333333333333
0 0.6483333333333333 0.6333333333333333 0.02 0.03333333333333333
0 0.6658333333333334 0.6191666666666666 0.028333333333333332 0.075
