0 0.39916666666666667 0.4666666666666667 0.03166666666666667 0.04666666666666667
0 0.375 0.475 0.02666666666666667 0.03666666666666667
0 0.7166666666666667 0.4766666666666667 0.02 0.06333333333333334
0 0.37416666666666665 0.5033333333333333 0.03833333333333333 0.02666666666666667
0 0.4075 0.5066666666666667 0.03833333333333333 0.03333333333333333
0 0.445 0.52 0.023333333333333334 0.06333333333333334
0 0.7025 0.5258333333333334 0.015 0.07166666666666667
0 0.4325 0.5291666666666667 0.028333333333333332 0.041666666666666664
0 0.36833333333333335 0.5358333333333334 0.02666666666666667 0.045
0 0.4191666666666667 0.5358333333333334 0.018333333333333333 0.045
0 0.3858333333333333 0.5466666666666666 0.03166666666666667 0.043333333333333335
0 0.4 0.5533333333333333 0.02 0.04666666666666667
0 0.41083333333333333 0.5641666666666667 0.015 0.051666666666666666
0 0.4375 0.585 0.018333333333333333 0.07
0 0.4166666666666667 0.5925 0.016666666666666666 0.065
0 0.38666666666666666 0.5958333333333333 0.016666666666666666 0.051666666666666666
0 0.4033333333333333 0.6041666666666666 0.013333333333333334 0.03833333333333333
0 0.4241666666666667 0.6083333333333333 0.015 0.05333333333333334
0 0.39666666666666667 0.6233333333333333 0.013333333333333334 0.04666666666666667
0 0.4816666666666667 0.6308333333333334 0.02 0.045
0 0.465 0.6391666666666667 0.02 0.06833333333333333
0 0.43583333333333335 0.6475 0.018333333333333333 0.058333333333333334
0 0.205 0.0425 0.03 0.03166666666666667
0 0.42 0.6525 0.016666666666666666 0.04833333333333333
0 0.4066666666666667 0.655 0.013333333333333334 0.06
0 0.39 0.6616666666666666 0.013333333333333334 0.06
0 0.43 0.6875 0.013333333333333334 0.055
0 0.49583333333333335 0.6791666666666667 0.028333333333333332 0.041666666666666664
0 0.4475 0.68 0.015 0.07333333333333333
0 0.4166666666666667 0.7 0.013333333333333334 0.056666666666666664
0 0.39666666666666667 0.6966666666666667 0.013333333333333334 0.05
0 0.49 0.7191666666666666 0.02666666666666667 0.051666666666666666
0 0.5075 0.7225 0.025 0.06166666666666667
0 0.43916666666666665 0.73 0.015 0.05
0 0.4216666666666667 0.7341666666666666 0.023333333333333334 0.041666666666666664
0 0.405 0.7433333333333333 0.016666666666666666 0.05
0 0.48833333333333334 0.7508333333333334 0.016666666666666666 0.045
0 0.4125 0.7483333333333333 0.0016666666666666668 0.0033333333333333335
0 0.46166666666666667 0.7725 0.03333333333333333 0.045
0 0.435 0.7791666666666667 0.03333333333333333 0.051666666666666666
0 0.4608333333333333 0.8025 0.025 0.055
0 0.4066666666666667 0.8033333333333333 0.023333333333333334 0.043333333333333335
0 0.4716666666666667 0.8241666666666667 0.023333333333333334 0.058333333333333334
0 0.42916666666666664 0.835 0.03166666666666667 0.05333333333333334
0 0.4483333333333333 0.8433333333333334 0.02666666666666667 0.03333333333333333
0 0.3958333333333333 0.8441666666666666 0.028333333333333332 0.025
0 0.4 0.8625 0.03 0.025
0 0.465 0.8641666666666666 0.02666666666666667 0.06166666666666667
0 0.43666666666666665 0.8741666666666666 0.023333333333333334 0.035
0 0.44166666666666665 0.8875 0.023333333333333334 0.04833333333333333
0 0.47 0.8858333333333334 0.02 0.07166666666666667
0 0.4475 0.9133333333333333 0.025 0.03666666666666667
0 0.47 0.9266666666666666 0.03 0.05333333333333334
0 0.415 0.9375 0.02666666666666667 0.045
0 0.43833333333333335 0.9366666666666666 0.02666666666666667 0.03
0 0.46166666666666667 0.96 0.02666666666666667 0.03
0 0.42916666666666664 0.9666666666666667 0.028333333333333332 0.04
0 0.405 0.9783333333333334 0.02666666666666667 0.043333333333333335
0 0.3958333333333333 0.9925 0.025 0.015
0 0.029166666666666667 0.10583333333333333 0.041666666666666664 0.03166666666666667
0 0.21333333333333335 0.1275 0.02 0.065
0 0.22916666666666666 0.14833333333333334 0.021666666666666667 0.07666666666666666
0 0.095 0.18333333333333332 0.03 0.043333333333333335
0 0.4066666666666667 0.18666666666666668 0.03333333333333333 0.02666666666666667
0 0.4716666666666667 0.19333333333333333 0.04 0.03333333333333333
0 0.095 0.19333333333333333 0.03 0.06333333333333334
0 0.4375 0.21166666666666667 0.035 0.03666666666666667
0 0.405 0.22666666666666666 0.03 0.03
0 0.42583333333333334 0.2325 0.03833333333333333 0.03833333333333333
0 0.3883333333333333 0.25166666666666665 0.04 0.02666666666666667
0 0.6775 0.2791666666666667 0.021666666666666667 0.025
0 0.6525 0.29083333333333333 0.035 0.025
0 0.5358333333333334 0.2925 0.028333333333333332 0.035
0 0.7025 0.30333333333333334 0.028333333333333332 0.056666666666666664
0 0.6808333333333333 0.30333333333333334 0.028333333333333332 0.023333333333333334
0 0.5633333333333334 0.30666666666666664 0.043333333333333335 0.02666666666666667
0 0.7216666666666667 0.30583333333333335 0.016666666666666666 0.055
0 0.6966666666666667 0.31583333333333335 0.02 0.015
0 0.5233333333333333 0.31916666666666665 0.03666666666666667 0.025
0 0.2225 0.3233333333333333 0.03166666666666667 0.05
0 0.49583333333333335 0.3258333333333333 0.028333333333333332 0.045
0 0.4716666666666667 0.3275 0.03 0.021666666666666667
0 0.5475 0.335 0.028333333333333332 0.03333333333333333
0 0.7316666666666667 0.3383333333333333 0.023333333333333334 0.04666666666666667
0 0.5141666666666667 0.3475 0.028333333333333332 0.035
0 0.4508333333333333 0.35083333333333333 0.018333333333333333 0.021666666666666667
0 0.4625 0.35333333333333333 0.035 0.03666666666666667
0 0.495 0.3566666666666667 0.02 0.06
0 0.46416666666666667 0.3725 0.021666666666666667 0.041666666666666664
0 0.47833333333333333 0.3725 0.016666666666666666 0.051666666666666666
0 0.44333333333333336 0.38333333333333336 0.023333333333333334 0.02666666666666667
0 0.7366666666666667 0.3775 0.016666666666666666 0.058333333333333334
0 0.4216666666666667 0.385 0.02666666666666667 0.03666666666666667
0 0.45916666666666667 0.405 0.025 0.02666666666666667
0 0.44 0.4116666666666667 0.023333333333333334 0.04
0 0.74 0.4058333333333333 0.023333333333333334 0.04833333333333333
0 0.4191666666666667 0.4425 0.0016666666666666668 0.0016666666666666668
0 0.4216666666666667 0.4216666666666667 0.02 0.05
0 0.395 0.43083333333333335 0.02 0.041666666666666664
0 0.38166666666666665 0.4375 0.023333333333333334 0.051666666666666666
0 0.7275 0.44416666666666665 0.015 0.03833333333333333
