0 0.33166666666666667 0.43833333333333335 0.02 0.03
0 0.5191666666666667 0.42583333333333334 0.011666666666666667 0.011666666666666667
0 0.5066666666666667 0.42333333333333334 0.016666666666666666 0.02
0 0.535 0.42 0.02 0.02
0 0.535 0.41833333333333333 0.02 0.02
0 0.5175 0.41333333333333333 0.018333333333333333 0.016666666666666666
0 0.545 0.4075 0.016666666666666666 0.015
0 0.4975 0.4058333333333333 0.021666666666666667 0.028333333333333332
0 0.47583333333333333 0.4025 0.021666666666666667 0.03166666666666667
0 0.5125 0.40166666666666667 0.021666666666666667 0.023333333333333334
0 0.565 0.3883333333333333 0.023333333333333334 0.06333333333333334
0 0.3433333333333333 0.39166666666666666 0.016666666666666666 0.02
0 0.47583333333333333 0.40166666666666667 0.021666666666666667 0.03333333333333333
0 0.3958333333333333 0.3925 0.021666666666666667 0.028333333333333332
0 0.5291666666666667 0.38916666666666666 0.015 0.041666666666666664
0 0.5525 0.38416666666666666 0.025 0.045
0 0.5166666666666667 0.39 0.016666666666666666 0.03
0 0.4266666666666667 0.38333333333333336 0.02 0.02666666666666667
0 0.5 0.38083333333333336 0.02 0.03166666666666667
0 0.5525 0.38 0.025 0.03666666666666667
0 0.5675 0.37916666666666665 0.018333333333333333 0.045
0 0.38333333333333336 0.36916666666666664 0.02 0.021666666666666667
0 0.42333333333333334 0.3625 0.02 0.025
0 0.365 0.36083333333333334 0.02 0.018333333333333333
0 0.3775 0.37666666666666665 0.0016666666666666668 0.0033333333333333335
0 0.3441666666666667 0.3566666666666667 0.025 0.03
0 0.42333333333333334 0.3466666666666667 0.016666666666666666 0.03666666666666667
0 0.3925 0.3441666666666667 0.015 0.028333333333333332
0 0.41333333333333333 0.3458333333333333 0.016666666666666666 0.03166666666666667
0 0.8091666666666667 0.11166666666666666 0.03166666666666667 0.056666666666666664
0 0.9358333333333333 0.006666666666666667 0.015 0.013333333333333334
0 0.9891666666666666 0.7491666666666666 0.021666666666666667 0.028333333333333332
0 0.99 0.7491666666666666 0.02 0.028333333333333332
0 0.9883333333333333 0.7491666666666666 0.023333333333333334 0.028333333333333332
0 0.9675 0.7258333333333333 0.028333333333333332 0.018333333333333333
0 0.9616666666666667 0.7258333333333333 0.016666666666666666 0.018333333333333333
0 0.9791666666666666 0.7216666666666667 0.015 0.02
0 0.9891666666666666 0.7125 0.015 0.018333333333333333
0 0.38666666666666666 0.6383333333333333 0.023333333333333334 0.03
0 0.38666666666666666 0.6375 0.023333333333333334 0.028333333333333332
0 0.36916666666666664 0.6333333333333333 0.015 0.02
0 0.365 0.6216666666666667 0.02 0.016666666666666666
