0 0.5308333333333334 0.5216666666666666 0.021666666666666667 0.06333333333333334
0 0.5225 0.5641666666666667 0.021666666666666667 0.07833333333333334
0 0.5341666666666667 0.565 0.025 0.07666666666666666
0 0.3425 0.03333333333333333 0.015 0.06666666666666667
0 0.5208333333333334 0.6 0.018333333333333333 0.07666666666666666
0 0.5408333333333334 0.65 0.018333333333333333 0.07333333333333333
0 0.5175 0.6875 0.015 0.075
0 0.495 0.6891666666666667 0.013333333333333334 0.07833333333333334
0 0.5075 0.7083333333333334 0.018333333333333333 0.07333333333333333
0 0.5441666666666667 0.7108333333333333 0.03166666666666667 0.058333333333333334
0 0.5333333333333333 0.7508333333333334 0.02666666666666667 0.04833333333333333
0 0.495 0.75 0.03333333333333333 0.056666666666666664
0 0.5316666666666666 0.7891666666666667 0.03 0.058333333333333334
0 0.5058333333333334 0.7883333333333333 0.03166666666666667 0.03
0 0.5475 0.7891666666666667 0.025 0.028333333333333332
0 0.5066666666666667 0.8058333333333333 0.03333333333333333 0.051666666666666666
0 0.5608333333333333 0.8091666666666667 0.025 0.021666666666666667
0 0.5366666666666666 0.8225 0.02666666666666667 0.03166666666666667
0 0.54 0.855 0.02666666666666667 0.056666666666666664
0 0.5658333333333333 0.8591666666666666 0.028333333333333332 0.035
0 0.5608333333333333 0.8966666666666666 0.021666666666666667 0.06
0 0.5841666666666666 0.9 0.035 0.05
0 0.58 0.935 0.016666666666666666 0.06
0 0.6 0.9458333333333333 0.02666666666666667 0.03166666666666667
0 0.35 0.065 0.016666666666666666 0.06666666666666667
0 0.605 0.9741666666666666 0.03 0.03833333333333333
0 0.58 0.9691666666666666 0.03333333333333333 0.058333333333333334
0 0.5825 0.9808333333333333 0.028333333333333332 0.035
0 0.61 0.9908333333333333 0.02666666666666667 0.018333333333333333
0 0.6508333333333334 0.99 0.051666666666666666 0.02
0 0.37416666666666665 0.08666666666666667 0.028333333333333332 0.06
0 0.365 0.1275 0.02 0.075
0 0.4033333333333333 0.12833333333333333 0.02666666666666667 0.043333333333333335
0 0.4066666666666667 0.15916666666666668 0.03666666666666667 0.058333333333333334
0 0.4025 0.17 0.03166666666666667 0.06333333333333334
0 0.44083333333333335 0.17833333333333334 0.035 0.06333333333333334
0 0.4041666666666667 0.20916666666666667 0.03166666666666667 0.06833333333333333
0 0.4425 0.22166666666666668 0.035 0.043333333333333335
0 0.43083333333333335 0.245 0.028333333333333332 0.04666666666666667
0 0.44 0.23583333333333334 0.03333333333333333 0.058333333333333334
0 0.4725 0.23916666666666667 0.028333333333333332 0.075
0 0.35 0.015833333333333335 0.016666666666666666 0.03166666666666667
0 0.475 0.29 0.03666666666666667 0.05333333333333334
0 0.44416666666666665 0.2916666666666667 0.03833333333333333 0.06
0 0.48083333333333333 0.3375 0.028333333333333332 0.065
0 0.465 0.35083333333333333 0.03333333333333333 0.065
0 0.51 0.3933333333333333 0.03 0.07333333333333333
0 0.5125 0.4575 0.021666666666666667 0.07166666666666667
0 0.4975 0.4666666666666667 0.018333333333333333 0.056666666666666664
0 0.5275 0.4666666666666667 0.025 0.06333333333333334
