0 0.635 0.5258333333333334 0.016666666666666666 0.06833333333333333
0 0.6175 0.5183333333333333 0.028333333333333332 0.04666666666666667
0 0.5116666666666667 0.5141666666666667 0.02666666666666667 0.025
0 0.5566666666666666 0.5125 0.03 0.028333333333333332
0 0.59 0.5125 0.03 0.025
0 0.5691666666666667 0.495 0.03166666666666667 0.02666666666666667
0 0.635 0.48833333333333334 0.03 0.05
0 0.6133333333333333 0.48583333333333334 0.03 0.035
0 0.585 0.48583333333333334 0.03 0.03166666666666667
0 0.6333333333333333 0.45666666666666667 0.03333333333333333 0.03666666666666667
0 0.5975 0.44416666666666665 0.03166666666666667 0.045
0 0.6275 0.43333333333333335 0.03166666666666667 0.03
0 0.6291666666666667 0.41333333333333333 0.035 0.03333333333333333
0 0.595 0.41333333333333333 0.02666666666666667 0.03333333333333333
0 0.5908333333333333 0.3858333333333333 0.028333333333333332 0.028333333333333332
0 0.6091666666666666 0.375 0.021666666666666667 0.05
0 0.575 0.3516666666666667 0.03333333333333333 0.043333333333333335
0 0.5875 0.3433333333333333 0.025 0.04666666666666667
0 0.5591666666666667 0.30666666666666664 0.028333333333333332 0.03
0 0.58 0.30666666666666664 0.02666666666666667 0.03666666666666667
0 0.5441666666666667 0.27666666666666667 0.03166666666666667 0.03333333333333333
0 0.5716666666666667 0.27166666666666667 0.03666666666666667 0.03
0 0.5091666666666667 0.25416666666666665 0.035 0.025
0 0.5433333333333333 0.2475 0.03 0.028333333333333332
0 0.5633333333333334 0.23 0.03666666666666667 0.056666666666666664
0 0.5258333333333334 0.22416666666666665 0.035 0.035
0 0.5183333333333333 0.2 0.03 0.02666666666666667
0 0.6516666666666666 0.8308333333333333 0.02666666666666667 0.06833333333333333
0 0.6208333333333333 0.72 0.025 0.06666666666666667
0 0.595 0.6816666666666666 0.02666666666666667 0.056666666666666664
0 0.55 0.6725 0.03666666666666667 0.045
0 0.58 0.6883333333333334 0.0033333333333333335 0.0033333333333333335
0 0.6258333333333334 0.6516666666666666 0.011666666666666667 0.056666666666666664
0 0.5616666666666666 0.6525 0.04 0.035
0 0.6183333333333333 0.64 0.016666666666666666 0.07666666666666666
0 0.6 0.6283333333333333 0.023333333333333334 0.07
0 0.55 0.625 0.03 0.02666666666666667
0 0.5766666666666667 0.6116666666666667 0.02666666666666667 0.04666666666666667
0 0.5216666666666666 0.6175 0.03666666666666667 0.03166666666666667
0 0.5408333333333334 0.6041666666666666 0.028333333333333332 0.021666666666666667
0 0.6125 0.5975 0.015 0.055
0 0.5883333333333334 0.5908333333333333 0.016666666666666666 0.045
0 0.535 0.585 0.03 0.03333333333333333
0 0.5575 0.5825 0.03166666666666667 0.028333333333333332
0 0.5191666666666667 0.5716666666666667 0.028333333333333332 0.03666666666666667
0 0.6191666666666666 0.5641666666666667 0.015 0.06833333333333333
0 0.5833333333333334 0.5633333333333334 0.02666666666666667 0.04
0 0.5925 0.555 0.028333333333333332 0.05333333333333334
0 0.5525 0.5558333333333333 0.028333333333333332 0.025
0 0.5225 0.5483333333333333 0.03166666666666667 0.02666666666666667
0 0.49916666666666665 0.5483333333333333 0.021666666666666667 0.023333333333333334
0 0.54 0.5316666666666666 0.04 0.03
0 0.6075 0.5291666666666667 0.028333333333333332 0.025
