0 0.5466666666666666 0.5041666666666667 0.02666666666666667 0.06166666666666667
0 0.5116666666666667 0.51 0.043333333333333335 0.03333333333333333
0 0.39416666666666667 0.5375 0.021666666666666667 0.058333333333333334
0 0.5708333333333333 0.545 0.03833333333333333 0.023333333333333334
0 0.49333333333333335 0.5433333333333333 0.04 0.02666666666666667
0 0.4575 0.5408333333333334 0.03166666666666667 0.041666666666666664
0 0.4275 0.54 0.035 0.03666666666666667
0 0.42083333333333334 0.5541666666666667 0.041666666666666664 0.03166666666666667
0 0.5333333333333333 0.555 0.03 0.04
0 0.49416666666666664 0.565 0.03166666666666667 0.023333333333333334
0 0.5333333333333333 0.5708333333333333 0.03666666666666667 0.041666666666666664
0 0.5683333333333334 0.575 0.03333333333333333 0.05
0 0.4608333333333333 0.5783333333333334 0.03166666666666667 0.03333333333333333
0 0.42333333333333334 0.5808333333333333 0.04 0.025
0 0.4875 0.5833333333333334 0.03833333333333333 0.04
0 0.3858333333333333 0.5858333333333333 0.041666666666666664 0.03166666666666667
0 0.5341666666666667 0.595 0.045 0.03
0 0.44916666666666666 0.6008333333333333 0.045 0.03166666666666667
0 0.43 0.6091666666666666 0.04 0.035
0 0.555 0.6166666666666667 0.043333333333333335 0.043333333333333335
0 0.49916666666666665 0.6175 0.041666666666666664 0.035
0 0.415 0.6233333333333333 0.03333333333333333 0.03333333333333333
0 0.38 0.6225 0.03666666666666667 0.028333333333333332
0 0.4683333333333333 0.6275 0.03333333333333333 0.025
0 0.5725 0.6391666666666667 0.03833333333333333 0.035
0 0.4558333333333333 0.645 0.045 0.03333333333333333
0 0.525 0.645 0.043333333333333335 0.02666666666666667
0 0.38083333333333336 0.6466666666666666 0.03833333333333333 0.03
0 0.43166666666666664 0.6558333333333334 0.043333333333333335 0.03833333333333333
0 0.32416666666666666 0.6575 0.035 0.055
0 0.35083333333333333 0.6558333333333334 0.035 0.035
0 0.4175 0.6625 0.03166666666666667 0.03833333333333333
0 0.4841666666666667 0.665 0.03166666666666667 0.023333333333333334
0 0.5558333333333333 0.6658333333333334 0.041666666666666664 0.025
0 0.4075 0.6708333333333333 0.035 0.03166666666666667
0 0.5133333333333333 0.67 0.03 0.02
0 0.38166666666666665 0.6808333333333333 0.03333333333333333 0.028333333333333332
0 0.5416666666666666 0.6825 0.04 0.021666666666666667
0 0.49666666666666665 0.69 0.04 0.03
0 0.31083333333333335 0.6966666666666667 0.04833333333333333 0.05333333333333334
0 0.4558333333333333 0.695 0.041666666666666664 0.03666666666666667
0 0.43 0.7008333333333333 0.03333333333333333 0.035
0 0.4033333333333333 0.7075 0.04 0.028333333333333332
0 0.345 0.7083333333333334 0.03333333333333333 0.043333333333333335
0 0.4708333333333333 0.72 0.041666666666666664 0.03
0 0.38333333333333336 0.7233333333333334 0.043333333333333335 0.04
0 0.3308333333333333 0.735 0.03833333333333333 0.02666666666666667
0 0.43916666666666665 0.7366666666666667 0.041666666666666664 0.04
0 0.36833333333333335 0.7491666666666666 0.03666666666666667 0.028333333333333332
0 0.395 0.7541666666666667 0.03333333333333333 0.041666666666666664
0 0.41083333333333333 0.7583333333333333 0.025 0.04
0 0.35583333333333333 0.765 0.035 0.03666666666666667
0 0.32916666666666666 0.765 0.03166666666666667 0.03333333333333333
0 0.42 0.7841666666666667 0.04666666666666667 0.03166666666666667
0 0.37583333333333335 0.7891666666666667 0.035 0.028333333333333332
0 0.4425 0.795 0.041666666666666664 0.02666666666666667
0 0.345 0.7983333333333333 0.043333333333333335 0.03666666666666667
0 0.38916666666666666 0.8058333333333333 0.035 0.028333333333333332
0 0.3283333333333333 0.8125 0.043333333333333335 0.035
0 0.41083333333333333 0.8191666666666667 0.03833333333333333 0.03166666666666667
0 0.36833333333333335 0.8316666666666667 0.03 0.03333333333333333
0 0.3 0.8425 0.03 0.051666666666666666
0 0.37916666666666665 0.8441666666666666 0.03166666666666667 0.041666666666666664
0 0.3491666666666667 0.8616666666666667 0.028333333333333332 0.03333333333333333
0 0.3283333333333333 0.8808333333333334 0.043333333333333335 0.03166666666666667
0 0.2991666666666667 0.8858333333333334 0.03833333333333333 0.065
0 0.3775 0.8916666666666667 0.041666666666666664 0.04
0 0.29583333333333334 0.9275 0.03166666666666667 0.07166666666666667
0 0.30833333333333335 0.9708333333333333 0.03666666666666667 0.04833333333333333
0 0.6233333333333333 0.1675 0.02 0.075
0 0.6141666666666666 0.22333333333333333 0.015 0.06666666666666667
0 0.6033333333333334 0.25083333333333335 0.016666666666666666 0.07833333333333334
0 0.16333333333333333 0.24833333333333332 0.03333333333333333 0.07
0 0.4275 0.2633333333333333 0.03833333333333333 0.06666666666666667
0 0.20166666666666666 0.28 0.04666666666666667 0.03
0 0.3858333333333333 0.2925 0.03166666666666667 0.051666666666666666
0 0.12833333333333333 0.2991666666666667 0.04666666666666667 0.06166666666666667
0 0.1825 0.31166666666666665 0.04833333333333333 0.04
0 0.38666666666666666 0.31583333333333335 0.02666666666666667 0.058333333333333334
0 0.5875 0.3325 0.015 0.051666666666666666
0 0.5741666666666667 0.345 0.018333333333333333 0.08
0 0.3525 0.34833333333333333 0.03833333333333333 0.03333333333333333
0 0.1225 0.35083333333333333 0.03833333333333333 0.065
0 0.4033333333333333 0.3616666666666667 0.03333333333333333 0.06333333333333334
0 0.37916666666666665 0.3725 0.021666666666666667 0.058333333333333334
0 0.07333333333333333 0.3725 0.04666666666666667 0.055
0 0.33916666666666667 0.38333333333333336 0.045 0.03
0 0.09083333333333334 0.37666666666666665 0.028333333333333332 0.04666666666666667
0 0.30333333333333334 0.38333333333333336 0.03333333333333333 0.02666666666666667
0 0.32166666666666666 0.4141666666666667 0.05 0.035
0 0.5525 0.435 0.03166666666666667 0.05333333333333334
0 0.5683333333333334 0.43083333333333335 0.02666666666666667 0.06833333333333333
0 0.5708333333333333 0.4691666666666667 0.021666666666666667 0.051666666666666666
0 0.5325 0.47833333333333333 0.035 0.03333333333333333
0 0.08083333333333333 0.4841666666666667 0.018333333333333333 0.04833333333333333
