0 0.5525 0.4625 0.025 0.07833333333333334
0 0.5341666666666667 0.47333333333333333 0.015 0.08666666666666667
0 0.5441666666666667 0.49166666666666664 0.015 0.06333333333333334
0 0.5733333333333334 0.49 0.02 0.07
0 0.5183333333333333 0.49166666666666664 0.02666666666666667 0.07666666666666666
0 0.7275 0.5183333333333333 0.03833333333333333 0.04666666666666667
0 0.7591666666666667 0.5225 0.03833333333333333 0.03166666666666667
0 0.5208333333333334 0.53 0.021666666666666667 0.05333333333333334
0 0.6116666666666667 0.5283333333333333 0.043333333333333335 0.03333333333333333
0 0.7808333333333334 0.53 0.035 0.043333333333333335
0 0.74 0.5491666666666667 0.03666666666666667 0.03166666666666667
0 0.36583333333333334 0.6025 0.025 0.055
0 0.27166666666666667 0.6075 0.02 0.07833333333333334
0 0.2425 0.6291666666666667 0.035 0.03833333333333333
0 0.24916666666666668 0.66 0.018333333333333333 0.05333333333333334
0 0.2675 0.6641666666666667 0.025 0.07166666666666667
0 0.20333333333333334 0.6675 0.04 0.051666666666666666
0 0.23 0.6708333333333333 0.02 0.058333333333333334
0 0.20416666666666666 0.6875 0.03166666666666667 0.045
0 0.23833333333333334 0.7025 0.016666666666666666 0.06833333333333333
0 0.255 0.7108333333333333 0.02 0.051666666666666666
0 0.21583333333333332 0.7358333333333333 0.015 0.06833333333333333
0 0.23166666666666666 0.7483333333333333 0.02 0.06666666666666667
0 0.19916666666666666 0.74 0.018333333333333333 0.07666666666666666
0 0.8483333333333334 0.7508333333333334 0.03666666666666667 0.045
0 0.7991666666666667 0.7741666666666667 0.03833333333333333 0.035
0 0.20333333333333334 0.7908333333333334 0.023333333333333334 0.06166666666666667
0 0.47833333333333333 0.19833333333333333 0.02 0.07666666666666666
0 0.4608333333333333 0.2375 0.018333333333333333 0.051666666666666666
0 0.5666666666666667 0.26416666666666666 0.043333333333333335 0.03166666666666667
0 0.4666666666666667 0.2733333333333333 0.016666666666666666 0.06333333333333334
0 0.5858333333333333 0.2941666666666667 0.041666666666666664 0.028333333333333332
0 0.61 0.3075 0.03666666666666667 0.04833333333333333
0 0.6175 0.3491666666666667 0.028333333333333332 0.06166666666666667
0 0.5616666666666666 0.44583333333333336 0.02666666666666667 0.07166666666666667
