0 0.255 0.035 0.03666666666666667 0.03666666666666667
0 0.6083333333333333 0.4791666666666667 0.023333333333333334 0.045
0 0.58 0.4825 0.03 0.028333333333333332
0 0.5883333333333334 0.49833333333333335 0.023333333333333334 0.04666666666666667
0 0.6075 0.49916666666666665 0.025 0.035
0 0.2791666666666667 0.03833333333333333 0.035 0.043333333333333335
0 0.3258333333333333 0.5008333333333334 0.015 0.058333333333333334
0 0.3458333333333333 0.5166666666666667 0.028333333333333332 0.04666666666666667
0 0.5675 0.5208333333333334 0.018333333333333333 0.051666666666666666
0 0.5233333333333333 0.5291666666666667 0.03333333333333333 0.025
0 0.5466666666666666 0.5425 0.023333333333333334 0.03833333333333333
0 0.34 0.5491666666666667 0.02 0.045
0 0.5308333333333334 0.5625 0.03833333333333333 0.021666666666666667
0 0.35583333333333333 0.5691666666666667 0.015 0.06166666666666667
0 0.43916666666666665 0.57 0.025 0.05
0 0.31916666666666665 0.5716666666666667 0.03166666666666667 0.03333333333333333
0 0.4191666666666667 0.5641666666666667 0.0016666666666666668 0.0016666666666666668
0 0.62 0.5783333333333334 0.03 0.03
0 0.4575 0.5816666666666667 0.025 0.06
0 0.4191666666666667 0.5808333333333333 0.018333333333333333 0.045
0 0.4666666666666667 0.58 0.016666666666666666 0.04666666666666667
0 0.595 0.5916666666666667 0.02666666666666667 0.023333333333333334
0 0.5558333333333333 0.6008333333333333 0.03833333333333333 0.028333333333333332
0 0.3491666666666667 0.6041666666666666 0.018333333333333333 0.045
0 0.29 0.04416666666666667 0.043333333333333335 0.03833333333333333
0 0.48333333333333334 0.6 0.016666666666666666 0.056666666666666664
0 0.37 0.5983333333333334 0.016666666666666666 0.05
0 0.43666666666666665 0.6091666666666666 0.016666666666666666 0.051666666666666666
0 0.6233333333333333 0.6116666666666667 0.03333333333333333 0.023333333333333334
0 0.525 0.6108333333333333 0.02666666666666667 0.035
0 0.565 0.6191666666666666 0.023333333333333334 0.03166666666666667
0 0.5816666666666667 0.6208333333333333 0.03333333333333333 0.03833333333333333
0 0.33 0.6266666666666667 0.03 0.02666666666666667
0 0.505 0.6258333333333334 0.016666666666666666 0.04833333333333333
0 0.3675 0.6283333333333333 0.018333333333333333 0.05
0 0.2808333333333333 0.6266666666666667 0.025 0.043333333333333335
0 0.3233333333333333 0.6308333333333334 0.043333333333333335 0.035
0 0.5833333333333334 0.6341666666666667 0.03 0.03833333333333333
0 0.4608333333333333 0.6333333333333333 0.015 0.043333333333333335
0 0.38416666666666666 0.6366666666666667 0.015 0.056666666666666664
0 0.43 0.6258333333333334 0.013333333333333334 0.03166666666666667
0 0.5225 0.64 0.021666666666666667 0.04666666666666667
0 0.4241666666666667 0.6416666666666667 0.028333333333333332 0.04666666666666667
0 0.5475 0.6441666666666667 0.03833333333333333 0.025
0 0.4 0.65 0.02 0.04
0 0.30583333333333335 0.6483333333333333 0.028333333333333332 0.03666666666666667
0 0.4841666666666667 0.6491666666666667 0.021666666666666667 0.045
0 0.5 0.6558333333333334 0.02666666666666667 0.06166666666666667
0 0.3625 0.6516666666666666 0.025 0.043333333333333335
0 0.44333333333333336 0.6525 0.016666666666666666 0.041666666666666664
0 0.255 0.051666666666666666 0.016666666666666666 0.02666666666666667
0 0.3475 0.6541666666666667 0.025 0.041666666666666664
0 0.45666666666666667 0.6625 0.016666666666666666 0.055
0 0.5566666666666666 0.6683333333333333 0.04 0.03
0 0.26416666666666666 0.6716666666666666 0.03166666666666667 0.02666666666666667
0 0.5308333333333334 0.6741666666666667 0.035 0.051666666666666666
0 0.5041666666666667 0.6725 0.018333333333333333 0.028333333333333332
0 0.4708333333333333 0.6775 0.015 0.06166666666666667
0 0.3358333333333333 0.68 0.035 0.03333333333333333
0 0.38416666666666666 0.6825 0.018333333333333333 0.04833333333333333
0 0.4116666666666667 0.69 0.03 0.04666666666666667
0 0.3958333333333333 0.6891666666666667 0.018333333333333333 0.045
0 0.37416666666666665 0.69 0.028333333333333332 0.03666666666666667
0 0.49416666666666664 0.6891666666666667 0.025 0.065
0 0.44583333333333336 0.6933333333333334 0.018333333333333333 0.04666666666666667
0 0.43 0.695 0.016666666666666666 0.04666666666666667
0 0.53 0.6991666666666667 0.03666666666666667 0.03166666666666667
0 0.51 0.7075 0.02 0.03833333333333333
0 0.47333333333333333 0.72 0.03666666666666667 0.04
0 0.5475 0.7225 0.03166666666666667 0.025
0 0.41583333333333333 0.725 0.021666666666666667 0.043333333333333335
0 0.395 0.725 0.02666666666666667 0.03
0 0.43916666666666665 0.7425 0.028333333333333332 0.045
0 0.45916666666666667 0.7441666666666666 0.028333333333333332 0.045
0 0.49666666666666665 0.7633333333333333 0.03333333333333333 0.04
0 0.005 0.1225 0.01 0.018333333333333333
0 0.35833333333333334 0.08416666666666667 0.03666666666666667 0.03166666666666667
0 0.38083333333333336 0.08833333333333333 0.035 0.04666666666666667
0 0.30833333333333335 0.015 0.03666666666666667 0.03
0 0.5016666666666667 0.245 0.03333333333333333 0.023333333333333334
0 0.5491666666666667 0.25666666666666665 0.035 0.05
0 0.4725 0.25166666666666665 0.03166666666666667 0.03
0 0.5033333333333333 0.26416666666666666 0.03333333333333333 0.035
0 0.45166666666666666 0.27 0.02666666666666667 0.02
0 0.5475 0.2683333333333333 0.021666666666666667 0.02666666666666667
0 0.5133333333333333 0.28 0.03333333333333333 0.03333333333333333
0 0.43333333333333335 0.2816666666666667 0.03 0.02666666666666667
0 0.4666666666666667 0.2875 0.04 0.03166666666666667
0 0.7216666666666667 0.32916666666666666 0.03 0.03833333333333333
0 0.475 0.335 0.03333333333333333 0.05
0 0.69 0.36583333333333334 0.03 0.04833333333333333
0 0.67 0.38 0.023333333333333334 0.04
0 0.64 0.4041666666666667 0.03 0.045
0 0.6566666666666666 0.42 0.02 0.03
0 0.6341666666666667 0.44083333333333335 0.028333333333333332 0.045
0 0.6058333333333333 0.46 0.028333333333333332 0.03
