0 0.6141666666666666 0.47833333333333333 0.041666666666666664 0.043333333333333335
0 0.0575 0.9558333333333333 0.03166666666666667 0.08166666666666667
0 0.1825 0.4483333333333333 0.028333333333333332 0.06666666666666667
0 0.5175 0.4375 0.021666666666666667 0.08166666666666667
0 0.61 0.4241666666666667 0.023333333333333334 0.07166666666666667
0 0.535 0.4033333333333333 0.013333333333333334 0.05333333333333334
0 0.43083333333333335 0.3825 0.03833333333333333 0.04833333333333333
0 0.2 0.365 0.02666666666666667 0.09
0 0.5208333333333334 0.3616666666666667 0.028333333333333332 0.03
0 0.205 0.275 0.02 0.07333333333333333
0 0.49583333333333335 0.2633333333333333 0.018333333333333333 0.06333333333333334
0 0.25 0.25916666666666666 0.03666666666666667 0.04833333333333333
0 0.5175 0.255 0.025 0.07666666666666666
0 0.25166666666666665 0.23833333333333334 0.03 0.03
0 0.4766666666666667 0.2325 0.016666666666666666 0.07833333333333334
0 0.49083333333333334 0.2175 0.015 0.065
0 0.18916666666666668 0.21416666666666667 0.03166666666666667 0.051666666666666666
0 0.24166666666666667 0.19916666666666666 0.03333333333333333 0.055
0 0.5016666666666667 0.1825 0.016666666666666666 0.075
0 0.52 0.17583333333333334 0.016666666666666666 0.06833333333333333
0 0.48583333333333334 0.15583333333333332 0.018333333333333333 0.075
0 0.23333333333333334 0.1475 0.02666666666666667 0.065
0 0.135 0.145 0.04666666666666667 0.06666666666666667
0 0.5083333333333333 0.13833333333333334 0.016666666666666666 0.07
0 0.23833333333333334 0.12333333333333334 0.023333333333333334 0.07
0 0.11666666666666667 0.9158333333333334 0.03333333333333333 0.065
0 0.21333333333333335 0.10666666666666667 0.02 0.06666666666666667
0 0.5175 0.10166666666666667 0.015 0.06
0 0.4975 0.1025 0.015 0.065
0 0.6383333333333333 0.9158333333333334 0.03333333333333333 0.07166666666666667
0 0.5275 0.08166666666666667 0.021666666666666667 0.05
0 0.21666666666666667 0.06583333333333333 0.023333333333333334 0.06833333333333333
0 0.2375 0.06333333333333334 0.021666666666666667 0.07333333333333333
0 0.51 0.056666666666666664 0.016666666666666666 0.056666666666666664
0 0.2175 0.04416666666666667 0.018333333333333333 0.03833333333333333
0 0.5225 0.02666666666666667 0.015 0.05333333333333334
0 0.23 0.0125 0.02 0.025
0 0.2175 0.020833333333333332 0.025 0.041666666666666664
0 0.5075 0.02 0.015 0.04
0 0.5308333333333334 0.014166666666666666 0.011666666666666667 0.028333333333333332
0 0.6241666666666666 0.8808333333333334 0.021666666666666667 0.058333333333333334
0 0.675 0.8791666666666667 0.023333333333333334 0.09166666666666666
0 0.605 0.8733333333333333 0.02 0.09
0 0.125 0.8625 0.02 0.06833333333333333
0 0.21583333333333332 0.8616666666666667 0.035 0.07
0 0.6933333333333334 0.8183333333333334 0.013333333333333334 0.04666666666666667
0 0.21 0.8033333333333333 0.03666666666666667 0.056666666666666664
0 0.6875 0.7908333333333334 0.025 0.10166666666666667
0 0.6108333333333333 0.775 0.018333333333333333 0.09666666666666666
0 0.12416666666666666 0.7683333333333333 0.018333333333333333 0.09333333333333334
0 0.13833333333333334 0.7441666666666666 0.02 0.085
0 0.6258333333333334 0.7391666666666666 0.015 0.06833333333333333
0 0.6091666666666666 0.9708333333333333 0.018333333333333333 0.058333333333333334
0 0.6375 0.6991666666666667 0.015 0.06833333333333333
0 0.6116666666666667 0.6891666666666667 0.02 0.07166666666666667
0 0.6325 0.6791666666666667 0.021666666666666667 0.055
0 0.62 0.9691666666666666 0.03 0.06166666666666667
0 0.63 0.6191666666666666 0.02666666666666667 0.08166666666666667
0 0.6475 0.6116666666666667 0.025 0.08
0 0.6341666666666667 0.9666666666666667 0.021666666666666667 0.06666666666666667
0 0.67 0.5825 0.03 0.065
0 0.15083333333333335 0.5675 0.028333333333333332 0.08166666666666667
0 0.5941666666666666 0.9591666666666666 0.015 0.08166666666666667
0 0.6791666666666667 0.5266666666666666 0.03166666666666667 0.06666666666666667
0 0.7058333333333333 0.5008333333333334 0.028333333333333332 0.06833333333333333
0 0.1275 0.4975 0.021666666666666667 0.085
