0 0.5233333333333333 0.5016666666666667 0.043333333333333335 0.05
0 0.4583333333333333 0.5366666666666666 0.02666666666666667 0.06666666666666667
0 0.4841666666666667 0.5416666666666666 0.041666666666666664 0.03666666666666667
0 0.5033333333333333 0.5591666666666667 0.04 0.028333333333333332
0 0.445 0.5858333333333333 0.05 0.03833333333333333
0 0.49166666666666664 0.5883333333333334 0.03666666666666667 0.03333333333333333
0 0.4866666666666667 0.6183333333333333 0.04666666666666667 0.04
0 0.45 0.6241666666666666 0.04 0.065
0 0.42333333333333334 0.6291666666666667 0.04 0.04833333333333333
0 0.44916666666666666 0.6575 0.045 0.03833333333333333
0 0.42916666666666664 0.7041666666666667 0.065 0.04833333333333333
0 0.42083333333333334 0.6933333333333334 0.0016666666666666668 0.0033333333333333335
0 0.38916666666666666 0.7416666666666667 0.04833333333333333 0.03666666666666667
0 0.42333333333333334 0.745 0.03666666666666667 0.03333333333333333
0 0.38416666666666666 0.7758333333333334 0.04833333333333333 0.035
0 0.365 0.8033333333333333 0.043333333333333335 0.03333333333333333
0 0.7433333333333333 0.9925 0.023333333333333334 0.015
0 0.71 0.22166666666666668 0.02666666666666667 0.07666666666666666
0 0.7191666666666666 0.225 0.021666666666666667 0.08
0 0.6833333333333333 0.23833333333333334 0.043333333333333335 0.04666666666666667
0 0.7683333333333333 0.24 0.043333333333333335 0.043333333333333335
0 0.7475 0.245 0.041666666666666664 0.04666666666666667
0 0.6716666666666666 0.2625 0.03666666666666667 0.07166666666666667
0 0.725 0.28 0.03333333333333333 0.03333333333333333
0 0.7525 0.2825 0.035 0.06166666666666667
0 0.6975 0.28833333333333333 0.028333333333333332 0.07
0 0.7991666666666667 0.2925 0.03833333333333333 0.051666666666666666
0 0.7925 0.2916666666666667 0.028333333333333332 0.05333333333333334
0 0.6333333333333333 0.295 0.05 0.03333333333333333
0 0.7766666666666666 0.29583333333333334 0.03 0.065
0 0.7258333333333333 0.30916666666666665 0.028333333333333332 0.045
0 0.6191666666666666 0.31583333333333335 0.035 0.03166666666666667
0 0.7633333333333333 0.3325 0.03666666666666667 0.055
0 0.4425 0.4058333333333333 0.04833333333333333 0.055
