0 0.5408333333333334 0.4816666666666667 0.018333333333333333 0.06333333333333334
0 0.5041666666666667 0.48333333333333334 0.041666666666666664 0.043333333333333335
0 0.5283333333333333 0.5291666666666667 0.023333333333333334 0.065
0 0.02 0.6558333333333334 0.04 0.058333333333333334
0 0.5758333333333333 0.7125 0.025 0.08166666666666667
0 0.5516666666666666 0.7358333333333333 0.02666666666666667 0.045
0 0.52 0.8208333333333333 0.016666666666666666 0.095
0 0.11833333333333333 0.8908333333333334 0.04 0.085
0 0.64 0.25166666666666665 0.02 0.07
0 0.6266666666666667 0.2875 0.016666666666666666 0.058333333333333334
0 0.615 0.32916666666666666 0.016666666666666666 0.07166666666666667
0 0.5225 0.37083333333333335 0.03166666666666667 0.035
0 0.6083333333333333 0.385 0.02 0.07
0 0.49083333333333334 0.3825 0.041666666666666664 0.04833333333333333
0 0.5091666666666667 0.4025 0.04833333333333333 0.03166666666666667
0 0.5458333333333333 0.4 0.035 0.05
0 0.5358333333333334 0.43583333333333335 0.03833333333333333 0.03833333333333333
0 0.4925 0.43833333333333335 0.035 0.05
0 0.6141666666666666 0.44583333333333336 0.018333333333333333 0.058333333333333334
0 0.4508333333333333 0.44916666666666666 0.021666666666666667 0.07833333333333334
0 0.565 0.4483333333333333 0.016666666666666666 0.06666666666666667
