0 0.245 0.4741666666666667 0.03333333333333333 0.07166666666666667
0 0.8841666666666667 0.4925 0.021666666666666667 0.06166666666666667
0 0.8566666666666667 0.5166666666666667 0.03333333333333333 0.07
0 0.9808333333333333 0.525 0.021666666666666667 0.06
0 0.9166666666666666 0.5333333333333333 0.03333333333333333 0.08
0 0.8808333333333334 0.5466666666666666 0.018333333333333333 0.04666666666666667
0 0.8608333333333333 0.5583333333333333 0.03833333333333333 0.06333333333333334
0 0.1425 0.5825 0.035 0.035
0 0.865 0.595 0.02666666666666667 0.05
0 0.8391666666666666 0.6125 0.025 0.045
0 0.15333333333333332 0.6225 0.03333333333333333 0.035
0 0.815 0.6291666666666667 0.03 0.035
0 0.1825 0.6358333333333334 0.041666666666666664 0.03166666666666667
0 0.865 0.6316666666666667 0.02666666666666667 0.03666666666666667
0 0.8433333333333334 0.6375 0.03 0.055
0 0.1175 0.65 0.028333333333333332 0.07
0 0.1625 0.6533333333333333 0.035 0.03
0 0.8225 0.655 0.021666666666666667 0.03
0 0.8558333333333333 0.6608333333333334 0.03833333333333333 0.028333333333333332
0 0.81 0.6783333333333333 0.04666666666666667 0.043333333333333335
0 0.8425 0.6883333333333334 0.035 0.03666666666666667
0 0.15083333333333335 0.6966666666666667 0.028333333333333332 0.06333333333333334
0 0.8141666666666667 0.7125 0.045 0.041666666666666664
0 0.12583333333333332 0.7266666666666667 0.025 0.08
0 0.12 0.7441666666666666 0.013333333333333334 0.041666666666666664
0 0.15083333333333335 0.7591666666666667 0.018333333333333333 0.041666666666666664
0 0.14 0.7925 0.016666666666666666 0.03833333333333333
0 0.27666666666666667 0.7991666666666667 0.02666666666666667 0.06166666666666667
0 0.16083333333333333 0.7975 0.021666666666666667 0.04833333333333333
0 0.125 0.7991666666666667 0.02 0.065
0 0.14166666666666666 0.8316666666666667 0.02 0.06333333333333334
0 0.29083333333333333 0.8366666666666667 0.035 0.03333333333333333
0 0.265 0.835 0.03 0.05
0 0.255 0.8458333333333333 0.02666666666666667 0.051666666666666666
0 0.20666666666666667 0.8475 0.023333333333333334 0.075
0 0.15416666666666667 0.855 0.021666666666666667 0.06666666666666667
0 0.1325 0.8658333333333333 0.018333333333333333 0.058333333333333334
0 0.25083333333333335 0.87 0.025 0.03666666666666667
0 0.28 0.8766666666666667 0.02666666666666667 0.03666666666666667
0 0.14333333333333334 0.8908333333333334 0.02 0.051666666666666666
0 0.155 0.9241666666666667 0.03 0.06166666666666667
0 0.16416666666666666 0.9341666666666667 0.028333333333333332 0.07166666666666667
0 0.185 0.9391666666666667 0.03333333333333333 0.06166666666666667
0 0.14333333333333334 0.9491666666666667 0.03 0.06166666666666667
0 0.30916666666666665 0.9641666666666666 0.018333333333333333 0.07166666666666667
0 0.18916666666666668 0.9833333333333333 0.028333333333333332 0.03333333333333333
0 0.16666666666666666 0.9866666666666667 0.03 0.02666666666666667
0 0.8108333333333333 0.1075 0.021666666666666667 0.06833333333333333
0 0.8116666666666666 0.12916666666666668 0.023333333333333334 0.055
0 0.83 0.13666666666666666 0.016666666666666666 0.08
0 0.7958333333333333 0.14166666666666666 0.015 0.05
0 0.82 0.17833333333333334 0.02666666666666667 0.05
0 0.8058333333333333 0.1925 0.025 0.028333333333333332
0 0.8366666666666667 0.22333333333333333 0.023333333333333334 0.08333333333333333
0 0.7616666666666667 0.23 0.023333333333333334 0.07333333333333333
0 0.17666666666666667 0.23083333333333333 0.02666666666666667 0.035
0 0.16583333333333333 0.2625 0.03166666666666667 0.035
0 0.8466666666666667 0.28583333333333333 0.02 0.09166666666666666
0 0.33166666666666667 0.29333333333333333 0.04 0.05333333333333334
0 0.15583333333333332 0.3075 0.021666666666666667 0.06166666666666667
0 0.1425 0.3441666666666667 0.021666666666666667 0.055
0 0.16416666666666666 0.36833333333333335 0.028333333333333332 0.05
0 0.4891666666666667 0.38166666666666665 0.03833333333333333 0.04
0 0.14083333333333334 0.39 0.021666666666666667 0.056666666666666664
0 0.9033333333333333 0.3925 0.023333333333333334 0.04833333333333333
0 0.9433333333333334 0.395 0.03 0.06666666666666667
0 0.12083333333333333 0.3958333333333333 0.028333333333333332 0.04833333333333333
0 0.925 0.41833333333333333 0.02 0.07666666666666666
0 0.145 0.43 0.02666666666666667 0.06666666666666667
0 0.9441666666666667 0.4533333333333333 0.03166666666666667 0.043333333333333335
0 0.9725 0.46416666666666667 0.028333333333333332 0.065
0 0.87 0.4708333333333333 0.02 0.06166666666666667
