0 0.4508333333333333 0.45416666666666666 0.028333333333333332 0.028333333333333332
0 0.395 0.46416666666666667 0.03333333333333333 0.041666666666666664
0 0.44166666666666665 0.4675 0.02666666666666667 0.035
0 0.4216666666666667 0.4725 0.03333333333333333 0.028333333333333332
0 0.425 0.5016666666666667 0.03 0.043333333333333335
0 0.38333333333333336 0.5041666666666667 0.03333333333333333 0.03166666666666667
0 0.45916666666666667 0.5075 0.03833333333333333 0.045
0 0.45166666666666666 0.5208333333333334 0.02666666666666667 0.045
0 0.4025 0.5216666666666666 0.025 0.03
0 0.4216666666666667 0.525 0.03666666666666667 0.06
0 0.36916666666666664 0.5266666666666666 0.035 0.02666666666666667
0 0.355 0.5441666666666667 0.03666666666666667 0.028333333333333332
0 0.39166666666666666 0.5483333333333333 0.03333333333333333 0.02666666666666667
0 0.455 0.5516666666666666 0.03 0.04
0 0.4791666666666667 0.5508333333333333 0.03166666666666667 0.03833333333333333
0 0.4241666666666667 0.5591666666666667 0.03833333333333333 0.041666666666666664
0 0.37333333333333335 0.5666666666666667 0.04 0.02666666666666667
0 0.8991666666666667 0.010833333333333334 0.028333333333333332 0.021666666666666667
0 0.6033333333333334 0.7091666666666666 0.023333333333333334 0.06833333333333333
0 0.9933333333333333 0.015833333333333335 0.013333333333333334 0.03166666666666667
0 0.9141666666666667 0.020833333333333332 0.028333333333333332 0.041666666666666664
0 0.7091666666666666 0.7516666666666667 0.03833333333333333 0.03
0 0.7333333333333333 0.7583333333333333 0.03666666666666667 0.05333333333333334
0 0.7008333333333333 0.8016666666666666 0.028333333333333332 0.04666666666666667
0 0.04583333333333333 0.8058333333333333 0.041666666666666664 0.051666666666666666
0 0.9475 0.025833333333333333 0.028333333333333332 0.03166666666666667
0 0.9725 0.035833333333333335 0.028333333333333332 0.035
0 0.9908333333333333 0.041666666666666664 0.018333333333333333 0.03
0 0.9433333333333334 0.049166666666666664 0.03333333333333333 0.028333333333333332
0 0.9866666666666667 0.07 0.016666666666666666 0.03
0 0.9725 0.07333333333333333 0.021666666666666667 0.05
0 0.9541666666666667 0.08416666666666667 0.018333333333333333 0.051666666666666666
