0 0.5308333333333334 0.6108333333333333 0.03833333333333333 0.058333333333333334
0 0.5133333333333333 0.6083333333333333 0.03666666666666667 0.07666666666666666
0 0.5041666666666667 0.6366666666666667 0.018333333333333333 0.09333333333333334
0 0.5508333333333333 0.6508333333333334 0.035 0.03833333333333333
0 0.5416666666666666 0.6675 0.03 0.045
0 0.5266666666666666 0.6758333333333333 0.02666666666666667 0.06166666666666667
0 0.8066666666666666 0.6883333333333334 0.03666666666666667 0.08
0 0.835 0.6933333333333334 0.023333333333333334 0.08
0 0.5233333333333333 0.7091666666666666 0.023333333333333334 0.06166666666666667
0 0.795 0.7233333333333334 0.02666666666666667 0.07666666666666666
0 0.8058333333333333 0.7566666666666667 0.028333333333333332 0.056666666666666664
0 0.7358333333333333 0.7891666666666667 0.04833333333333333 0.045
0 0.38666666666666666 0.8108333333333333 0.03666666666666667 0.075
0 0.9508333333333333 0.8691666666666666 0.025 0.085
0 0.2575 0.8708333333333333 0.021666666666666667 0.09166666666666666
0 0.23916666666666667 0.9125 0.021666666666666667 0.06166666666666667
0 0.30583333333333335 0.93 0.028333333333333332 0.04666666666666667
0 0.21833333333333332 0.9358333333333333 0.02666666666666667 0.055
0 0.25 0.9533333333333334 0.023333333333333334 0.07666666666666666
0 0.23416666666666666 0.9725 0.025 0.055
0 0.19166666666666668 0.9791666666666666 0.043333333333333335 0.041666666666666664
0 0.89 0.9733333333333334 0.023333333333333334 0.05333333333333334
0 0.2325 0.9741666666666666 0.025 0.051666666666666666
0 0.16083333333333333 0.99 0.035 0.02
0 0.4741666666666667 0.10083333333333333 0.03833333333333333 0.04833333333333333
0 0.4741666666666667 0.1375 0.028333333333333332 0.06833333333333333
0 0.4508333333333333 0.1525 0.018333333333333333 0.07166666666666667
0 0.5508333333333333 0.1525 0.018333333333333333 0.085
0 0.4775 0.1825 0.021666666666666667 0.09166666666666666
0 0.4483333333333333 0.23583333333333334 0.023333333333333334 0.075
0 0.4866666666666667 0.25916666666666666 0.056666666666666664 0.03166666666666667
0 0.44416666666666665 0.30666666666666664 0.018333333333333333 0.07333333333333333
0 0.42833333333333334 0.34833333333333333 0.02666666666666667 0.08333333333333333
