0 0.43 0.4975 0.02 0.055
0 0.37916666666666665 0.4891666666666667 0.025 0.06833333333333333
0 0.445 0.48 0.02 0.06
0 0.3908333333333333 0.735 0.028333333333333332 0.06333333333333334
0 0.4008333333333333 0.69 0.018333333333333333 0.07
0 0.37916666666666665 0.6841666666666667 0.028333333333333332 0.045
0 0.3875 0.6616666666666666 0.015 0.05333333333333334
0 0.365 0.6466666666666666 0.016666666666666666 0.04
0 0.41333333333333333 0.6508333333333334 0.02 0.058333333333333334
0 0.3566666666666667 0.6366666666666667 0.013333333333333334 0.06333333333333334
0 0.41583333333333333 0.6116666666666667 0.025 0.05
0 0.37416666666666665 0.6083333333333333 0.015 0.06
0 0.38916666666666666 0.6 0.015 0.07
0 0.435 0.595 0.02 0.04
0 0.375 0.5583333333333333 0.04 0.03666666666666667
0 0.4241666666666667 0.5583333333333333 0.021666666666666667 0.06
0 0.4425 0.5566666666666666 0.03166666666666667 0.05
0 0.4041666666666667 0.5533333333333333 0.025 0.05333333333333334
