0 0.31083333333333335 0.48833333333333334 0.07833333333333334 0.06
0 0.7741666666666667 0.42 0.06833333333333333 0.07
0 0.35333333333333333 0.37833333333333335 0.04 0.11666666666666667
0 0.8208333333333333 0.37166666666666665 0.07833333333333334 0.056666666666666664
0 0.075 0.35583333333333333 0.05 0.115
0 0.7725 0.27 0.075 0.06
0 0.7183333333333334 0.2375 0.07 0.075
0 0.8066666666666666 0.19416666666666665 0.06666666666666667 0.09166666666666666
0 0.76 0.18416666666666667 0.07666666666666666 0.058333333333333334
0 0.15833333333333333 0.9533333333333334 0.05 0.09333333333333334
0 0.7458333333333333 0.12 0.07833333333333334 0.07666666666666666
0 0.0375 0.021666666666666667 0.075 0.043333333333333335
0 0.33166666666666667 0.8375 0.06333333333333334 0.075
0 0.2175 0.84 0.041666666666666664 0.11333333333333333
0 0.4025 0.8091666666666667 0.058333333333333334 0.095
0 0.09833333333333333 0.7625 0.07 0.075
0 0.6583333333333333 0.7683333333333333 0.03666666666666667 0.11333333333333333
0 0.325 0.7391666666666666 0.06666666666666667 0.06833333333333333
0 0.42833333333333334 0.7375 0.07666666666666666 0.051666666666666666
