0 0.4666666666666667 0.5116666666666667 0.04 0.06
0 0.44083333333333335 0.4975 0.028333333333333332 0.041666666666666664
0 0.6016666666666667 0.5041666666666667 0.02666666666666667 0.04833333333333333
0 0.4141666666666667 0.4841666666666667 0.03166666666666667 0.055
0 0.31166666666666665 0.4875 0.03666666666666667 0.041666666666666664
0 0.4675 0.4825 0.03166666666666667 0.065
0 0.2941666666666667 0.475 0.03833333333333333 0.043333333333333335
0 0.44166666666666665 0.4716666666666667 0.03333333333333333 0.05
0 0.27416666666666667 0.4691666666666667 0.041666666666666664 0.035
0 0.7091666666666666 0.4625 0.021666666666666667 0.085
0 0.7391666666666666 0.44583333333333336 0.03833333333333333 0.055
0 0.33 0.44083333333333335 0.03 0.051666666666666666
0 0.7616666666666667 0.4125 0.03333333333333333 0.058333333333333334
0 0.7175 0.4 0.021666666666666667 0.07333333333333333
0 0.735 0.395 0.023333333333333334 0.06
0 0.7658333333333334 0.3858333333333333 0.041666666666666664 0.04833333333333333
0 0.7408333333333333 0.3475 0.021666666666666667 0.055
0 0.77 0.3466666666666667 0.016666666666666666 0.07666666666666666
0 0.7875 0.3416666666666667 0.025 0.08666666666666667
0 0.755 0.3233333333333333 0.02 0.07666666666666666
0 0.7691666666666667 0.2875 0.028333333333333332 0.06166666666666667
0 0.7916666666666666 0.2733333333333333 0.02 0.05333333333333334
0 0.125 0.26 0.03666666666666667 0.04
0 0.7825 0.2525 0.025 0.06166666666666667
0 0.16833333333333333 0.23333333333333334 0.03 0.06666666666666667
0 0.4975 0.7875 0.021666666666666667 0.07833333333333334
0 0.5133333333333333 0.7366666666666667 0.023333333333333334 0.06
0 0.535 0.7083333333333334 0.02 0.08333333333333333
0 0.3175 0.655 0.021666666666666667 0.07666666666666666
0 0.3225 0.6258333333333334 0.021666666666666667 0.08166666666666667
0 0.3308333333333333 0.5958333333333333 0.025 0.07833333333333334
0 0.3475 0.5741666666666667 0.025 0.07833333333333334
0 0.39166666666666666 0.54 0.02 0.08
0 0.4266666666666667 0.5358333333333334 0.04 0.041666666666666664
0 0.41333333333333333 0.5266666666666666 0.03 0.05333333333333334
