0 0.45416666666666666 0.48083333333333333 0.028333333333333332 0.08166666666666667
0 0.47 0.5033333333333333 0.02 0.08666666666666667
0 0.4875 0.5141666666666667 0.03166666666666667 0.075
0 0.43 0.5125 0.02 0.08166666666666667
0 0.45916666666666667 0.5291666666666667 0.018333333333333333 0.06166666666666667
0 0.2733333333333333 0.5416666666666666 0.03666666666666667 0.05333333333333334
0 0.23583333333333334 0.5508333333333333 0.03833333333333333 0.03166666666666667
0 0.39 0.5516666666666666 0.04666666666666667 0.03666666666666667
0 0.4875 0.555 0.021666666666666667 0.06
0 0.21666666666666667 0.5583333333333333 0.03333333333333333 0.043333333333333335
0 0.25583333333333336 0.5775 0.035 0.03166666666666667
0 0.6508333333333334 0.625 0.028333333333333332 0.056666666666666664
0 0.7508333333333334 0.6325 0.021666666666666667 0.085
0 0.7816666666666666 0.6533333333333333 0.03666666666666667 0.03666666666666667
0 0.7733333333333333 0.6875 0.02 0.055
0 0.8216666666666667 0.6941666666666667 0.04 0.058333333333333334
0 0.795 0.7008333333333333 0.023333333333333334 0.065
0 0.8183333333333334 0.7141666666666666 0.03333333333333333 0.051666666666666666
0 0.785 0.7308333333333333 0.016666666666666666 0.07166666666666667
0 0.7666666666666667 0.7416666666666667 0.02 0.056666666666666664
0 0.8083333333333333 0.7666666666666667 0.016666666666666666 0.06666666666666667
0 0.7933333333333333 0.7733333333333333 0.02 0.07666666666666666
0 0.8266666666666667 0.7708333333333334 0.023333333333333334 0.07833333333333334
0 0.1425 0.7916666666666666 0.035 0.04
0 0.8225 0.8216666666666667 0.025 0.07
0 0.19416666666666665 0.8141666666666667 0.03833333333333333 0.035
0 0.5291666666666667 0.19916666666666666 0.018333333333333333 0.08166666666666667
0 0.5466666666666666 0.24166666666666667 0.02 0.056666666666666664
0 0.5441666666666667 0.27666666666666667 0.021666666666666667 0.07333333333333333
0 0.42916666666666664 0.2758333333333333 0.041666666666666664 0.041666666666666664
0 0.415 0.30083333333333334 0.043333333333333335 0.035
0 0.39166666666666666 0.325 0.04 0.03666666666666667
0 0.38333333333333336 0.3675 0.03333333333333333 0.055
0 0.44166666666666665 0.47 0.02666666666666667 0.07333333333333333
