0 0.38916666666666666 0.4825 0.03166666666666667 0.03166666666666667
0 0.6858333333333333 0.48583333333333334 0.025 0.06166666666666667
0 0.6683333333333333 0.485 0.016666666666666666 0.06
0 0.385 0.4975 0.023333333333333334 0.025
0 0.6366666666666667 0.4975 0.02666666666666667 0.055
0 0.4191666666666667 0.5066666666666667 0.03166666666666667 0.02666666666666667
0 0.6941666666666667 0.5075 0.018333333333333333 0.04833333333333333
0 0.7083333333333334 0.5191666666666667 0.03 0.055
0 0.405 0.5275 0.023333333333333334 0.04833333333333333
0 0.4191666666666667 0.5258333333333334 0.025 0.035
0 0.6175 0.5191666666666667 0.018333333333333333 0.055
0 0.4675 0.5341666666666667 0.03833333333333333 0.028333333333333332
0 0.5058333333333334 0.5416666666666666 0.035 0.03333333333333333
0 0.5833333333333334 0.5383333333333333 0.023333333333333334 0.05333333333333334
0 0.44166666666666665 0.5475 0.023333333333333334 0.045
0 0.6733333333333333 0.5458333333333333 0.02666666666666667 0.055
0 0.455 0.55 0.03 0.04666666666666667
0 0.7533333333333333 0.5525 0.02 0.04833333333333333
0 0.65 0.5508333333333333 0.013333333333333334 0.075
0 0.41833333333333333 0.5558333333333333 0.03 0.025
0 0.59 0.5525 0.016666666666666666 0.04833333333333333
0 0.6591666666666667 0.5541666666666667 0.021666666666666667 0.065
0 0.6233333333333333 0.04083333333333333 0.03666666666666667 0.045
0 0.4825 0.5641666666666667 0.028333333333333332 0.03166666666666667
0 0.7283333333333334 0.5641666666666667 0.03 0.055
0 0.5958333333333333 0.57 0.015 0.056666666666666664
0 0.7033333333333334 0.57 0.03666666666666667 0.02666666666666667
0 0.5991666666666666 0.043333333333333335 0.035 0.043333333333333335
0 0.61 0.575 0.02 0.05
0 0.5616666666666666 0.5741666666666667 0.016666666666666666 0.051666666666666666
0 0.49583333333333335 0.58 0.03833333333333333 0.02666666666666667
0 0.7308333333333333 0.5808333333333333 0.028333333333333332 0.045
0 0.6725 0.5866666666666667 0.018333333333333333 0.06
0 0.7733333333333333 0.5941666666666666 0.03333333333333333 0.03166666666666667
0 0.5475 0.5966666666666667 0.015 0.06
0 0.5775 0.5975 0.015 0.04833333333333333
0 0.6575 0.6083333333333333 0.015 0.05333333333333334
0 0.6875 0.6016666666666667 0.021666666666666667 0.043333333333333335
0 0.6133333333333333 0.6108333333333333 0.023333333333333334 0.058333333333333334
0 0.49 0.615 0.04 0.043333333333333335
0 0.5083333333333333 0.6216666666666667 0.023333333333333334 0.04666666666666667
0 0.4091666666666667 0.6233333333333333 0.035 0.023333333333333334
0 0.6358333333333334 0.62 0.018333333333333333 0.04666666666666667
0 0.5325 0.6266666666666667 0.015 0.056666666666666664
0 0.49166666666666664 0.6275 0.02666666666666667 0.021666666666666667
0 0.5983333333333334 0.6241666666666666 0.016666666666666666 0.051666666666666666
0 0.5866666666666667 0.6291666666666667 0.013333333333333334 0.055
0 0.7033333333333334 0.6283333333333333 0.03333333333333333 0.043333333333333335
0 0.44916666666666666 0.6366666666666667 0.03166666666666667 0.023333333333333334
0 0.6666666666666666 0.6366666666666667 0.02666666666666667 0.04666666666666667
0 0.515 0.6441666666666667 0.023333333333333334 0.06166666666666667
0 0.5458333333333333 0.6583333333333333 0.0016666666666666668 0.0033333333333333335
0 0.4766666666666667 0.6483333333333333 0.03666666666666667 0.023333333333333334
0 0.6466666666666666 0.6533333333333333 0.016666666666666666 0.04
0 0.5733333333333334 0.7058333333333333 0.006666666666666667 0.005
0 0.63 0.66 0.023333333333333334 0.04
0 0.415 0.6591666666666667 0.03 0.03833333333333333
0 0.5358333333333334 0.6616666666666666 0.021666666666666667 0.06666666666666667
0 0.4925 0.66 0.03833333333333333 0.02666666666666667
0 0.6108333333333333 0.6583333333333333 0.015 0.043333333333333335
0 0.45166666666666666 0.6716666666666666 0.03333333333333333 0.02666666666666667
0 0.5933333333333334 0.6733333333333333 0.016666666666666666 0.05333333333333334
0 0.56 0.6758333333333333 0.016666666666666666 0.06166666666666667
0 0.6541666666666667 0.6766666666666666 0.025 0.03333333333333333
0 0.55 0.68 0.02 0.06666666666666667
0 0.5791666666666667 0.6816666666666666 0.021666666666666667 0.056666666666666664
0 0.5333333333333333 0.6783333333333333 0.016666666666666666 0.03333333333333333
0 0.5091666666666667 0.6925 0.028333333333333332 0.058333333333333334
0 0.4841666666666667 0.6975 0.03833333333333333 0.028333333333333332
0 0.6291666666666667 0.6958333333333333 0.025 0.051666666666666666
0 0.6133333333333333 0.7041666666666667 0.02666666666666667 0.051666666666666666
0 0.595 0.7066666666666667 0.02666666666666667 0.056666666666666664
0 0.5341666666666667 0.7125 0.018333333333333333 0.03833333333333333
0 0.5133333333333333 0.7166666666666667 0.03333333333333333 0.043333333333333335
0 0.5708333333333333 0.7258333333333333 0.035 0.041666666666666664
0 0.51 0.7425 0.03 0.041666666666666664
0 0.49333333333333335 0.25083333333333335 0.03333333333333333 0.025
0 0.5241666666666667 0.24583333333333332 0.03166666666666667 0.035
0 0.545 0.2575 0.02666666666666667 0.021666666666666667
0 0.5725 0.25916666666666666 0.03166666666666667 0.035
0 0.4925 0.27416666666666667 0.03166666666666667 0.025
0 0.45416666666666666 0.2816666666666667 0.041666666666666664 0.043333333333333335
0 0.5383333333333333 0.2791666666666667 0.03333333333333333 0.028333333333333332
0 0.4666666666666667 0.2966666666666667 0.02 0.016666666666666666
0 0.5033333333333333 0.2975 0.03666666666666667 0.025
0 0.53 0.33 0.02666666666666667 0.05333333333333334
0 0.69 0.4058333333333333 0.02 0.051666666666666666
0 0.2891666666666667 0.42 0.03833333333333333 0.03666666666666667
0 0.3233333333333333 0.4475 0.03 0.041666666666666664
0 0.6841666666666667 0.4508333333333333 0.018333333333333333 0.04833333333333333
0 0.3475 0.4658333333333333 0.025 0.041666666666666664
