0 0.42083333333333334 0.5158333333333334 0.015 0.075
0 0.4608333333333333 0.5208333333333334 0.021666666666666667 0.07166666666666667
0 0.4483333333333333 0.5491666666666667 0.023333333333333334 0.06833333333333333
0 0.4525 0.5908333333333333 0.021666666666666667 0.058333333333333334
0 0.43666666666666665 0.6 0.023333333333333334 0.06333333333333334
0 0.4125 0.6016666666666667 0.015 0.06666666666666667
0 0.4008333333333333 0.6241666666666666 0.011666666666666667 0.06833333333333333
0 0.44166666666666665 0.6416666666666667 0.03333333333333333 0.03
0 0.43 0.6433333333333333 0.016666666666666666 0.06
0 0.415 0.65 0.02 0.04
0 0.4066666666666667 0.6741666666666667 0.03666666666666667 0.041666666666666664
0 0.4525 0.6816666666666666 0.028333333333333332 0.02666666666666667
0 0.405 0.6891666666666667 0.03 0.028333333333333332
0 0.45666666666666667 0.7016666666666667 0.023333333333333334 0.02
0 0.43833333333333335 0.7041666666666667 0.02666666666666667 0.045
0 0.4091666666666667 0.7041666666666667 0.035 0.051666666666666666
0 0.4666666666666667 0.7125 0.023333333333333334 0.025
0 0.4375 0.7233333333333334 0.025 0.03666666666666667
0 0.43333333333333335 0.7583333333333333 0.03 0.056666666666666664
0 0.4575 0.7633333333333333 0.028333333333333332 0.03333333333333333
0 0.25666666666666665 0.059166666666666666 0.023333333333333334 0.058333333333333334
0 0.455 0.8033333333333333 0.02 0.056666666666666664
0 0.47583333333333333 0.8016666666666666 0.03166666666666667 0.04666666666666667
0 0.4716666666666667 0.8375 0.016666666666666666 0.055
0 0.49166666666666664 0.8483333333333334 0.02666666666666667 0.03
0 0.4708333333333333 0.8708333333333333 0.03166666666666667 0.051666666666666666
0 0.49583333333333335 0.8741666666666666 0.028333333333333332 0.03166666666666667
0 0.5041666666666667 0.9058333333333334 0.028333333333333332 0.03833333333333333
0 0.48083333333333333 0.9083333333333333 0.025 0.03
0 0.5358333333333334 0.91 0.03166666666666667 0.03666666666666667
0 0.4791666666666667 0.9208333333333333 0.035 0.051666666666666666
0 0.5175 0.9325 0.03166666666666667 0.03166666666666667
0 0.5175 0.9575 0.03166666666666667 0.028333333333333332
0 0.2791666666666667 0.1075 0.035 0.035
0 0.275 0.11916666666666667 0.03 0.058333333333333334
0 0.31583333333333335 0.13916666666666666 0.028333333333333332 0.051666666666666666
0 0.3333333333333333 0.13833333333333334 0.03 0.04
0 0.30083333333333334 0.14166666666666666 0.025 0.04
0 0.3433333333333333 0.17166666666666666 0.03 0.03
0 0.365 0.17916666666666667 0.03333333333333333 0.051666666666666666
0 0.32666666666666666 0.19 0.03333333333333333 0.05333333333333334
0 0.35083333333333333 0.1975 0.025 0.03166666666666667
0 0.38166666666666665 0.23 0.03333333333333333 0.05
0 0.35583333333333333 0.23916666666666667 0.021666666666666667 0.06166666666666667
0 0.40166666666666667 0.23583333333333334 0.03 0.065
0 0.38333333333333336 0.245 0.04 0.08
0 0.375 0.25666666666666665 0.023333333333333334 0.06
0 0.41083333333333333 0.2925 0.025 0.055
0 0.4066666666666667 0.35583333333333333 0.03 0.06833333333333333
0 0.42083333333333334 0.4225 0.021666666666666667 0.065
0 0.4375 0.43833333333333335 0.018333333333333333 0.07333333333333333
0 0.44916666666666666 0.445 0.021666666666666667 0.07666666666666666
0 0.4066666666666667 0.44583333333333336 0.016666666666666666 0.051666666666666666
0 0.4141666666666667 0.4508333333333333 0.028333333333333332 0.07166666666666667
