0 0.3825 0.49583333333333335 0.035 0.045
0 0.36666666666666664 0.49333333333333335 0.03 0.05333333333333334
0 0.4175 0.49333333333333335 0.03833333333333333 0.03333333333333333
0 0.6758333333333333 0.46416666666666667 0.04833333333333333 0.028333333333333332
0 0.7391666666666666 0.4508333333333333 0.035 0.035
0 0.13916666666666666 0.016666666666666666 0.03833333333333333 0.03333333333333333
0 0.7875 0.8933333333333333 0.025 0.07666666666666666
0 0.7616666666666667 0.7625 0.016666666666666666 0.085
0 0.7783333333333333 0.6475 0.02 0.065
0 0.4675 0.6225 0.028333333333333332 0.021666666666666667
0 0.42583333333333334 0.6175 0.03166666666666667 0.028333333333333332
0 0.4483333333333333 0.6075 0.03333333333333333 0.028333333333333332
0 0.3858333333333333 0.5958333333333333 0.03833333333333333 0.03166666666666667
0 0.4825 0.5925 0.03166666666666667 0.041666666666666664
0 0.5066666666666667 0.5866666666666667 0.03 0.04
0 0.41833333333333333 0.5875 0.03333333333333333 0.03166666666666667
0 0.4508333333333333 0.5816666666666667 0.03166666666666667 0.03
0 0.7175 0.5766666666666667 0.028333333333333332 0.056666666666666664
0 0.47833333333333333 0.5725 0.03 0.041666666666666664
0 0.43583333333333335 0.565 0.035 0.03666666666666667
0 0.75 0.5516666666666666 0.03333333333333333 0.05333333333333334
0 0.7666666666666667 0.555 0.016666666666666666 0.06666666666666667
0 0.4675 0.55 0.028333333333333332 0.043333333333333335
0 0.61 0.5441666666666667 0.02 0.06166666666666667
0 0.3925 0.5466666666666666 0.028333333333333332 0.04
0 0.36666666666666664 0.5325 0.03 0.051666666666666666
0 0.45416666666666666 0.5133333333333333 0.03833333333333333 0.02666666666666667
0 0.7033333333333334 0.5008333333333334 0.03333333333333333 0.03833333333333333
0 0.7266666666666667 0.5016666666666667 0.02666666666666667 0.043333333333333335
