0 0.5425 0.5316666666666666 0.03166666666666667 0.023333333333333334
0 0.4725 0.5316666666666666 0.021666666666666667 0.023333333333333334
0 0.49166666666666664 0.525 0.03 0.02666666666666667
0 0.5675 0.5183333333333333 0.028333333333333332 0.02666666666666667
0 0.585 0.5158333333333334 0.016666666666666666 0.065
0 0.5083333333333333 0.5158333333333334 0.03 0.03166666666666667
0 0.5383333333333333 0.5058333333333334 0.02666666666666667 0.028333333333333332
0 0.5675 0.5008333333333334 0.025 0.028333333333333332
0 0.5725 0.4841666666666667 0.03166666666666667 0.025
0 0.5808333333333333 0.47 0.035 0.03333333333333333
0 0.55 0.45416666666666666 0.02666666666666667 0.03833333333333333
0 0.5733333333333334 0.445 0.02666666666666667 0.03333333333333333
0 0.5816666666666667 0.43583333333333335 0.03333333333333333 0.035
0 0.5483333333333333 0.42916666666666664 0.023333333333333334 0.03166666666666667
0 0.5391666666666667 0.405 0.03166666666666667 0.03
0 0.5675 0.3975 0.021666666666666667 0.045
0 0.5358333333333334 0.38 0.03166666666666667 0.03666666666666667
0 0.5466666666666666 0.37 0.023333333333333334 0.04
0 0.54 0.3408333333333333 0.02666666666666667 0.03833333333333333
0 0.5191666666666667 0.3383333333333333 0.028333333333333332 0.02666666666666667
0 0.505 0.31 0.03 0.03
0 0.5283333333333333 0.30333333333333334 0.03333333333333333 0.03333333333333333
0 0.47 0.2891666666666667 0.03 0.025
0 0.5008333333333334 0.2841666666666667 0.028333333333333332 0.025
0 0.5233333333333333 0.27666666666666667 0.023333333333333334 0.03
0 0.5175 0.2658333333333333 0.035 0.051666666666666666
0 0.4575 0.26666666666666666 0.021666666666666667 0.02666666666666667
0 0.485 0.2608333333333333 0.03333333333333333 0.028333333333333332
0 0.5733333333333334 0.71 0.02666666666666667 0.06333333333333334
0 0.5108333333333334 0.6775 0.03833333333333333 0.03833333333333333
0 0.5275 0.6733333333333333 0.03166666666666667 0.03666666666666667
0 0.5266666666666666 0.6575 0.03666666666666667 0.028333333333333332
0 0.5516666666666666 0.6558333333333334 0.016666666666666666 0.07166666666666667
0 0.5841666666666666 0.6425 0.011666666666666667 0.04833333333333333
0 0.5016666666666667 0.6341666666666667 0.02666666666666667 0.025
0 0.5291666666666667 0.6258333333333334 0.028333333333333332 0.021666666666666667
0 0.47583333333333333 0.6266666666666667 0.03166666666666667 0.03
0 0.5758333333333333 0.6233333333333333 0.015 0.07
0 0.5016666666666667 0.6175 0.02666666666666667 0.021666666666666667
0 0.5633333333333334 0.6116666666666667 0.016666666666666666 0.06
0 0.5325 0.6025 0.028333333333333332 0.028333333333333332
0 0.5491666666666667 0.5983333333333334 0.015 0.043333333333333335
0 0.4975 0.5983333333333334 0.03166666666666667 0.03333333333333333
0 0.52 0.5916666666666667 0.03 0.03666666666666667
0 0.4816666666666667 0.5883333333333334 0.02 0.03
0 0.5058333333333334 0.5741666666666667 0.028333333333333332 0.028333333333333332
0 0.5541666666666667 0.5675 0.025 0.025
0 0.4875 0.5683333333333334 0.03166666666666667 0.023333333333333334
0 0.46416666666666667 0.5633333333333334 0.021666666666666667 0.023333333333333334
0 0.5316666666666666 0.5608333333333333 0.02666666666666667 0.021666666666666667
0 0.5741666666666667 0.5591666666666667 0.018333333333333333 0.06166666666666667
0 0.5441666666666667 0.5466666666666666 0.005 0.01
0 0.4875 0.5491666666666667 0.028333333333333332 0.025
0 0.5183333333333333 0.5441666666666667 0.03666666666666667 0.025
