0 0.4033333333333333 0.47833333333333333 0.04 0.02666666666666667
0 0.4325 0.49416666666666664 0.015 0.058333333333333334
0 0.4166666666666667 0.5558333333333333 0.0033333333333333335 0.0016666666666666668
0 0.4141666666666667 0.5316666666666666 0.015 0.056666666666666664
0 0.395 0.5725 0.02 0.07833333333333334
0 0.455 0.9941666666666666 0.03 0.011666666666666667
0 0.155 0.25583333333333336 0.043333333333333335 0.035
0 0.375 0.28833333333333333 0.023333333333333334 0.03
0 0.3466666666666667 0.295 0.03333333333333333 0.03333333333333333
0 0.3258333333333333 0.305 0.028333333333333332 0.02666666666666667
0 0.37916666666666665 0.315 0.028333333333333332 0.03333333333333333
0 0.4 0.3275 0.02 0.06166666666666667
0 0.35083333333333333 0.3258333333333333 0.021666666666666667 0.035
0 0.31916666666666665 0.3283333333333333 0.035 0.023333333333333334
0 0.37833333333333335 0.3325 0.03666666666666667 0.03166666666666667
0 0.415 0.35 0.013333333333333334 0.06333333333333334
0 0.3441666666666667 0.34833333333333333 0.035 0.03
0 0.37916666666666665 0.35833333333333334 0.035 0.02666666666666667
0 0.4266666666666667 0.36666666666666664 0.016666666666666666 0.06
0 0.39416666666666667 0.37333333333333335 0.03166666666666667 0.03
0 0.4033333333333333 0.39916666666666667 0.03333333333333333 0.025
0 0.38416666666666666 0.4216666666666667 0.018333333333333333 0.06666666666666667
0 0.4266666666666667 0.4425 0.03666666666666667 0.03166666666666667
