0 0.68 0.49 0.04 0.05333333333333334
0 0.7875 0.49 0.021666666666666667 0.02666666666666667
0 0.7441666666666666 0.49333333333333335 0.03166666666666667 0.03666666666666667
0 0.3308333333333333 0.49333333333333335 0.025 0.03
0 0.7275 0.5008333333333334 0.03833333333333333 0.03166666666666667
0 0.24416666666666667 0.5066666666666667 0.018333333333333333 0.05333333333333334
0 0.30916666666666665 0.5091666666666667 0.015 0.051666666666666666
0 0.2683333333333333 0.5141666666666667 0.016666666666666666 0.04833333333333333
0 0.215 0.5191666666666667 0.02 0.06166666666666667
0 0.7741666666666667 0.5216666666666666 0.025 0.03666666666666667
0 0.8008333333333333 0.5241666666666667 0.028333333333333332 0.045
0 0.745 0.5266666666666666 0.03333333333333333 0.03
0 0.2816666666666667 0.5283333333333333 0.013333333333333334 0.056666666666666664
0 0.295 0.5316666666666666 0.016666666666666666 0.05
0 0.26 0.5391666666666667 0.016666666666666666 0.06166666666666667
0 0.034166666666666665 0.535 0.028333333333333332 0.05
0 0.7983333333333333 0.5416666666666666 0.02666666666666667 0.04666666666666667
0 0.7608333333333334 0.5433333333333333 0.035 0.03
0 0.23916666666666667 0.54 0.015 0.06666666666666667
0 0.05 0.5591666666666667 0.02666666666666667 0.051666666666666666
0 0.3125 0.56 0.015 0.06333333333333334
0 0.725 0.5608333333333333 0.03333333333333333 0.055
0 0.2725 0.5625 0.021666666666666667 0.051666666666666666
0 0.28833333333333333 0.5625 0.016666666666666666 0.045
0 0.7841666666666667 0.56 0.018333333333333333 0.03666666666666667
0 0.2525 0.5666666666666667 0.018333333333333333 0.05
0 0.75 0.5733333333333334 0.03333333333333333 0.03666666666666667
0 0.8016666666666666 0.5741666666666667 0.023333333333333334 0.04833333333333333
0 0.23083333333333333 0.5733333333333334 0.021666666666666667 0.06
0 0.82 0.5875 0.02 0.051666666666666666
0 0.09916666666666667 0.5858333333333333 0.035 0.04833333333333333
0 0.30666666666666664 0.59 0.023333333333333334 0.07
0 0.050833333333333335 0.5975 0.035 0.035
0 0.07583333333333334 0.5966666666666667 0.03166666666666667 0.043333333333333335
0 0.2733333333333333 0.5983333333333334 0.016666666666666666 0.03666666666666667
0 0.28833333333333333 0.6041666666666666 0.016666666666666666 0.051666666666666666
0 0.2525 0.6075 0.025 0.04833333333333333
0 0.17583333333333334 0.61 0.035 0.04
0 0.2658333333333333 0.6125 0.018333333333333333 0.051666666666666666
0 0.30416666666666664 0.6183333333333333 0.028333333333333332 0.05333333333333334
0 0.10416666666666667 0.6308333333333334 0.028333333333333332 0.045
0 0.12333333333333334 0.6366666666666667 0.02 0.05333333333333334
0 0.8225 0.6333333333333333 0.03166666666666667 0.04666666666666667
0 0.8091666666666667 0.6375 0.035 0.03833333333333333
0 0.2841666666666667 0.6358333333333334 0.021666666666666667 0.03833333333333333
0 0.8425 0.6433333333333333 0.025 0.043333333333333335
0 0.1325 0.6466666666666666 0.035 0.07333333333333333
0 0.20416666666666666 0.6525 0.025 0.058333333333333334
0 0.18583333333333332 0.6525 0.035 0.04833333333333333
0 0.8658333333333333 0.6541666666666667 0.025 0.028333333333333332
0 0.265 0.6566666666666666 0.03333333333333333 0.04
0 0.30833333333333335 0.6591666666666667 0.03666666666666667 0.041666666666666664
0 0.15333333333333332 0.6625 0.02666666666666667 0.051666666666666666
0 0.23666666666666666 0.6666666666666666 0.03666666666666667 0.05333333333333334
0 0.095 0.6641666666666667 0.03333333333333333 0.06166666666666667
0 0.29333333333333333 0.6675 0.03 0.03833333333333333
0 0.8283333333333334 0.6675 0.03 0.025
0 0.25916666666666666 0.6708333333333333 0.025 0.03166666666666667
0 0.8725 0.6891666666666667 0.03833333333333333 0.041666666666666664
0 0.23083333333333333 0.6916666666666667 0.03166666666666667 0.05333333333333334
0 0.8708333333333333 0.6891666666666667 0.03833333333333333 0.041666666666666664
0 0.31166666666666665 0.6916666666666667 0.03333333333333333 0.02666666666666667
0 0.8375 0.7133333333333334 0.0016666666666666668 0.0033333333333333335
0 0.13666666666666666 0.6958333333333333 0.03333333333333333 0.041666666666666664
0 0.20083333333333334 0.6966666666666667 0.041666666666666664 0.03666666666666667
0 0.21416666666666667 0.7 0.041666666666666664 0.043333333333333335
0 0.8283333333333334 0.705 0.02666666666666667 0.02666666666666667
0 0.16916666666666666 0.715 0.028333333333333332 0.043333333333333335
0 0.155 0.7258333333333333 0.03333333333333333 0.028333333333333332
0 0.2025 0.7308333333333333 0.03833333333333333 0.028333333333333332
0 0.9291666666666667 0.19916666666666666 0.028333333333333332 0.051666666666666666
0 0.7775 0.20333333333333334 0.021666666666666667 0.07333333333333333
0 0.88 0.0125 0.04666666666666667 0.025
0 0.9291666666666667 0.25083333333333335 0.035 0.06166666666666667
0 0.9475 0.27166666666666667 0.035 0.07333333333333333
0 0.6233333333333333 0.2916666666666667 0.016666666666666666 0.07666666666666666
0 0.925 0.29583333333333334 0.02 0.06166666666666667
0 0.9075 0.31416666666666665 0.021666666666666667 0.065
0 0.6116666666666667 0.31083333333333335 0.023333333333333334 0.058333333333333334
0 0.6408333333333334 0.3566666666666667 0.025 0.07666666666666666
0 0.6166666666666667 0.365 0.02666666666666667 0.06666666666666667
0 0.6341666666666667 0.3858333333333333 0.021666666666666667 0.07833333333333334
0 0.905 0.3883333333333333 0.023333333333333334 0.08333333333333333
0 0.6666666666666666 0.4116666666666667 0.02666666666666667 0.04666666666666667
0 0.2791666666666667 0.42916666666666664 0.028333333333333332 0.06166666666666667
0 0.655 0.43 0.023333333333333334 0.05
0 0.6925 0.43416666666666665 0.025 0.03166666666666667
0 0.7266666666666667 0.435 0.02666666666666667 0.02666666666666667
0 0.2525 0.44 0.018333333333333333 0.04
0 0.6808333333333333 0.45166666666666666 0.028333333333333332 0.03333333333333333
0 0.7116666666666667 0.46166666666666667 0.03 0.03666666666666667
0 0.28 0.4633333333333333 0.023333333333333334 0.07
0 0.7391666666666666 0.46416666666666667 0.028333333333333332 0.03166666666666667
0 0.26916666666666667 0.4666666666666667 0.018333333333333333 0.056666666666666664
0 0.3 0.4741666666666667 0.016666666666666666 0.06166666666666667
0 0.7 0.4791666666666667 0.03 0.03166666666666667
0 0.7675 0.4816666666666667 0.025 0.06333333333333334
