0 0.4841666666666667 0.49083333333333334 0.051666666666666666 0.085
0 0.4925 0.6008333333333333 0.04833333333333333 0.085
0 0.4508333333333333 0.12666666666666668 0.058333333333333334 0.08
0 0.5466666666666666 0.22 0.04 0.13
0 0.8841666666666667 0.24416666666666667 0.07833333333333334 0.085
0 0.9933333333333333 0.255 0.013333333333333334 0.023333333333333334
0 0.48833333333333334 0.2725 0.05 0.13166666666666665
0 0.6866666666666666 0.32416666666666666 0.056666666666666664 0.09833333333333333
0 0.5091666666666667 0.37333333333333335 0.028333333333333332 0.11333333333333333
0 0.8766666666666667 0.4125 0.06333333333333334 0.09833333333333333
0 0.6325 0.42 0.07166666666666667 0.06333333333333334
