0 0.17333333333333334 0.5883333333333334 0.02666666666666667 0.043333333333333335
0 0.22166666666666668 0.5966666666666667 0.023333333333333334 0.06
0 0.20083333333333334 0.6341666666666667 0.0016666666666666668 0.0016666666666666668
0 0.20416666666666666 0.6108333333333333 0.021666666666666667 0.055
0 0.25666666666666665 0.6225 0.03 0.028333333333333332
0 0.17166666666666666 0.6233333333333333 0.023333333333333334 0.06
0 0.23333333333333334 0.6458333333333334 0.02 0.07833333333333334
0 0.19166666666666668 0.66 0.03666666666666667 0.04
0 0.24666666666666667 0.6591666666666667 0.03 0.055
0 0.4975 0.6958333333333333 0.015 0.075
0 0.49 0.7175 0.02 0.075
0 0.23666666666666666 0.7216666666666667 0.023333333333333334 0.06333333333333334
0 0.51 0.7325 0.016666666666666666 0.075
0 0.24166666666666667 0.75 0.023333333333333334 0.05333333333333334
0 0.21166666666666667 0.7758333333333334 0.023333333333333334 0.085
0 0.5075 0.785 0.018333333333333333 0.06666666666666667
0 0.49666666666666665 0.7908333333333334 0.023333333333333334 0.065
0 0.22333333333333333 0.7916666666666666 0.023333333333333334 0.056666666666666664
0 0.2425 0.815 0.025 0.07
0 0.5208333333333334 0.8191666666666667 0.018333333333333333 0.06833333333333333
0 0.6558333333333334 0.07 0.021666666666666667 0.05333333333333334
0 0.5925 0.07166666666666667 0.018333333333333333 0.05333333333333334
0 0.22083333333333333 0.8333333333333334 0.018333333333333333 0.03666666666666667
0 0.125 0.8433333333333334 0.03666666666666667 0.06666666666666667
0 0.5358333333333334 0.85 0.021666666666666667 0.06666666666666667
0 0.5175 0.8733333333333333 0.025 0.06
0 0.21916666666666668 0.8816666666666667 0.025 0.07333333333333333
0 0.2275 0.8825 0.018333333333333333 0.045
0 0.5 0.8866666666666667 0.023333333333333334 0.07333333333333333
0 0.48333333333333334 0.9025 0.02666666666666667 0.06166666666666667
0 0.5133333333333333 0.9208333333333333 0.023333333333333334 0.04833333333333333
0 0.20166666666666666 0.0775 0.016666666666666666 0.09166666666666666
0 0.4866666666666667 0.9591666666666666 0.03 0.06166666666666667
0 0.5033333333333333 0.9683333333333334 0.03333333333333333 0.06333333333333334
0 0.4716666666666667 0.9666666666666667 0.02666666666666667 0.06
0 0.5783333333333334 0.07916666666666666 0.016666666666666666 0.055
0 0.4766666666666667 0.9908333333333333 0.02 0.018333333333333333
0 0.6725 0.09583333333333334 0.021666666666666667 0.08166666666666667
0 0.6433333333333333 0.0075 0.013333333333333334 0.015
0 0.69 0.13583333333333333 0.013333333333333334 0.07166666666666667
0 0.5966666666666667 0.13166666666666665 0.016666666666666666 0.07333333333333333
0 0.5825 0.13833333333333334 0.021666666666666667 0.07
0 0.61 0.1475 0.013333333333333334 0.058333333333333334
0 0.6233333333333333 0.165 0.02 0.06666666666666667
0 0.5725 0.014166666666666666 0.021666666666666667 0.028333333333333332
0 0.6041666666666666 0.19833333333333333 0.021666666666666667 0.06333333333333334
0 0.6208333333333333 0.2 0.018333333333333333 0.05333333333333334
0 0.05 0.013333333333333334 0.016666666666666666 0.02666666666666667
0 0.6358333333333334 0.22583333333333333 0.015 0.051666666666666666
0 0.6275 0.26166666666666666 0.025 0.07666666666666666
0 0.6983333333333334 0.2658333333333333 0.016666666666666666 0.08166666666666667
0 0.66 0.2808333333333333 0.023333333333333334 0.045
0 0.6441666666666667 0.2758333333333333 0.011666666666666667 0.035
0 0.685 0.30083333333333334 0.02666666666666667 0.045
0 0.6625 0.31166666666666665 0.028333333333333332 0.03666666666666667
0 0.6583333333333333 0.3458333333333333 0.03333333333333333 0.07166666666666667
0 0.6858333333333333 0.3408333333333333 0.025 0.055
0 0.1475 0.35583333333333333 0.025 0.07833333333333334
0 0.7083333333333334 0.3575 0.02666666666666667 0.058333333333333334
0 0.11416666666666667 0.38 0.025 0.05333333333333334
0 0.6175 0.028333333333333332 0.021666666666666667 0.056666666666666664
0 0.71 0.3958333333333333 0.03333333333333333 0.03166666666666667
0 0.5966666666666667 0.41083333333333333 0.02 0.06833333333333333
0 0.12166666666666667 0.41583333333333333 0.02 0.06166666666666667
0 0.5125 0.4241666666666667 0.021666666666666667 0.07833333333333334
0 0.5266666666666666 0.435 0.016666666666666666 0.04666666666666667
0 0.105 0.445 0.02 0.06666666666666667
0 0.5483333333333333 0.4475 0.02 0.041666666666666664
0 0.4266666666666667 0.4741666666666667 0.02666666666666667 0.065
0 0.11416666666666667 0.49166666666666664 0.021666666666666667 0.07666666666666666
