0 0.015 0.44916666666666666 0.03 0.045
0 0.10666666666666667 0.4766666666666667 0.04 0.043333333333333335
0 0.3441666666666667 0.485 0.025 0.06666666666666667
0 0.565 0.5166666666666667 0.02 0.07
0 0.46416666666666667 0.5358333333333334 0.021666666666666667 0.07166666666666667
0 0.01 0.5541666666666667 0.02 0.051666666666666666
0 0.49916666666666665 0.5683333333333334 0.025 0.06666666666666667
0 0.14083333333333334 0.5841666666666666 0.025 0.07166666666666667
0 0.3641666666666667 0.5841666666666666 0.018333333333333333 0.07166666666666667
0 0.10583333333333333 0.6316666666666667 0.028333333333333332 0.07
0 0.7016666666666667 0.6416666666666667 0.03333333333333333 0.05
0 0.7258333333333333 0.6758333333333333 0.03833333333333333 0.045
0 0.6358333333333334 0.7708333333333334 0.041666666666666664 0.035
0 0.1825 0.7733333333333333 0.035 0.06666666666666667
0 0.7125 0.7991666666666667 0.041666666666666664 0.03833333333333333
0 0.72 0.8683333333333333 0.03 0.06
0 0.9408333333333333 0.8733333333333333 0.028333333333333332 0.07
0 0.7633333333333333 0.8975 0.03666666666666667 0.06833333333333333
0 0.97 0.9758333333333333 0.04 0.04833333333333333
0 0.7816666666666666 0.9941666666666666 0.03666666666666667 0.011666666666666667
