0 0.3325 0.51 0.055 0.07666666666666666
0 0.5425 0.945 0.055 0.08333333333333333
0 0.9958333333333333 0.3441666666666667 0.008333333333333333 0.09166666666666666
0 0.2941666666666667 0.335 0.051666666666666666 0.09333333333333334
0 0.815 0.14833333333333334 0.043333333333333335 0.11333333333333333
0 0.4825 0.9183333333333333 0.041666666666666664 0.09666666666666666
0 0.9516666666666667 0.049166666666666664 0.043333333333333335 0.09833333333333333
0 0.8716666666666667 0.009166666666666667 0.023333333333333334 0.018333333333333333
0 0.30333333333333334 0.8725 0.056666666666666664 0.10166666666666667
0 0.4375 0.8591666666666666 0.051666666666666666 0.08833333333333333
0 0.2733333333333333 0.7791666666666667 0.05333333333333334 0.095
0 0.8058333333333333 0.7591666666666667 0.07166666666666667 0.065
0 0.20666666666666667 0.7208333333333333 0.056666666666666664 0.075
0 0.94 0.6075 0.03 0.13833333333333334
