0 0.12166666666666667 0.43166666666666664 0.0033333333333333335 0.0033333333333333335
0 0.41833333333333333 0.47 0.03666666666666667 0.04666666666666667
0 0.43916666666666665 0.4708333333333333 0.018333333333333333 0.018333333333333333
0 0.1725 0.4716666666666667 0.028333333333333332 0.04666666666666667
0 0.13916666666666666 0.49916666666666665 0.0016666666666666668 0.005
0 0.15166666666666667 0.4825 0.02666666666666667 0.04833333333333333
0 0.18 0.495 0.023333333333333334 0.016666666666666666
0 0.45166666666666666 0.5108333333333334 0.02666666666666667 0.025
0 0.16833333333333333 0.5116666666666667 0.03 0.03333333333333333
0 0.43416666666666665 0.5225 0.03166666666666667 0.035
0 0.12666666666666668 0.5225 0.02 0.058333333333333334
0 0.16833333333333333 0.5308333333333334 0.03 0.045
0 0.41 0.5283333333333333 0.02 0.06666666666666667
0 0.15 0.5383333333333333 0.02666666666666667 0.056666666666666664
0 0.1125 0.5416666666666666 0.018333333333333333 0.07
0 0.14833333333333334 0.5741666666666667 0.016666666666666666 0.03833333333333333
0 0.1325 0.58 0.021666666666666667 0.05333333333333334
0 0.12333333333333334 0.6208333333333333 0.016666666666666666 0.06833333333333333
0 0.14416666666666667 0.6358333333333334 0.028333333333333332 0.058333333333333334
0 0.5008333333333334 0.6483333333333333 0.03833333333333333 0.043333333333333335
0 0.4975 0.6391666666666667 0.0016666666666666668 0.0016666666666666668
0 0.5366666666666666 0.6591666666666667 0.04 0.028333333333333332
0 0.23666666666666666 0.6683333333333333 0.02666666666666667 0.06
0 0.14916666666666667 0.68 0.025 0.04
0 0.575 0.6891666666666667 0.04666666666666667 0.03166666666666667
0 0.465 0.705 0.03666666666666667 0.03666666666666667
0 0.7241666666666666 0.7058333333333333 0.025 0.035
0 0.8683333333333333 0.7108333333333333 0.03 0.035
0 0.9183333333333333 0.7233333333333334 0.02666666666666667 0.08
0 0.9783333333333334 0.7366666666666667 0.02 0.056666666666666664
0 0.8166666666666667 0.7408333333333333 0.04 0.055
0 0.43666666666666665 0.75 0.03666666666666667 0.03333333333333333
0 0.7791666666666667 0.7658333333333334 0.025 0.06833333333333333
0 0.8233333333333334 0.7683333333333333 0.023333333333333334 0.04666666666666667
0 0.7933333333333333 0.785 0.03666666666666667 0.043333333333333335
0 0.2866666666666667 0.8 0.03333333333333333 0.05333333333333334
0 0.805 0.7983333333333333 0.03333333333333333 0.023333333333333334
0 0.9833333333333333 0.7975 0.02666666666666667 0.07166666666666667
0 0.7883333333333333 0.815 0.04666666666666667 0.023333333333333334
0 0.8183333333333334 0.8241666666666667 0.02666666666666667 0.03166666666666667
0 0.9258333333333333 0.8241666666666667 0.03833333333333333 0.04833333333333333
0 0.28 0.8358333333333333 0.04 0.025
0 0.7833333333333333 0.8391666666666666 0.05333333333333334 0.028333333333333332
0 0.8183333333333334 0.8433333333333334 0.02666666666666667 0.02
0 0.7991666666666667 0.8625 0.028333333333333332 0.021666666666666667
0 0.95 0.8716666666666667 0.023333333333333334 0.06
0 0.9875 0.8708333333333333 0.021666666666666667 0.06166666666666667
0 0.24583333333333332 0.8808333333333334 0.03833333333333333 0.058333333333333334
0 0.17333333333333334 0.9191666666666667 0.02 0.06166666666666667
0 0.17 0.9858333333333333 0.023333333333333334 0.028333333333333332
0 0.1225 0.12083333333333333 0.035 0.041666666666666664
0 0.11333333333333333 0.17 0.023333333333333334 0.06333333333333334
0 0.11333333333333333 0.22666666666666666 0.02 0.06666666666666667
0 0.335 0.23666666666666666 0.02 0.08
0 0.8108333333333333 0.23916666666666667 0.035 0.058333333333333334
0 0.12916666666666668 0.2783333333333333 0.021666666666666667 0.05333333333333334
0 0.7783333333333333 0.2758333333333333 0.0033333333333333335 0.005
0 0.13416666666666666 0.3375 0.0016666666666666668 0.0016666666666666668
0 0.1575 0.3458333333333333 0.0016666666666666668 0.0016666666666666668
0 0.1175 0.34 0.015 0.05
0 0.15333333333333332 0.35 0.016666666666666666 0.056666666666666664
0 0.8391666666666666 0.3541666666666667 0.03166666666666667 0.06166666666666667
0 0.12666666666666668 0.3775 0.016666666666666666 0.06833333333333333
0 0.14333333333333334 0.38916666666666666 0.02 0.058333333333333334
0 0.16 0.39916666666666667 0.02 0.065
0 0.18083333333333335 0.41083333333333333 0.021666666666666667 0.065
0 0.11 0.4216666666666667 0.02 0.06
0 0.1475 0.43083333333333335 0.015 0.051666666666666666
0 0.1925 0.43666666666666665 0.021666666666666667 0.06666666666666667
0 0.1175 0.44083333333333335 0.028333333333333332 0.06833333333333333
0 0.42083333333333334 0.445 0.03833333333333333 0.03666666666666667
0 0.15916666666666668 0.44666666666666666 0.025 0.02666666666666667
