0 0.475 0.49333333333333335 0.023333333333333334 0.08
0 0.5233333333333333 0.015833333333333335 0.016666666666666666 0.03166666666666667
0 0.5008333333333334 0.02666666666666667 0.025 0.05333333333333334
0 0.54 0.030833333333333334 0.016666666666666666 0.06166666666666667
0 0.4925 0.045 0.028333333333333332 0.06333333333333334
0 0.4708333333333333 0.0475 0.021666666666666667 0.035
0 0.4525 0.04833333333333333 0.03833333333333333 0.04
0 0.5325 0.0575 0.018333333333333333 0.06166666666666667
0 0.4891666666666667 0.0675 0.018333333333333333 0.04833333333333333
0 0.5141666666666667 0.07916666666666666 0.018333333333333333 0.041666666666666664
0 0.4741666666666667 0.10166666666666667 0.015 0.07333333333333333
0 0.5033333333333333 0.11083333333333334 0.016666666666666666 0.051666666666666666
0 0.4875 0.10666666666666667 0.015 0.043333333333333335
0 0.5175 0.12666666666666668 0.018333333333333333 0.056666666666666664
0 0.49333333333333335 0.15833333333333333 0.016666666666666666 0.06333333333333334
0 0.5066666666666667 0.1625 0.016666666666666666 0.058333333333333334
0 0.5233333333333333 0.18166666666666667 0.02 0.06
0 0.4691666666666667 0.19083333333333333 0.021666666666666667 0.07166666666666667
0 0.5425 0.195 0.018333333333333333 0.08333333333333333
0 0.6066666666666667 0.2 0.043333333333333335 0.03666666666666667
0 0.5125 0.20666666666666667 0.015 0.06666666666666667
0 0.49833333333333335 0.22833333333333333 0.016666666666666666 0.07333333333333333
0 0.5566666666666666 0.24416666666666667 0.016666666666666666 0.07833333333333334
0 0.5766666666666667 0.25083333333333335 0.016666666666666666 0.07166666666666667
0 0.5641666666666667 0.28583333333333333 0.015 0.06166666666666667
0 0.5875 0.2941666666666667 0.028333333333333332 0.058333333333333334
0 0.5166666666666667 0.30333333333333334 0.016666666666666666 0.07333333333333333
0 0.4891666666666667 0.425 0.041666666666666664 0.05333333333333334
