0 0.23083333333333333 0.52 0.021666666666666667 0.07666666666666666
0 0.6025 0.4483333333333333 0.03833333333333333 0.04666666666666667
0 0.6325 0.4225 0.03833333333333333 0.051666666666666666
0 0.5783333333333334 0.32916666666666666 0.04666666666666667 0.03833333333333333
0 0.025833333333333333 0.30666666666666664 0.041666666666666664 0.07
0 0.6375 0.2975 0.035 0.06166666666666667
0 0.725 0.2733333333333333 0.03666666666666667 0.06666666666666667
0 0.6283333333333333 0.205 0.03666666666666667 0.06
0 0.8675 0.2025 0.028333333333333332 0.075
0 0.029166666666666667 0.10416666666666667 0.035 0.08166666666666667
0 0.255 0.0725 0.023333333333333334 0.085
0 0.9075 0.07083333333333333 0.03833333333333333 0.058333333333333334
0 0.9533333333333334 0.059166666666666666 0.02666666666666667 0.085
0 0.6916666666666667 0.0475 0.043333333333333335 0.045
0 0.8533333333333334 0.030833333333333334 0.04666666666666667 0.06166666666666667
0 0.185 0.6816666666666666 0.03666666666666667 0.05
0 0.45 0.5941666666666666 0.02 0.07833333333333334
0 0.3383333333333333 0.5725 0.023333333333333334 0.075
0 0.3775 0.545 0.025 0.06666666666666667
