0 0.85 0.5833333333333334 0.03666666666666667 0.04
0 0.565 0.9908333333333333 0.016666666666666666 0.018333333333333333
0 0.5891666666666666 0.9675 0.018333333333333333 0.065
0 0.5983333333333334 0.8658333333333333 0.03 0.075
0 0.5425 0.8583333333333333 0.03833333333333333 0.03666666666666667
0 0.5016666666666667 0.85 0.04666666666666667 0.043333333333333335
0 0.7175 0.8291666666666667 0.03833333333333333 0.055
0 0.515 0.8283333333333334 0.03333333333333333 0.02666666666666667
0 0.7416666666666667 0.8241666666666667 0.03 0.051666666666666666
0 0.4533333333333333 0.8258333333333333 0.043333333333333335 0.045
0 0.7708333333333334 0.8183333333333334 0.041666666666666664 0.05333333333333334
0 0.5333333333333333 0.8141666666666667 0.043333333333333335 0.03833333333333333
0 0.48833333333333334 0.8083333333333333 0.04 0.04
0 0.4691666666666667 0.8108333333333333 0.03833333333333333 0.045
0 0.7491666666666666 0.7658333333333334 0.018333333333333333 0.058333333333333334
0 0.805 0.7558333333333334 0.03333333333333333 0.06166666666666667
0 0.6325 0.7391666666666666 0.03166666666666667 0.065
0 0.8175 0.7591666666666667 0.0016666666666666668 0.0016666666666666668
0 0.8166666666666667 0.65 0.016666666666666666 0.03333333333333333
0 0.8141666666666667 0.6308333333333334 0.03833333333333333 0.06833333333333333
