0 0.8633333333333333 0.5358333333333334 0.02666666666666667 0.03166666666666667
0 0.8883333333333333 0.535 0.023333333333333334 0.06
0 0.5433333333333333 0.5316666666666666 0.03 0.06333333333333334
0 0.8691666666666666 0.5225 0.025 0.041666666666666664
0 0.9116666666666666 0.515 0.02666666666666667 0.07
0 0.8908333333333334 0.5133333333333333 0.03166666666666667 0.05333333333333334
0 0.0825 0.5033333333333333 0.021666666666666667 0.06333333333333334
0 0.9083333333333333 0.45416666666666666 0.02 0.051666666666666666
0 0.21 0.45416666666666666 0.043333333333333335 0.041666666666666664
0 0.89 0.44666666666666666 0.023333333333333334 0.056666666666666664
0 0.9133333333333333 0.42583333333333334 0.023333333333333334 0.055
0 0.5041666666666667 0.42 0.041666666666666664 0.03
0 0.215 0.4175 0.03333333333333333 0.03833333333333333
0 0.8908333333333334 0.40166666666666667 0.028333333333333332 0.04666666666666667
0 0.245 0.4 0.043333333333333335 0.043333333333333335
0 0.21333333333333335 0.3908333333333333 0.04 0.04833333333333333
0 0.8025 0.3875 0.028333333333333332 0.065
0 0.3 0.38166666666666665 0.03 0.04
0 0.035 0.37166666666666665 0.023333333333333334 0.06666666666666667
0 0.09666666666666666 0.37333333333333335 0.02666666666666667 0.08
0 0.20333333333333334 0.36 0.03333333333333333 0.06333333333333334
0 0.8825 0.36083333333333334 0.03166666666666667 0.045
0 0.22 0.3525 0.02 0.03833333333333333
0 0.235 0.3458333333333333 0.013333333333333334 0.065
0 0.195 0.3308333333333333 0.023333333333333334 0.051666666666666666
0 0.2375 0.37666666666666665 0.005 0.0033333333333333335
0 0.2225 0.30916666666666665 0.035 0.035
0 0.9091666666666667 0.9675 0.03833333333333333 0.051666666666666666
0 0.028333333333333332 0.305 0.023333333333333334 0.07333333333333333
0 0.7325 0.29583333333333334 0.03166666666666667 0.051666666666666666
0 0.2175 0.29333333333333333 0.03833333333333333 0.023333333333333334
0 0.08333333333333333 0.2816666666666667 0.03666666666666667 0.06
0 0.19916666666666666 0.27416666666666667 0.03166666666666667 0.04833333333333333
0 0.22666666666666666 0.2725 0.05 0.021666666666666667
0 0.195 0.25833333333333336 0.03 0.03666666666666667
0 0.235 0.25666666666666665 0.04666666666666667 0.043333333333333335
0 0.06333333333333334 0.25166666666666665 0.02666666666666667 0.056666666666666664
0 0.7116666666666667 0.25166666666666665 0.016666666666666666 0.06333333333333334
0 0.7483333333333333 0.24166666666666667 0.03 0.056666666666666664
0 0.21416666666666667 0.2325 0.028333333333333332 0.018333333333333333
0 0.195 0.22666666666666666 0.016666666666666666 0.04
0 0.8633333333333333 0.12416666666666666 0.023333333333333334 0.075
0 0.019166666666666665 0.08416666666666667 0.021666666666666667 0.08166666666666667
0 0.8691666666666666 0.06833333333333333 0.03166666666666667 0.07666666666666666
0 0.9325 0.91 0.03166666666666667 0.07666666666666666
0 0.21583333333333332 0.9166666666666666 0.0016666666666666668 0.0033333333333333335
0 0.22 0.8391666666666666 0.04 0.06166666666666667
0 0.7083333333333334 0.8391666666666666 0.023333333333333334 0.08166666666666667
0 0.9083333333333333 0.7625 0.023333333333333334 0.04833333333333333
0 0.185 0.7525 0.03333333333333333 0.06833333333333333
0 0.8908333333333334 0.7216666666666667 0.025 0.07
0 0.9075 0.7033333333333334 0.018333333333333333 0.06333333333333334
0 0.9175 0.7008333333333333 0.011666666666666667 0.055
0 0.89 0.6908333333333333 0.023333333333333334 0.06166666666666667
0 0.9333333333333333 0.6766666666666666 0.02 0.056666666666666664
0 0.9091666666666667 0.6591666666666667 0.015 0.035
0 0.9216666666666666 0.6575 0.013333333333333334 0.03833333333333333
0 0.8633333333333333 0.6575 0.023333333333333334 0.051666666666666666
0 0.895 0.6466666666666666 0.013333333333333334 0.043333333333333335
0 0.9175 0.6366666666666667 0.018333333333333333 0.02666666666666667
0 0.8841666666666667 0.635 0.018333333333333333 0.05
0 0.8516666666666667 0.6275 0.02 0.07166666666666667
0 0.8983333333333333 0.6241666666666666 0.02 0.035
0 0.5975 0.6166666666666667 0.03833333333333333 0.043333333333333335
0 0.935 0.6133333333333333 0.016666666666666666 0.06
0 0.5691666666666667 0.5991666666666666 0.03166666666666667 0.021666666666666667
0 0.8641666666666666 0.5975 0.015 0.06833333333333333
0 0.8916666666666667 0.5891666666666666 0.013333333333333334 0.04833333333333333
0 0.9208333333333333 0.59 0.015 0.06
0 0.5808333333333333 0.5875 0.041666666666666664 0.035
0 0.8775 0.5858333333333333 0.018333333333333333 0.06166666666666667
0 0.9075 0.5808333333333333 0.018333333333333333 0.04833333333333333
0 0.6258333333333334 0.5741666666666667 0.021666666666666667 0.06833333333333333
0 0.8558333333333333 0.5691666666666667 0.021666666666666667 0.028333333333333332
0 0.5766666666666667 0.5566666666666666 0.04 0.03666666666666667
