0 0.5041666666666667 0.5341666666666667 0.015 0.06166666666666667
0 0.32416666666666666 0.5383333333333333 0.015 0.06333333333333334
0 0.4216666666666667 0.5325 0.02 0.06166666666666667
0 0.47333333333333333 0.5366666666666666 0.02 0.06
0 0.44 0.53 0.016666666666666666 0.05
0 0.40166666666666667 0.5266666666666666 0.016666666666666666 0.056666666666666664
0 0.45916666666666667 0.5166666666666667 0.021666666666666667 0.04666666666666667
0 0.3016666666666667 0.515 0.016666666666666666 0.05333333333333334
0 0.4325 0.5133333333333333 0.015 0.05333333333333334
0 0.26416666666666666 0.49666666666666665 0.018333333333333333 0.06
0 0.4558333333333333 0.49333333333333335 0.018333333333333333 0.05333333333333334
0 0.4116666666666667 0.49333333333333335 0.016666666666666666 0.05333333333333334
0 0.5141666666666667 0.4875 0.018333333333333333 0.041666666666666664
0 0.47583333333333333 0.49 0.015 0.043333333333333335
0 0.29083333333333333 0.4791666666666667 0.015 0.06166666666666667
0 0.27666666666666667 0.48 0.013333333333333334 0.06666666666666667
0 0.5058333333333334 0.4708333333333333 0.018333333333333333 0.051666666666666666
0 0.3958333333333333 0.4691666666666667 0.021666666666666667 0.055
0 0.4925 0.465 0.021666666666666667 0.06333333333333334
0 0.45 0.46 0.016666666666666666 0.05333333333333334
0 0.53 0.4583333333333333 0.016666666666666666 0.06666666666666667
0 0.4675 0.4575 0.015 0.058333333333333334
0 0.4116666666666667 0.4525 0.013333333333333334 0.03166666666666667
0 0.3883333333333333 0.455 0.016666666666666666 0.06333333333333334
0 0.30083333333333334 0.44083333333333335 0.018333333333333333 0.06166666666666667
0 0.4841666666666667 0.435 0.018333333333333333 0.06666666666666667
0 0.5225 0.4216666666666667 0.015 0.06333333333333334
0 0.51 0.4191666666666667 0.016666666666666666 0.051666666666666666
0 0.45416666666666666 0.9508333333333333 0.018333333333333333 0.028333333333333332
0 0.43 0.9516666666666667 0.03 0.02666666666666667
0 0.29083333333333333 0.41333333333333333 0.025 0.056666666666666664
0 0.49916666666666665 0.4058333333333333 0.015 0.051666666666666666
0 0.5358333333333334 0.40166666666666667 0.015 0.056666666666666664
0 0.47583333333333333 0.40166666666666667 0.021666666666666667 0.05333333333333334
0 0.535 0.3416666666666667 0.016666666666666666 0.06666666666666667
0 0.051666666666666666 0.32 0.04 0.056666666666666664
0 0.0325 0.31833333333333336 0.028333333333333332 0.04
0 0.115 0.21833333333333332 0.03666666666666667 0.04
0 0.48833333333333334 0.9275 0.02 0.021666666666666667
0 0.465 0.9258333333333333 0.02666666666666667 0.03166666666666667
0 0.39916666666666667 0.93 0.03166666666666667 0.02666666666666667
0 0.43583333333333335 0.9283333333333333 0.03833333333333333 0.023333333333333334
0 0.5025 0.9208333333333333 0.025 0.018333333333333333
0 0.37833333333333335 0.9191666666666667 0.03333333333333333 0.028333333333333332
0 0.4225 0.9133333333333333 0.028333333333333332 0.02666666666666667
0 0.51 0.9125 0.03333333333333333 0.035
0 0.45 0.9075 0.03 0.028333333333333332
0 0.5341666666666667 0.9033333333333333 0.035 0.03333333333333333
0 0.4841666666666667 0.9041666666666667 0.028333333333333332 0.028333333333333332
0 0.36 0.9016666666666666 0.03 0.02666666666666667
0 0.39666666666666667 0.9025 0.03333333333333333 0.028333333333333332
0 0.4683333333333333 0.8908333333333334 0.023333333333333334 0.025
0 0.37416666666666665 0.8866666666666667 0.021666666666666667 0.02666666666666667
0 0.51 0.8825 0.02666666666666667 0.021666666666666667
0 0.4875 0.8808333333333334 0.021666666666666667 0.028333333333333332
0 0.3475 0.8775 0.03166666666666667 0.028333333333333332
0 0.39666666666666667 0.8691666666666666 0.02666666666666667 0.058333333333333334
0 0.37166666666666665 0.8591666666666666 0.03333333333333333 0.028333333333333332
0 0.3441666666666667 0.845 0.021666666666666667 0.03666666666666667
0 0.3575 0.8291666666666667 0.03166666666666667 0.03833333333333333
0 0.32083333333333336 0.8 0.021666666666666667 0.056666666666666664
0 0.335 0.7941666666666667 0.02 0.03833333333333333
0 0.05416666666666667 0.755 0.035 0.06333333333333334
0 0.33416666666666667 0.7516666666666667 0.035 0.04666666666666667
0 0.24166666666666667 0.7475 0.02666666666666667 0.051666666666666666
0 0.44583333333333336 0.9833333333333333 0.015 0.03333333333333333
0 0.30833333333333335 0.7316666666666667 0.02666666666666667 0.03666666666666667
0 0.22333333333333333 0.7291666666666666 0.016666666666666666 0.045
0 0.3 0.7283333333333334 0.023333333333333334 0.03666666666666667
0 0.030833333333333334 0.7283333333333334 0.021666666666666667 0.05333333333333334
0 0.24166666666666667 0.71 0.023333333333333334 0.06333333333333334
0 0.33166666666666667 0.7066666666666667 0.023333333333333334 0.056666666666666664
0 0.31416666666666665 0.7033333333333334 0.018333333333333333 0.04666666666666667
0 0.20583333333333334 0.7 0.018333333333333333 0.05
0 0.29583333333333334 0.6941666666666667 0.018333333333333333 0.041666666666666664
0 0.22 0.6866666666666666 0.023333333333333334 0.04666666666666667
0 0.295 0.7091666666666666 0.0033333333333333335 0.0016666666666666668
0 0.2791666666666667 0.6708333333333333 0.015 0.041666666666666664
0 0.22083333333333333 0.7041666666666667 0.0016666666666666668 0.0016666666666666668
0 0.31666666666666665 0.665 0.016666666666666666 0.056666666666666664
0 0.3025 0.6491666666666667 0.015 0.04833333333333333
0 0.23166666666666666 0.6425 0.016666666666666666 0.055
0 0.3975 0.6333333333333333 0.015 0.08333333333333333
0 0.29333333333333333 0.6308333333333334 0.016666666666666666 0.04833333333333333
0 0.2608333333333333 0.625 0.011666666666666667 0.05
0 0.2675 0.6216666666666667 0.021666666666666667 0.056666666666666664
0 0.43833333333333335 0.9658333333333333 0.03666666666666667 0.03166666666666667
0 0.32083333333333336 0.615 0.018333333333333333 0.06
0 0.28583333333333333 0.5991666666666666 0.015 0.058333333333333334
0 0.28583333333333333 0.5991666666666666 0.015 0.058333333333333334
0 0.43916666666666665 0.5991666666666666 0.025 0.055
0 0.3 0.5891666666666666 0.02 0.045
0 0.4216666666666667 0.5833333333333334 0.016666666666666666 0.05
0 0.44166666666666665 0.5641666666666667 0.016666666666666666 0.058333333333333334
0 0.2775 0.555 0.011666666666666667 0.05333333333333334
0 0.4558333333333333 0.5575 0.018333333333333333 0.04833333333333333
0 0.4091666666666667 0.5583333333333333 0.011666666666666667 0.04
0 0.28833333333333333 0.5483333333333333 0.013333333333333334 0.04666666666666667
0 0.30333333333333334 0.55 0.02 0.04666666666666667
0 0.3825 0.5475 0.015 0.07833333333333334
