0 0.8375 0.4708333333333333 0.011666666666666667 0.025
0 0.5416666666666666 0.4766666666666667 0.023333333333333334 0.07
0 0.8333333333333334 0.49083333333333334 0.02 0.06833333333333333
0 0.8208333333333333 0.5025 0.018333333333333333 0.055
0 0.8133333333333334 0.5266666666666666 0.023333333333333334 0.05
0 0.7575 0.53 0.025 0.05
0 0.7966666666666666 0.5325 0.02 0.045
0 0.7916666666666666 0.565 0.02666666666666667 0.06
0 0.7725 0.57 0.03833333333333333 0.03333333333333333
0 0.8125 0.575 0.018333333333333333 0.07666666666666666
0 0.7316666666666667 0.6691666666666667 0.02 0.075
0 0.2941666666666667 0.049166666666666664 0.025 0.045
0 0.7608333333333334 0.7391666666666666 0.03833333333333333 0.055
0 0.7191666666666666 0.8283333333333334 0.021666666666666667 0.06
0 0.7183333333333334 0.8708333333333333 0.02666666666666667 0.07166666666666667
0 0.7383333333333333 0.8816666666666667 0.023333333333333334 0.056666666666666664
0 0.7958333333333333 0.8883333333333333 0.03833333333333333 0.03333333333333333
0 0.7116666666666667 0.9091666666666667 0.03333333333333333 0.06833333333333333
0 0.8066666666666666 0.9191666666666667 0.03 0.03166666666666667
0 0.7466666666666667 0.9258333333333333 0.03666666666666667 0.035
0 0.7775 0.9325 0.03166666666666667 0.035
0 0.7966666666666666 0.9358333333333333 0.03 0.055
0 0.815 0.9458333333333333 0.02 0.025
0 0.6925 0.9466666666666667 0.021666666666666667 0.06666666666666667
0 0.7833333333333333 0.9583333333333334 0.043333333333333335 0.03333333333333333
0 0.755 0.9683333333333334 0.03 0.05333333333333334
0 0.33916666666666667 0.07083333333333333 0.021666666666666667 0.041666666666666664
0 0.8258333333333333 0.9966666666666667 0.0016666666666666668 0.006666666666666667
0 0.7858333333333334 0.9858333333333333 0.035 0.028333333333333332
0 0.7383333333333333 0.9866666666666667 0.03333333333333333 0.02666666666666667
0 0.685 0.9908333333333333 0.02 0.018333333333333333
0 0.3233333333333333 0.07333333333333333 0.02666666666666667 0.06
0 0.27666666666666667 0.09416666666666666 0.02 0.055
0 0.2916666666666667 0.09583333333333334 0.02 0.041666666666666664
0 0.3025 0.09583333333333334 0.021666666666666667 0.041666666666666664
0 0.25166666666666665 0.1025 0.016666666666666666 0.041666666666666664
0 0.3225 0.105 0.028333333333333332 0.03333333333333333
0 0.23666666666666666 0.12416666666666666 0.013333333333333334 0.04833333333333333
0 0.25666666666666665 0.12333333333333334 0.023333333333333334 0.07333333333333333
0 0.2941666666666667 0.12833333333333333 0.025 0.043333333333333335
0 0.3308333333333333 0.15083333333333335 0.0016666666666666668 0.0016666666666666668
0 0.22416666666666665 0.13 0.015 0.056666666666666664
0 0.2575 0.14 0.021666666666666667 0.04
0 0.205 0.1375 0.016666666666666666 0.06166666666666667
0 0.3175 0.13916666666666666 0.03166666666666667 0.03833333333333333
0 0.27166666666666667 0.1475 0.023333333333333334 0.058333333333333334
0 0.2866666666666667 0.17166666666666666 0.03 0.056666666666666664
0 0.2375 0.17166666666666666 0.015 0.05
0 0.33166666666666667 0.17666666666666667 0.023333333333333334 0.023333333333333334
0 0.22 0.185 0.016666666666666666 0.056666666666666664
0 0.25166666666666665 0.20083333333333334 0.016666666666666666 0.07833333333333334
0 0.23916666666666667 0.21666666666666667 0.015 0.056666666666666664
0 0.26416666666666666 0.22083333333333333 0.018333333333333333 0.07166666666666667
0 0.345 0.23166666666666666 0.02 0.07
0 0.20083333333333334 0.23333333333333334 0.018333333333333333 0.06666666666666667
0 0.2125 0.235 0.015 0.056666666666666664
0 0.22833333333333333 0.23916666666666667 0.016666666666666666 0.06166666666666667
0 0.24166666666666667 0.26916666666666667 0.03333333333333333 0.06166666666666667
0 0.2475 0.275 0.021666666666666667 0.03666666666666667
0 0.215 0.2891666666666667 0.02 0.075
