0 0.41083333333333333 0.4891666666666667 0.045 0.028333333333333332
0 0.3516666666666667 0.04666666666666667 0.02 0.08333333333333333
0 0.8158333333333333 0.05416666666666667 0.051666666666666666 0.035
0 0.53 0.5666666666666667 0.02666666666666667 0.06333333333333334
0 0.5516666666666666 0.5758333333333333 0.03333333333333333 0.028333333333333332
0 0.51 0.5841666666666666 0.02 0.06833333333333333
0 0.5091666666666667 0.585 0.018333333333333333 0.07
0 0.5225 0.6258333333333334 0.03166666666666667 0.06833333333333333
0 0.4875 0.6358333333333334 0.021666666666666667 0.085
0 0.5358333333333334 0.6333333333333333 0.025 0.07
0 0.49583333333333335 0.6625 0.021666666666666667 0.08833333333333333
0 0.5908333333333333 0.6708333333333333 0.035 0.025
0 0.555 0.6766666666666666 0.04 0.07
0 0.4683333333333333 0.6791666666666667 0.016666666666666666 0.06833333333333333
0 0.5333333333333333 0.6916666666666667 0.023333333333333334 0.08333333333333333
0 0.5133333333333333 0.7066666666666667 0.02 0.08666666666666667
0 0.47833333333333333 0.715 0.016666666666666666 0.04666666666666667
0 0.49833333333333335 0.725 0.016666666666666666 0.07666666666666666
0 0.4891666666666667 0.7491666666666666 0.018333333333333333 0.075
0 0.5375 0.7575 0.021666666666666667 0.065
0 0.5841666666666666 0.77 0.021666666666666667 0.08333333333333333
0 0.5125 0.7816666666666666 0.028333333333333332 0.07666666666666666
0 0.5241666666666667 0.8083333333333333 0.015 0.07
0 0.5383333333333333 0.8058333333333333 0.02 0.051666666666666666
0 0.5416666666666666 0.8466666666666667 0.043333333333333335 0.03666666666666667
0 0.38166666666666665 0.115 0.03666666666666667 0.06666666666666667
0 0.37583333333333335 0.13833333333333334 0.035 0.056666666666666664
0 0.46 0.15 0.04 0.03
0 0.38166666666666665 0.18 0.04666666666666667 0.03
0 0.7591666666666667 0.015 0.055 0.03
0 0.36333333333333334 0.0175 0.016666666666666666 0.035
0 0.8083333333333333 0.0175 0.04666666666666667 0.035
0 0.44166666666666665 0.20833333333333334 0.03333333333333333 0.05
0 0.4216666666666667 0.21166666666666667 0.03333333333333333 0.04
0 0.3975 0.21583333333333332 0.035 0.045
0 0.3725 0.38416666666666666 0.03166666666666667 0.075
0 0.38416666666666666 0.4041666666666667 0.028333333333333332 0.055
0 0.4125 0.4116666666666667 0.041666666666666664 0.05
0 0.3675 0.45 0.041666666666666664 0.043333333333333335
0 0.7766666666666666 0.04416666666666667 0.05333333333333334 0.035
0 0.39666666666666667 0.4658333333333333 0.043333333333333335 0.04833333333333333
