0 0.12083333333333333 0.41 0.03166666666666667 0.10333333333333333
0 0.24416666666666667 0.2816666666666667 0.035 0.12
0 0.145 0.2 0.06 0.09333333333333334
0 0.37416666666666665 0.18666666666666668 0.03166666666666667 0.09666666666666666
0 0.2425 0.175 0.035 0.09666666666666666
0 0.29583333333333334 0.16333333333333333 0.041666666666666664 0.09333333333333334
0 0.6525 0.8575 0.065 0.08833333333333333
0 0.4166666666666667 0.8408333333333333 0.07 0.055
0 0.4775 0.8091666666666667 0.055 0.105
0 0.5775 0.8008333333333333 0.06833333333333333 0.051666666666666666
0 0.6758333333333333 0.7533333333333333 0.07166666666666667 0.05
0 0.5616666666666666 0.7366666666666667 0.06333333333333334 0.04666666666666667
0 0.6091666666666666 0.7058333333333333 0.028333333333333332 0.115
0 0.2125 0.6991666666666667 0.04833333333333333 0.11166666666666666
0 0.2725 0.6733333333333333 0.035 0.11333333333333333
0 0.5983333333333334 0.965 0.06666666666666667 0.06333333333333334
0 0.325 0.5425 0.03 0.10166666666666667
