0 0.49333333333333335 0.4425 0.03666666666666667 0.021666666666666667
0 0.4091666666666667 0.44583333333333336 0.021666666666666667 0.065
0 0.51 0.4675 0.05 0.03833333333333333
0 0.3883333333333333 0.4725 0.023333333333333334 0.06833333333333333
0 0.4691666666666667 0.47 0.045 0.03333333333333333
0 0.5366666666666666 0.4708333333333333 0.03333333333333333 0.075
0 0.36583333333333334 0.4816666666666667 0.028333333333333332 0.06666666666666667
0 0.5625 0.49 0.025 0.09333333333333334
0 0.4791666666666667 0.5 0.03833333333333333 0.03
0 0.5291666666666667 0.5066666666666667 0.03166666666666667 0.056666666666666664
0 0.49333333333333335 0.5216666666666666 0.04 0.05
0 0.4608333333333333 0.5383333333333333 0.028333333333333332 0.05
0 0.5183333333333333 0.5775 0.0033333333333333335 0.005
0 0.5316666666666666 0.5675 0.02 0.095
0 0.55 0.5858333333333333 0.02 0.09166666666666666
0 0.56 0.6075 0.023333333333333334 0.085
0 0.5458333333333333 0.6841666666666667 0.021666666666666667 0.09166666666666666
0 0.5366666666666666 0.7183333333333334 0.02 0.09
0 0.44916666666666666 0.3325 0.028333333333333332 0.065
0 0.4225 0.3541666666666667 0.03833333333333333 0.07166666666666667
0 0.3725 0.36 0.041666666666666664 0.03666666666666667
0 0.3975 0.37 0.041666666666666664 0.043333333333333335
0 0.44666666666666666 0.37166666666666665 0.04 0.056666666666666664
0 0.4725 0.375 0.03833333333333333 0.07
0 0.52 0.39166666666666666 0.04666666666666667 0.056666666666666664
0 0.415 0.4 0.02666666666666667 0.043333333333333335
0 0.44166666666666665 0.4033333333333333 0.03 0.05333333333333334
0 0.3616666666666667 0.40166666666666667 0.03 0.056666666666666664
0 0.3433333333333333 0.4033333333333333 0.02666666666666667 0.04666666666666667
0 0.47583333333333333 0.41083333333333333 0.035 0.075
0 0.3908333333333333 0.4166666666666667 0.025 0.06333333333333334
0 0.3725 0.42333333333333334 0.03166666666666667 0.06333333333333334
0 0.5291666666666667 0.4216666666666667 0.03833333333333333 0.043333333333333335
