0 0.6258333333333334 0.78 0.03166666666666667 0.02666666666666667
0 0.5933333333333334 0.7833333333333333 0.03333333333333333 0.03
0 0.6433333333333333 0.8025 0.03 0.03166666666666667
0 0.325 0.7983333333333333 0.02666666666666667 0.07666666666666666
0 0.6675 0.805 0.028333333333333332 0.05
0 0.5725 0.8083333333333333 0.03166666666666667 0.04
0 0.5475 0.8125 0.03166666666666667 0.041666666666666664
0 0.6266666666666667 0.8191666666666667 0.03 0.03166666666666667
0 0.5883333333333334 0.835 0.04 0.02666666666666667
0 0.4425 0.8508333333333333 0.025 0.065
0 0.6608333333333334 0.8541666666666666 0.025 0.035
0 0.6283333333333333 0.8533333333333334 0.05 0.056666666666666664
0 0.68 0.8558333333333333 0.03333333333333333 0.04833333333333333
0 0.3491666666666667 0.8675 0.018333333333333333 0.07166666666666667
0 0.65 0.8766666666666667 0.03 0.03
0 0.6841666666666667 0.885 0.03166666666666667 0.03
0 0.6833333333333333 0.9058333333333334 0.03 0.03833333333333333
0 0.6625 0.9083333333333333 0.03166666666666667 0.03666666666666667
0 0.36333333333333334 0.91 0.02666666666666667 0.06666666666666667
0 0.255 0.06666666666666667 0.02 0.07666666666666666
0 0.23416666666666666 0.11666666666666667 0.018333333333333333 0.07666666666666666
0 0.2225 0.24166666666666667 0.03166666666666667 0.07333333333333333
0 0.205 0.26 0.016666666666666666 0.06
0 0.24666666666666667 0.009166666666666667 0.013333333333333334 0.018333333333333333
0 0.2225 0.3458333333333333 0.03166666666666667 0.08166666666666667
0 0.2575 0.01 0.015 0.02
