0 0.39416666666666667 0.51 0.041666666666666664 0.11666666666666667
0 0.6466666666666666 0.5225 0.03666666666666667 0.115
0 0.1175 0.54 0.075 0.08666666666666667
0 0.325 0.5991666666666666 0.07333333333333333 0.06833333333333333
0 0.42 0.6033333333333334 0.07666666666666666 0.05333333333333334
0 0.41833333333333333 0.85 0.07333333333333333 0.07
0 0.3416666666666667 0.945 0.04 0.11
0 0.05583333333333333 0.9608333333333333 0.041666666666666664 0.07833333333333334
0 0.8291666666666667 0.9816666666666667 0.065 0.03666666666666667
0 0.8483333333333334 0.9925 0.04 0.015
0 0.15333333333333332 0.365 0.056666666666666664 0.11333333333333333
0 0.22 0.4608333333333333 0.05333333333333334 0.10833333333333334
0 0.3233333333333333 0.49916666666666665 0.07 0.075
