0 0.1725 0.4775 0.028333333333333332 0.058333333333333334
0 0.23416666666666666 0.49166666666666664 0.025 0.02
0 0.17166666666666666 0.49083333333333334 0.02666666666666667 0.07833333333333334
0 0.155 0.4975 0.02 0.07833333333333334
0 0.6725 0.5016666666666667 0.025 0.06
0 0.5475 0.5025 0.035 0.065
0 0.7566666666666667 0.505 0.02 0.07
0 0.20333333333333334 0.5041666666666667 0.03 0.041666666666666664
0 0.235 0.505 0.03333333333333333 0.04666666666666667
0 0.7225 0.5083333333333333 0.035 0.05333333333333334
0 0.6466666666666666 0.5141666666666667 0.03666666666666667 0.03166666666666667
0 0.19416666666666665 0.515 0.025 0.043333333333333335
0 0.22916666666666666 0.545 0.021666666666666667 0.03666666666666667
0 0.20416666666666666 0.5258333333333334 0.0016666666666666668 0.0016666666666666668
0 0.7366666666666667 0.5416666666666666 0.023333333333333334 0.06
0 0.245 0.5466666666666666 0.03 0.04
0 0.15666666666666668 0.5458333333333333 0.03 0.06166666666666667
0 0.18083333333333335 0.5525 0.03166666666666667 0.04833333333333333
0 0.22666666666666666 0.5625 0.023333333333333334 0.065
0 0.7483333333333333 0.5708333333333333 0.02666666666666667 0.058333333333333334
0 0.21416666666666667 0.5733333333333334 0.018333333333333333 0.07
0 0.25 0.5958333333333333 0.023333333333333334 0.058333333333333334
0 0.33666666666666667 0.6075 0.03666666666666667 0.058333333333333334
0 0.25166666666666665 0.5866666666666667 0.0033333333333333335 0.0033333333333333335
0 0.2758333333333333 0.6141666666666666 0.03166666666666667 0.075
0 0.2225 0.6416666666666667 0.025 0.07
0 0.2733333333333333 0.6716666666666666 0.02 0.06333333333333334
0 0.25333333333333335 0.675 0.02 0.08
0 0.235 0.6766666666666666 0.02 0.07666666666666666
0 0.3616666666666667 0.6925 0.02 0.08833333333333333
0 0.25083333333333335 0.7008333333333333 0.025 0.095
0 0.22 0.7208333333333333 0.02 0.055
0 0.37666666666666665 0.725 0.02 0.06666666666666667
0 0.19833333333333333 0.735 0.016666666666666666 0.07666666666666666
0 0.215 0.7425 0.02666666666666667 0.09166666666666666
0 0.6841666666666667 0.7491666666666666 0.035 0.065
0 0.23333333333333334 0.7558333333333334 0.02 0.07166666666666667
0 0.4558333333333333 0.8083333333333333 0.028333333333333332 0.07
0 0.7066666666666667 0.98 0.02 0.04
0 0.7275 0.9875 0.021666666666666667 0.025
0 0.7833333333333333 0.135 0.02 0.09
0 0.7333333333333333 0.21 0.023333333333333334 0.056666666666666664
0 0.7491666666666666 0.22666666666666666 0.021666666666666667 0.06666666666666667
0 0.7333333333333333 0.21916666666666668 0.0033333333333333335 0.005
0 0.7216666666666667 0.24083333333333334 0.023333333333333334 0.055
0 0.7925 0.24583333333333332 0.035 0.041666666666666664
0 0.6983333333333334 0.25083333333333335 0.016666666666666666 0.075
0 0.7541666666666667 0.2866666666666667 0.018333333333333333 0.06
0 0.7091666666666666 0.2866666666666667 0.021666666666666667 0.06333333333333334
0 0.7783333333333333 0.30083333333333334 0.016666666666666666 0.06833333333333333
0 0.6841666666666667 0.31666666666666665 0.018333333333333333 0.07333333333333333
0 0.16166666666666665 0.3441666666666667 0.03 0.051666666666666666
0 0.6691666666666667 0.3466666666666667 0.015 0.04666666666666667
0 0.685 0.3491666666666667 0.02666666666666667 0.065
0 0.7475 0.3591666666666667 0.028333333333333332 0.075
0 0.16166666666666665 0.37416666666666665 0.023333333333333334 0.04833333333333333
0 0.72 0.37833333333333335 0.016666666666666666 0.08
0 0.6508333333333334 0.38083333333333336 0.035 0.028333333333333332
0 0.22916666666666666 0.385 0.021666666666666667 0.08333333333333333
0 0.6633333333333333 0.4008333333333333 0.03 0.041666666666666664
0 0.17833333333333334 0.4033333333333333 0.02 0.07333333333333333
0 0.7358333333333333 0.4091666666666667 0.021666666666666667 0.06833333333333333
0 0.7683333333333333 0.415 0.023333333333333334 0.06666666666666667
0 0.19416666666666665 0.4216666666666667 0.025 0.06333333333333334
0 0.15916666666666668 0.42083333333333334 0.018333333333333333 0.06833333333333333
0 0.22083333333333333 0.42333333333333334 0.025 0.06333333333333334
0 0.7175 0.425 0.025 0.06
0 0.6291666666666667 0.43333333333333335 0.035 0.02666666666666667
0 0.7583333333333333 0.43583333333333335 0.02 0.07166666666666667
0 0.6933333333333334 0.445 0.023333333333333334 0.05
0 0.17333333333333334 0.44916666666666666 0.02 0.058333333333333334
0 0.585 0.45 0.03666666666666667 0.04666666666666667
0 0.21833333333333332 0.45416666666666666 0.02666666666666667 0.051666666666666666
0 0.67 0.4633333333333333 0.02666666666666667 0.07
0 0.19666666666666666 0.4683333333333333 0.03333333333333333 0.04666666666666667
