0 0.2075 0.48833333333333334 0.03166666666666667 0.07
0 0.82 0.505 0.023333333333333334 0.06
0 0.7941666666666667 0.5266666666666666 0.03166666666666667 0.06666666666666667
0 0.9133333333333333 0.535 0.023333333333333334 0.06
0 0.8516666666666667 0.545 0.03333333333333333 0.07666666666666666
0 0.8175 0.5566666666666666 0.018333333333333333 0.04666666666666667
0 0.8041666666666667 0.5658333333333333 0.045 0.065
0 0.11083333333333334 0.59 0.035 0.03666666666666667
0 0.8016666666666666 0.6033333333333334 0.02666666666666667 0.04666666666666667
0 0.7783333333333333 0.6183333333333333 0.023333333333333334 0.043333333333333335
0 0.12083333333333333 0.6291666666666667 0.03166666666666667 0.03166666666666667
0 0.7533333333333333 0.6358333333333334 0.03 0.035
0 0.14833333333333334 0.6425 0.04 0.03166666666666667
0 0.8033333333333333 0.6383333333333333 0.02666666666666667 0.03333333333333333
0 0.7825 0.6425 0.028333333333333332 0.051666666666666666
0 0.08583333333333333 0.655 0.028333333333333332 0.06666666666666667
0 0.12833333333333333 0.6591666666666667 0.03333333333333333 0.03166666666666667
0 0.7625 0.66 0.021666666666666667 0.03
0 0.7916666666666666 0.6658333333333334 0.043333333333333335 0.028333333333333332
0 0.75 0.6841666666666667 0.043333333333333335 0.041666666666666664
0 0.7816666666666666 0.6941666666666667 0.03333333333333333 0.035
0 0.1175 0.7008333333333333 0.028333333333333332 0.06166666666666667
0 0.7541666666666667 0.7158333333333333 0.045 0.041666666666666664
0 0.09416666666666666 0.73 0.025 0.07666666666666666
0 0.08833333333333333 0.7466666666666667 0.013333333333333334 0.04
0 0.11666666666666667 0.7608333333333334 0.016666666666666666 0.03833333333333333
0 0.10833333333333334 0.7916666666666666 0.016666666666666666 0.03666666666666667
0 0.2375 0.8 0.025 0.056666666666666664
0 0.1275 0.7966666666666666 0.021666666666666667 0.04666666666666667
0 0.0925 0.7991666666666667 0.018333333333333333 0.06166666666666667
0 0.10916666666666666 0.8283333333333334 0.018333333333333333 0.06333333333333334
0 0.25166666666666665 0.835 0.03333333333333333 0.03
0 0.22666666666666666 0.8333333333333334 0.03 0.04666666666666667
0 0.2175 0.8441666666666666 0.025 0.051666666666666666
0 0.17083333333333334 0.8458333333333333 0.021666666666666667 0.07166666666666667
0 0.12 0.8525 0.023333333333333334 0.065
0 0.1 0.8641666666666666 0.016666666666666666 0.058333333333333334
0 0.2125 0.8675 0.021666666666666667 0.035
0 0.24083333333333334 0.8733333333333333 0.025 0.03333333333333333
0 0.12666666666666668 0.8766666666666667 0.0033333333333333335 0.006666666666666667
0 0.1225 0.9216666666666666 0.03166666666666667 0.06
0 0.12 0.9433333333333334 0.0033333333333333335 0.0033333333333333335
0 0.15 0.9333333333333333 0.03333333333333333 0.056666666666666664
0 0.11083333333333334 0.9433333333333334 0.028333333333333332 0.06
0 0.27 0.9591666666666666 0.016666666666666666 0.07166666666666667
0 0.15666666666666668 0.9791666666666666 0.03333333333333333 0.041666666666666664
0 0.13416666666666666 0.9825 0.03166666666666667 0.035
0 0.7508333333333334 0.12916666666666668 0.018333333333333333 0.055
0 0.7525 0.155 0.021666666666666667 0.056666666666666664
0 0.7691666666666667 0.16416666666666666 0.018333333333333333 0.07833333333333334
0 0.7358333333333333 0.1675 0.015 0.04833333333333333
0 0.76 0.20333333333333334 0.02666666666666667 0.05
0 0.7458333333333333 0.21583333333333332 0.021666666666666667 0.028333333333333332
0 0.7766666666666666 0.24666666666666667 0.023333333333333334 0.08
0 0.7041666666666667 0.25 0.021666666666666667 0.07333333333333333
0 0.145 0.25166666666666665 0.02 0.03333333333333333
0 0.1325 0.2825 0.03166666666666667 0.035
0 0.785 0.30666666666666664 0.02 0.08666666666666667
0 0.29083333333333333 0.31416666666666665 0.03833333333333333 0.051666666666666666
0 0.9683333333333334 0.31833333333333336 0.03666666666666667 0.043333333333333335
0 0.1225 0.3258333333333333 0.021666666666666667 0.058333333333333334
0 0.11 0.3616666666666667 0.02 0.05333333333333334
0 0.13 0.38666666666666666 0.02666666666666667 0.05
0 0.4425 0.3983333333333333 0.03833333333333333 0.04
0 0.1075 0.405 0.021666666666666667 0.05333333333333334
0 0.84 0.4083333333333333 0.023333333333333334 0.043333333333333335
0 0.8783333333333333 0.4116666666666667 0.02666666666666667 0.06333333333333334
0 0.09 0.4116666666666667 0.02666666666666667 0.04666666666666667
0 0.86 0.43333333333333335 0.02 0.07333333333333333
0 0.11166666666666666 0.445 0.023333333333333334 0.06333333333333334
0 0.8791666666666667 0.4675 0.03166666666666667 0.041666666666666664
0 0.9058333333333334 0.4766666666666667 0.028333333333333332 0.06333333333333334
0 0.7966666666666666 0.5041666666666667 0.0033333333333333335 0.005
