0 0.7091666666666666 0.495 0.041666666666666664 0.03
0 0.3933333333333333 0.5058333333333334 0.023333333333333334 0.065
0 0.4175 0.5116666666666667 0.021666666666666667 0.07666666666666666
0 0.4075 0.5325 0.011666666666666667 0.058333333333333334
0 0.36583333333333334 0.5266666666666666 0.018333333333333333 0.06666666666666667
0 0.4691666666666667 0.5458333333333333 0.028333333333333332 0.051666666666666666
0 0.39666666666666667 0.5458333333333333 0.013333333333333334 0.055
0 0.38333333333333336 0.555 0.013333333333333334 0.04666666666666667
0 0.4533333333333333 0.5575 0.02666666666666667 0.058333333333333334
0 0.37583333333333335 0.5683333333333334 0.015 0.056666666666666664
0 0.36 0.57 0.016666666666666666 0.056666666666666664
0 0.49916666666666665 0.5708333333333333 0.028333333333333332 0.03833333333333333
0 0.4175 0.5725 0.015 0.058333333333333334
0 0.4716666666666667 0.5758333333333333 0.016666666666666666 0.045
0 0.47833333333333333 0.5966666666666667 0.02 0.07
0 0.41 0.5975 0.016666666666666666 0.06166666666666667
0 0.3983333333333333 0.5975 0.013333333333333334 0.04833333333333333
0 0.44166666666666665 0.6041666666666666 0.02666666666666667 0.04833333333333333
0 0.3883333333333333 0.6075 0.013333333333333334 0.058333333333333334
0 0.5041666666666667 0.6241666666666666 0.021666666666666667 0.065
0 0.38 0.6291666666666667 0.013333333333333334 0.058333333333333334
0 0.44416666666666665 0.6366666666666667 0.011666666666666667 0.03666666666666667
0 0.4775 0.64 0.021666666666666667 0.05
0 0.4025 0.6441666666666667 0.018333333333333333 0.055
0 0.48583333333333334 0.6491666666666667 0.018333333333333333 0.051666666666666666
0 0.5116666666666667 0.6566666666666666 0.013333333333333334 0.05333333333333334
0 0.43083333333333335 0.6716666666666666 0.021666666666666667 0.06333333333333334
0 0.3925 0.6733333333333333 0.015 0.056666666666666664
0 0.4091666666666667 0.6741666666666667 0.03166666666666667 0.065
0 0.49583333333333335 0.6808333333333333 0.018333333333333333 0.04833333333333333
0 0.4775 0.69 0.025 0.04
0 0.5058333333333334 0.7041666666666667 0.021666666666666667 0.051666666666666666
0 0.475 0.7191666666666666 0.03333333333333333 0.028333333333333332
0 0.7516666666666667 0.7216666666666667 0.0033333333333333335 0.0033333333333333335
0 0.006666666666666667 0.06583333333333333 0.013333333333333334 0.025
0 0.485 0.73 0.023333333333333334 0.03666666666666667
0 0.49 0.7683333333333333 0.02 0.06333333333333334
0 0.4525 0.7691666666666667 0.03166666666666667 0.045
0 0.4691666666666667 0.775 0.03166666666666667 0.05333333333333334
0 0.4708333333333333 0.8033333333333333 0.018333333333333333 0.04666666666666667
0 0.4483333333333333 0.8075 0.016666666666666666 0.045
0 0.47833333333333333 0.83 0.02666666666666667 0.06333333333333334
0 0.46166666666666667 0.8425 0.02 0.045
0 0.44666666666666666 0.845 0.023333333333333334 0.05333333333333334
0 0.44916666666666666 0.89 0.025 0.04666666666666667
0 0.4 0.9441666666666667 0.03333333333333333 0.06833333333333333
0 0.4141666666666667 0.9733333333333334 0.018333333333333333 0.05333333333333334
0 0.38916666666666666 0.9816666666666667 0.03166666666666667 0.03666666666666667
0 0.185 0.10416666666666667 0.02 0.07166666666666667
0 0.19833333333333333 0.125 0.02 0.08
0 0.4175 0.13083333333333333 0.03166666666666667 0.025
0 0.4525 0.135 0.03833333333333333 0.03
0 0.0625 0.14416666666666667 0.028333333333333332 0.045
0 0.42833333333333334 0.1525 0.03333333333333333 0.025
0 0.4708333333333333 0.15583333333333332 0.03833333333333333 0.028333333333333332
0 0.056666666666666664 0.16083333333333333 0.03 0.035
0 0.42916666666666664 0.1725 0.03166666666666667 0.028333333333333332
0 0.46 0.17416666666666666 0.04 0.028333333333333332
0 0.6608333333333334 0.2175 0.018333333333333333 0.045
0 0.595 0.2275 0.03 0.025
0 0.51 0.23416666666666666 0.03333333333333333 0.041666666666666664
0 0.5625 0.24333333333333335 0.03166666666666667 0.043333333333333335
0 0.6283333333333333 0.2425 0.03333333333333333 0.045
0 0.6516666666666666 0.25 0.023333333333333334 0.043333333333333335
0 0.4841666666666667 0.25083333333333335 0.025 0.03833333333333333
0 0.5333333333333333 0.25333333333333335 0.03 0.03333333333333333
0 0.5933333333333334 0.25416666666666665 0.023333333333333334 0.03166666666666667
0 0.6841666666666667 0.255 0.025 0.043333333333333335
0 0.6183333333333333 0.25916666666666666 0.03333333333333333 0.03833333333333333
0 0.4625 0.2633333333333333 0.028333333333333332 0.02
0 0.7116666666666667 0.2633333333333333 0.013333333333333334 0.06
0 0.49833333333333335 0.27 0.03333333333333333 0.03333333333333333
0 0.44166666666666665 0.27 0.013333333333333334 0.013333333333333334
0 0.6725 0.2808333333333333 0.021666666666666667 0.06833333333333333
0 0.19416666666666665 0.2825 0.03166666666666667 0.04833333333333333
0 0.45 0.285 0.04 0.03
0 0.5191666666666667 0.28583333333333333 0.03166666666666667 0.03166666666666667
0 0.685 0.2941666666666667 0.01 0.03833333333333333
0 0.6966666666666667 0.295 0.023333333333333334 0.07333333333333333
0 0.4166666666666667 0.3 0.023333333333333334 0.03333333333333333
0 0.44666666666666666 0.315 0.03 0.05333333333333334
0 0.4275 0.31666666666666665 0.028333333333333332 0.03333333333333333
0 0.4675 0.32 0.03833333333333333 0.043333333333333335
0 0.7183333333333334 0.3258333333333333 0.013333333333333334 0.051666666666666666
0 0.49583333333333335 0.33416666666666667 0.03166666666666667 0.04833333333333333
0 0.7266666666666667 0.3466666666666667 0.023333333333333334 0.05333333333333334
0 0.395 0.35083333333333333 0.03 0.04833333333333333
0 0.705 0.35 0.016666666666666666 0.06
0 0.42 0.3575 0.023333333333333334 0.045
0 0.36916666666666664 0.3641666666666667 0.028333333333333332 0.035
0 0.4691666666666667 0.36583333333333334 0.028333333333333332 0.03166666666666667
0 0.40166666666666667 0.36833333333333335 0.023333333333333334 0.05333333333333334
0 0.37083333333333335 0.38416666666666666 0.018333333333333333 0.035
0 0.4175 0.38916666666666666 0.03166666666666667 0.058333333333333334
0 0.7133333333333334 0.39 0.016666666666666666 0.03666666666666667
0 0.38166666666666665 0.40166666666666667 0.02 0.05333333333333334
0 0.36 0.42083333333333334 0.023333333333333334 0.03833333333333333
0 0.3541666666666667 0.4508333333333333 0.03166666666666667 0.03833333333333333
0 0.7066666666666667 0.4533333333333333 0.02666666666666667 0.05
0 0.37166666666666665 0.4583333333333333 0.02 0.06
0 0.37833333333333335 0.48333333333333334 0.016666666666666666 0.06
