0 0.6608333333333334 0.5191666666666667 0.018333333333333333 0.06833333333333333
0 0.725 0.5291666666666667 0.023333333333333334 0.075
0 0.6225 0.5033333333333333 0.015 0.06666666666666667
0 0.65 0.5008333333333334 0.02 0.041666666666666664
0 0.7108333333333333 0.495 0.018333333333333333 0.056666666666666664
0 0.6758333333333333 0.4825 0.015 0.03166666666666667
0 0.6383333333333333 0.4825 0.016666666666666666 0.051666666666666666
0 0.6583333333333333 0.4483333333333333 0.016666666666666666 0.06
0 0.6358333333333334 0.435 0.021666666666666667 0.04666666666666667
0 0.6608333333333334 0.46416666666666667 0.0016666666666666668 0.0016666666666666668
0 0.675 0.44333333333333336 0.016666666666666666 0.06333333333333334
0 0.5091666666666667 0.4275 0.015 0.065
0 0.6591666666666667 0.41 0.021666666666666667 0.05333333333333334
0 0.5016666666666667 0.4058333333333333 0.013333333333333334 0.075
0 0.4725 0.3983333333333333 0.021666666666666667 0.056666666666666664
0 0.5225 0.39666666666666667 0.011666666666666667 0.04666666666666667
0 0.485 0.39416666666666667 0.02 0.07166666666666667
0 0.9766666666666667 0.3883333333333333 0.02 0.043333333333333335
0 0.5358333333333334 0.3883333333333333 0.021666666666666667 0.07333333333333333
0 0.6333333333333333 0.38416666666666666 0.013333333333333334 0.058333333333333334
0 0.62 0.375 0.016666666666666666 0.056666666666666664
0 0.4666666666666667 0.4025 0.0033333333333333335 0.005
0 0.6616666666666666 0.36916666666666664 0.016666666666666666 0.04833333333333333
0 0.6341666666666667 0.38416666666666666 0.015 0.058333333333333334
0 0.42333333333333334 0.3616666666666667 0.02 0.07
0 0.5291666666666667 0.35583333333333333 0.015 0.06166666666666667
0 0.5066666666666667 0.35333333333333333 0.02 0.06666666666666667
0 0.465 0.3525 0.023333333333333334 0.045
0 0.6433333333333333 0.3641666666666667 0.0033333333333333335 0.008333333333333333
0 0.5541666666666667 0.3383333333333333 0.018333333333333333 0.06
0 0.48 0.33666666666666667 0.02 0.05333333333333334
0 0.67 0.33166666666666667 0.016666666666666666 0.06
0 0.6225 0.3325 0.018333333333333333 0.051666666666666666
0 0.515 0.325 0.02 0.06333333333333334
0 0.49083333333333334 0.33 0.018333333333333333 0.07
0 0.45 0.32416666666666666 0.013333333333333334 0.041666666666666664
0 0.4658333333333333 0.3175 0.018333333333333333 0.058333333333333334
0 0.6541666666666667 0.31333333333333335 0.015 0.06
0 0.4125 0.3275 0.005 0.008333333333333333
0 0.6016666666666667 0.30916666666666665 0.016666666666666666 0.075
0 0.6275 0.30416666666666664 0.018333333333333333 0.065
0 0.41583333333333333 0.2966666666666667 0.018333333333333333 0.056666666666666664
0 0.4325 0.3016666666666667 0.021666666666666667 0.07
0 0.4575 0.28833333333333333 0.015 0.05333333333333334
0 0.5291666666666667 0.2891666666666667 0.025 0.06166666666666667
0 0.39666666666666667 0.29083333333333333 0.023333333333333334 0.075
0 0.5116666666666667 0.2775 0.016666666666666666 0.03166666666666667
0 0.6425 0.315 0.0016666666666666668 0.0033333333333333335
0 0.6308333333333334 0.26416666666666666 0.015 0.03833333333333333
0 0.4716666666666667 0.27666666666666667 0.02 0.056666666666666664
0 0.5341666666666667 0.26416666666666666 0.021666666666666667 0.058333333333333334
0 0.43833333333333335 0.26416666666666666 0.02 0.075
0 0.4008333333333333 0.25 0.018333333333333333 0.06
0 0.605 0.24583333333333332 0.02 0.065
0 0.4241666666666667 0.23666666666666666 0.015 0.056666666666666664
0 0.5808333333333333 0.24166666666666667 0.041666666666666664 0.03666666666666667
0 0.44916666666666666 0.23583333333333334 0.025 0.051666666666666666
0 0.38916666666666666 0.23666666666666666 0.011666666666666667 0.056666666666666664
0 0.4116666666666667 0.2325 0.013333333333333334 0.06833333333333333
0 0.8816666666666667 0.1575 0.03666666666666667 0.055
0 0.9025 0.16 0.028333333333333332 0.03
0 0.8091666666666667 0.0625 0.035 0.041666666666666664
0 0.37916666666666665 0.014166666666666666 0.021666666666666667 0.028333333333333332
0 0.485 0.89 0.016666666666666666 0.06
0 0.5325 0.8666666666666667 0.028333333333333332 0.03666666666666667
0 0.5033333333333333 0.8558333333333333 0.03 0.045
0 0.5116666666666667 0.8391666666666666 0.023333333333333334 0.015
0 0.47833333333333333 0.8383333333333334 0.02666666666666667 0.05333333333333334
0 0.5441666666666667 0.8258333333333333 0.03166666666666667 0.028333333333333332
0 0.5158333333333334 0.825 0.028333333333333332 0.02
0 0.43916666666666665 0.8225 0.021666666666666667 0.021666666666666667
0 0.49 0.8208333333333333 0.03333333333333333 0.025
0 0.5733333333333334 0.8091666666666667 0.03666666666666667 0.03166666666666667
0 0.4225 0.8083333333333333 0.035 0.03
0 0.5125 0.8066666666666666 0.03166666666666667 0.03
0 0.41 0.7983333333333333 0.03666666666666667 0.03666666666666667
0 0.4575 0.7975 0.035 0.028333333333333332
0 0.5425 0.7941666666666667 0.03166666666666667 0.028333333333333332
0 0.3925 0.7916666666666666 0.03833333333333333 0.03666666666666667
0 0.585 0.785 0.04 0.03
0 0.4775 0.7825 0.025 0.021666666666666667
0 0.43166666666666664 0.7741666666666667 0.03 0.021666666666666667
0 0.4583333333333333 0.7716666666666666 0.02666666666666667 0.023333333333333334
0 0.5775 0.7633333333333333 0.03833333333333333 0.03333333333333333
0 0.5416666666666666 0.7541666666666667 0.03 0.058333333333333334
0 0.6091666666666666 0.7433333333333333 0.028333333333333332 0.03333333333333333
0 0.5741666666666667 0.7441666666666666 0.03166666666666667 0.035
0 0.5983333333333334 0.7116666666666667 0.023333333333333334 0.05333333333333334
0 0.6125 0.715 0.025 0.04666666666666667
0 0.6241666666666666 0.645 0.028333333333333332 0.07
0 0.9133333333333333 0.6266666666666667 0.03333333333333333 0.07
0 0.6058333333333333 0.6158333333333333 0.021666666666666667 0.065
0 0.6191666666666666 0.6141666666666666 0.018333333333333333 0.07166666666666667
0 0.7058333333333333 0.6025 0.025 0.06166666666666667
0 0.7241666666666666 0.5925 0.025 0.06166666666666667
0 0.9316666666666666 0.5883333333333334 0.02 0.056666666666666664
0 0.6466666666666666 0.5783333333333334 0.02 0.04666666666666667
0 0.7125 0.6075 0.0016666666666666668 0.005
0 0.74 0.55 0.016666666666666666 0.056666666666666664
0 0.7258333333333333 0.5416666666666666 0.021666666666666667 0.05333333333333334
0 0.6416666666666667 0.5391666666666667 0.03 0.06166666666666667
0 0.6291666666666667 0.5383333333333333 0.018333333333333333 0.06333333333333334
0 0.6125 0.5425 0.018333333333333333 0.075
