0 0.24416666666666667 0.030833333333333334 0.028333333333333332 0.06166666666666667
0 0.6275 0.028333333333333332 0.018333333333333333 0.056666666666666664
0 0.20583333333333334 0.54 0.025 0.043333333333333335
0 0.25 0.5533333333333333 0.023333333333333334 0.056666666666666664
0 0.23583333333333334 0.5725 0.0016666666666666668 0.0016666666666666668
0 0.6625 0.034166666666666665 0.021666666666666667 0.06833333333333333
0 0.23416666666666666 0.5583333333333333 0.018333333333333333 0.04666666666666667
0 0.2025 0.5708333333333333 0.028333333333333332 0.06166666666666667
0 0.49333333333333335 0.5741666666666667 0.016666666666666666 0.058333333333333334
0 0.2825 0.5741666666666667 0.025 0.028333333333333332
0 0.26916666666666667 0.5775 0.025 0.075
0 0.5208333333333334 0.5958333333333333 0.015 0.07166666666666667
0 0.22583333333333333 0.6066666666666667 0.025 0.05
0 0.4975 0.6175 0.015 0.07833333333333334
0 0.27416666666666667 0.61 0.028333333333333332 0.05
0 0.6458333333333334 0.03666666666666667 0.025 0.04
0 0.4925 0.6283333333333333 0.021666666666666667 0.06666666666666667
0 0.5066666666666667 0.6391666666666667 0.013333333333333334 0.075
0 0.26416666666666666 0.665 0.021666666666666667 0.05333333333333334
0 0.49666666666666665 0.6883333333333334 0.023333333333333334 0.06333333333333334
0 0.2683333333333333 0.6975 0.023333333333333334 0.06166666666666667
0 0.2425 0.7075 0.018333333333333333 0.065
0 0.5141666666666667 0.7141666666666666 0.015 0.075
0 0.2475 0.7308333333333333 0.021666666666666667 0.06166666666666667
0 0.2708333333333333 0.7383333333333333 0.021666666666666667 0.06666666666666667
0 0.25333333333333335 0.7525 0.016666666666666666 0.035
0 0.5283333333333333 0.7675 0.013333333333333334 0.07833333333333334
0 0.5108333333333334 0.7691666666666667 0.015 0.07833333333333334
0 0.1575 0.7775 0.035 0.065
0 0.5383333333333333 0.7825 0.01 0.065
0 0.2608333333333333 0.7891666666666667 0.018333333333333333 0.035
0 0.24583333333333332 0.8091666666666667 0.021666666666666667 0.07166666666666667
0 0.5308333333333334 0.8383333333333334 0.018333333333333333 0.05
0 0.52 0.8341666666666666 0.016666666666666666 0.06166666666666667
0 0.5008333333333334 0.8625 0.025 0.058333333333333334
0 0.5216666666666666 0.8766666666666667 0.03 0.02666666666666667
0 0.5941666666666666 0.0625 0.015 0.07833333333333334
0 0.49333333333333335 0.9091666666666667 0.03 0.058333333333333334
0 0.49083333333333334 0.905 0.0016666666666666668 0.0033333333333333335
0 0.6883333333333334 0.10416666666666667 0.016666666666666666 0.04833333333333333
0 0.6075 0.10083333333333333 0.015 0.09166666666666666
0 0.23666666666666666 0.10583333333333333 0.016666666666666666 0.075
0 0.625 0.12583333333333332 0.016666666666666666 0.06833333333333333
0 0.6925 0.13916666666666666 0.025 0.07833333333333334
0 0.6208333333333333 0.13583333333333333 0.021666666666666667 0.055
0 0.6483333333333333 0.006666666666666667 0.016666666666666666 0.013333333333333334
0 0.6133333333333333 0.17833333333333334 0.02 0.06333333333333334
0 0.63 0.19 0.016666666666666666 0.05
0 0.6441666666666667 0.2175 0.015 0.051666666666666666
0 0.5858333333333333 0.011666666666666667 0.011666666666666667 0.023333333333333334
0 0.6366666666666667 0.24083333333333334 0.023333333333333334 0.055
0 0.6516666666666666 0.2625 0.01 0.03166666666666667
0 0.6666666666666666 0.2658333333333333 0.02 0.041666666666666664
0 0.6883333333333334 0.2891666666666667 0.023333333333333334 0.041666666666666664
0 0.6475 0.295 0.028333333333333332 0.06666666666666667
0 0.6683333333333333 0.2966666666666667 0.02666666666666667 0.03666666666666667
0 0.6891666666666667 0.3233333333333333 0.021666666666666667 0.043333333333333335
0 0.155 0.33666666666666667 0.02666666666666667 0.05333333333333334
0 0.7091666666666666 0.35083333333333333 0.021666666666666667 0.07166666666666667
0 0.7016666666666667 0.3616666666666667 0.03333333333333333 0.05
0 0.1575 0.37166666666666665 0.018333333333333333 0.05
0 0.6041666666666666 0.385 0.021666666666666667 0.07
0 0.5975 0.025 0.015 0.05
0 0.525 0.3983333333333333 0.023333333333333334 0.07
0 0.14166666666666666 0.40166666666666667 0.016666666666666666 0.06
0 0.5383333333333333 0.4083333333333333 0.013333333333333334 0.04666666666666667
0 0.5583333333333333 0.4216666666666667 0.02 0.04
0 0.13583333333333333 0.4175 0.0016666666666666668 0.005
0 0.4425 0.44 0.028333333333333332 0.06
