0 0.41583333333333333 0.4875 0.018333333333333333 0.065
0 0.45166666666666666 0.4866666666666667 0.043333333333333335 0.043333333333333335
0 0.42833333333333334 0.44 0.02 0.06333333333333334
0 0.9458333333333333 0.3125 0.045 0.058333333333333334
0 0.38166666666666665 0.25416666666666665 0.02666666666666667 0.08166666666666667
0 0.4041666666666667 0.23083333333333333 0.025 0.045
0 0.43666666666666665 0.14416666666666667 0.016666666666666666 0.095
0 0.8433333333333334 0.07416666666666667 0.04 0.085
0 0.315 0.72 0.02 0.07
0 0.32916666666666666 0.6833333333333333 0.018333333333333333 0.056666666666666664
0 0.34 0.6416666666666667 0.016666666666666666 0.07
0 0.43416666666666665 0.6008333333333333 0.03166666666666667 0.035
0 0.3541666666666667 0.6225 0.0016666666666666668 0.0016666666666666668
0 0.4658333333333333 0.5866666666666667 0.041666666666666664 0.05
0 0.4475 0.5691666666666667 0.04833333333333333 0.03166666666666667
0 0.41083333333333333 0.57 0.035 0.05
0 0.4216666666666667 0.5341666666666667 0.04 0.03833333333333333
0 0.465 0.5316666666666666 0.03666666666666667 0.05333333333333334
0 0.3408333333333333 0.5225 0.018333333333333333 0.058333333333333334
0 0.5066666666666667 0.5208333333333334 0.02 0.07833333333333334
0 0.3925 0.5191666666666667 0.018333333333333333 0.07166666666666667
