0 0.5533333333333333 0.4741666666666667 0.03666666666666667 0.03833333333333333
0 0.5625 0.525 0.018333333333333333 0.06333333333333334
0 0.26416666666666666 0.2733333333333333 0.035 0.03333333333333333
0 0.3025 0.2916666666666667 0.035 0.03
0 0.5233333333333333 0.2991666666666667 0.023333333333333334 0.065
0 0.2775 0.305 0.035 0.03333333333333333
0 0.5025 0.30666666666666664 0.028333333333333332 0.03
0 0.34 0.31083333333333335 0.03666666666666667 0.035
0 0.31416666666666665 0.31916666666666665 0.035 0.028333333333333332
0 0.5141666666666667 0.31916666666666665 0.0016666666666666668 0.0016666666666666668
0 0.37833333333333335 0.33666666666666667 0.03666666666666667 0.03
0 0.4625 0.3375 0.03166666666666667 0.045
0 0.545 0.3425 0.016666666666666666 0.065
0 0.5008333333333334 0.3458333333333333 0.03166666666666667 0.035
0 0.5216666666666666 0.35833333333333334 0.03 0.04666666666666667
0 0.5591666666666667 0.3616666666666667 0.015 0.06666666666666667
0 0.4925 0.3675 0.03166666666666667 0.051666666666666666
0 0.43 0.3775 0.04 0.04833333333333333
0 0.4708333333333333 0.37833333333333335 0.03833333333333333 0.04
0 0.5325 0.39 0.021666666666666667 0.06
0 0.515 0.39666666666666667 0.02666666666666667 0.04666666666666667
0 0.5358333333333334 0.42333333333333334 0.028333333333333332 0.04666666666666667
