0 0.5891666666666666 0.45 0.03166666666666667 0.056666666666666664
0 0.9283333333333333 0.4658333333333333 0.02 0.04833333333333333
0 0.565 0.4741666666666667 0.023333333333333334 0.06166666666666667
0 0.88 0.47583333333333333 0.02666666666666667 0.025
0 0.1225 0.48083333333333333 0.021666666666666667 0.051666666666666666
0 0.9016666666666666 0.485 0.02666666666666667 0.05333333333333334
0 0.9008333333333334 0.48333333333333334 0.028333333333333332 0.05
0 0.9325 0.495 0.021666666666666667 0.05333333333333334
0 0.9391666666666667 0.5258333333333334 0.015 0.055
0 0.9133333333333333 0.5325 0.02 0.055
0 0.24583333333333332 0.5416666666666666 0.045 0.04666666666666667
0 0.9275 0.555 0.021666666666666667 0.05333333333333334
0 0.2525 0.5708333333333333 0.041666666666666664 0.035
0 0.9041666666666667 0.5741666666666667 0.025 0.03833333333333333
0 0.5266666666666666 0.5733333333333334 0.043333333333333335 0.03333333333333333
0 0.9308333333333333 0.5816666666666667 0.028333333333333332 0.05333333333333334
0 0.24666666666666667 0.5966666666666667 0.04 0.043333333333333335
0 0.2791666666666667 0.5975 0.045 0.03166666666666667
0 0.32666666666666666 0.6075 0.03 0.035
0 0.9016666666666666 0.6133333333333333 0.03 0.04666666666666667
0 0.13583333333333333 0.6125 0.028333333333333332 0.07833333333333334
0 0.8241666666666667 0.6125 0.028333333333333332 0.065
0 0.075 0.6125 0.02666666666666667 0.065
0 0.9266666666666666 0.03 0.03333333333333333 0.043333333333333335
0 0.24 0.6291666666666667 0.03666666666666667 0.06166666666666667
0 0.2625 0.6191666666666666 0.0016666666666666668 0.0016666666666666668
0 0.2683333333333333 0.6425 0.016666666666666666 0.065
0 0.8958333333333334 0.6516666666666666 0.028333333333333332 0.043333333333333335
0 0.22833333333333333 0.655 0.023333333333333334 0.05333333333333334
0 0.28 0.6583333333333333 0.016666666666666666 0.08333333333333333
0 0.7383333333333333 0.6675 0.016666666666666666 0.07166666666666667
0 0.06916666666666667 0.6758333333333333 0.021666666666666667 0.06833333333333333
0 0.255 0.6775 0.03333333333333333 0.03166666666666667
0 0.25 0.6958333333333333 0.03333333333333333 0.021666666666666667
0 0.12 0.7008333333333333 0.03333333333333333 0.058333333333333334
0 0.22916666666666666 0.7125 0.035 0.051666666666666666
0 0.2783333333333333 0.7158333333333333 0.0033333333333333335 0.005
0 0.7583333333333333 0.72 0.023333333333333334 0.06666666666666667
0 0.0975 0.7225 0.021666666666666667 0.058333333333333334
0 0.2275 0.72 0.03166666666666667 0.04
0 0.7308333333333333 0.7308333333333333 0.015 0.058333333333333334
0 0.2683333333333333 0.7383333333333333 0.05 0.03
0 0.24833333333333332 0.7525 0.02666666666666667 0.018333333333333333
0 0.23583333333333334 0.7566666666666667 0.03166666666666667 0.023333333333333334
0 0.8833333333333333 0.875 0.02 0.06666666666666667
0 0.0575 0.8891666666666667 0.021666666666666667 0.058333333333333334
0 0.8858333333333334 0.9266666666666666 0.03166666666666667 0.07333333333333333
0 0.2275 0.0825 0.03833333333333333 0.06166666666666667
0 0.9475 0.09083333333333334 0.028333333333333332 0.075
0 0.2375 0.12416666666666666 0.041666666666666664 0.058333333333333334
0 0.7341666666666666 0.17166666666666666 0.021666666666666667 0.07666666666666666
0 0.22416666666666665 0.24583333333333332 0.03166666666666667 0.065
0 0.9341666666666667 0.26416666666666666 0.025 0.025
0 0.9141666666666667 0.2841666666666667 0.018333333333333333 0.058333333333333334
0 0.9341666666666667 0.31166666666666665 0.021666666666666667 0.06333333333333334
0 0.9108333333333334 0.31666666666666665 0.021666666666666667 0.06333333333333334
0 0.9258333333333333 0.31666666666666665 0.021666666666666667 0.07
0 0.8858333333333334 0.3525 0.021666666666666667 0.055
0 0.9175 0.36083333333333334 0.021666666666666667 0.058333333333333334
0 0.5875 0.3641666666666667 0.028333333333333332 0.07166666666666667
0 0.9333333333333333 0.37416666666666665 0.02 0.058333333333333334
0 0.9058333333333334 0.37583333333333335 0.021666666666666667 0.051666666666666666
0 0.875 0.37916666666666665 0.02 0.065
0 0.9275 0.39166666666666666 0.015 0.03333333333333333
0 0.6483333333333333 0.39166666666666666 0.016666666666666666 0.07333333333333333
0 0.9166666666666666 0.39 0.02 0.03666666666666667
0 0.885 0.4141666666666667 0.016666666666666666 0.07833333333333334
0 0.9433333333333334 0.41583333333333333 0.016666666666666666 0.058333333333333334
0 0.5875 0.4225 0.03833333333333333 0.045
0 0.9275 0.4241666666666667 0.025 0.045
0 0.8983333333333333 0.43 0.02 0.056666666666666664
0 0.5675 0.43166666666666664 0.018333333333333333 0.02666666666666667
0 0.9083333333333333 0.43166666666666664 0.016666666666666666 0.05
0 0.86 0.435 0.02 0.03
0 0.8783333333333333 0.44333333333333336 0.02 0.04
