0 0.39166666666666666 0.4691666666666667 0.03666666666666667 0.065
0 0.415 0.48833333333333334 0.03666666666666667 0.05333333333333334
0 0.36916666666666664 0.5108333333333334 0.04833333333333333 0.03833333333333333
0 0.4066666666666667 0.525 0.02666666666666667 0.03333333333333333
0 0.42 0.5591666666666667 0.043333333333333335 0.028333333333333332
0 0.7133333333333334 0.015 0.05 0.03
0 0.5491666666666667 0.6358333333333334 0.028333333333333332 0.065
0 0.57 0.6475 0.03333333333333333 0.028333333333333332
0 0.5283333333333333 0.6566666666666666 0.02 0.07666666666666666
0 0.6183333333333333 0.028333333333333332 0.05333333333333334 0.056666666666666664
0 0.5416666666666666 0.6925 0.03333333333333333 0.058333333333333334
0 0.37083333333333335 0.028333333333333332 0.025 0.056666666666666664
0 0.6625 0.02666666666666667 0.04833333333333333 0.05333333333333334
0 0.555 0.7133333333333334 0.023333333333333334 0.06
0 0.5 0.7183333333333334 0.02 0.09
0 0.5116666666666667 0.7416666666666667 0.023333333333333334 0.07666666666666666
0 0.5775 0.7466666666666667 0.035 0.06333333333333334
0 0.6075 0.7458333333333333 0.041666666666666664 0.028333333333333332
0 0.48333333333333334 0.7533333333333333 0.016666666666666666 0.07
0 0.5491666666666667 0.7758333333333334 0.025 0.07833333333333334
0 0.5316666666666666 0.7858333333333334 0.02 0.095
0 0.49333333333333335 0.7916666666666666 0.016666666666666666 0.04666666666666667
0 0.5166666666666667 0.805 0.02 0.08
0 0.505 0.825 0.016666666666666666 0.07666666666666666
0 0.555 0.8391666666666666 0.023333333333333334 0.065
0 0.6041666666666666 0.845 0.025 0.08333333333333333
0 0.8208333333333333 0.045 0.03833333333333333 0.03
0 0.53 0.8725 0.023333333333333334 0.08166666666666667
0 0.5575 0.8875 0.018333333333333333 0.055
0 0.5425 0.8916666666666667 0.015 0.06333333333333334
0 0.5541666666666667 0.9308333333333333 0.04833333333333333 0.035
0 0.7875 0.058333333333333334 0.058333333333333334 0.03666666666666667
0 0.8391666666666666 0.06333333333333334 0.04833333333333333 0.03666666666666667
0 0.36083333333333334 0.07416666666666667 0.015 0.08166666666666667
0 0.8058333333333333 0.09083333333333334 0.058333333333333334 0.035
0 0.37666666666666665 0.09916666666666667 0.02 0.07166666666666667
0 0.8458333333333333 0.10333333333333333 0.055 0.03666666666666667
0 0.375 0.15333333333333332 0.023333333333333334 0.06666666666666667
0 0.475 0.19916666666666666 0.043333333333333335 0.03833333333333333
0 0.385 0.21083333333333334 0.03333333333333333 0.06166666666666667
0 0.45416666666666666 0.25583333333333336 0.03833333333333333 0.065
0 0.4325 0.2633333333333333 0.045 0.043333333333333335
0 0.41083333333333333 0.2675 0.03833333333333333 0.045
0 0.6958333333333333 0.0075 0.018333333333333333 0.015
0 0.38333333333333336 0.44583333333333336 0.03333333333333333 0.08166666666666667
