0 0.26916666666666667 0.5408333333333334 0.03166666666666667 0.028333333333333332
0 0.2325 0.5275 0.025 0.041666666666666664
0 0.21416666666666667 0.4775 0.03166666666666667 0.045
0 0.3433333333333333 0.465 0.03 0.03333333333333333
0 0.3075 0.4575 0.035 0.03166666666666667
0 0.33416666666666667 0.455 0.021666666666666667 0.03333333333333333
0 0.36333333333333334 0.43833333333333335 0.04 0.04
0 0.3616666666666667 0.4091666666666667 0.023333333333333334 0.025
0 0.33916666666666667 0.4025 0.035 0.03166666666666667
0 0.2891666666666667 0.385 0.035 0.03333333333333333
0 0.25416666666666665 0.3775 0.021666666666666667 0.051666666666666666
0 0.3275 0.37583333333333335 0.035 0.03833333333333333
0 0.6875 0.32666666666666666 0.03833333333333333 0.04
0 0.30666666666666664 0.31916666666666665 0.023333333333333334 0.07833333333333334
0 0.6975 0.3308333333333333 0.0016666666666666668 0.0016666666666666668
0 0.17916666666666667 0.31 0.025 0.056666666666666664
0 0.6666666666666666 0.30416666666666664 0.023333333333333334 0.03166666666666667
0 0.13416666666666666 0.3 0.028333333333333332 0.02666666666666667
0 0.26416666666666666 0.2941666666666667 0.03166666666666667 0.04833333333333333
0 0.2916666666666667 0.225 0.02 0.06666666666666667
0 0.6216666666666667 0.019166666666666665 0.043333333333333335 0.03833333333333333
0 0.38166666666666665 0.9091666666666667 0.02 0.03166666666666667
0 0.3591666666666667 0.9016666666666666 0.021666666666666667 0.02
0 0.3375 0.8925 0.021666666666666667 0.021666666666666667
0 0.3283333333333333 0.8916666666666667 0.013333333333333334 0.013333333333333334
0 0.37833333333333335 0.8808333333333334 0.016666666666666666 0.035
0 0.30583333333333335 0.8783333333333333 0.028333333333333332 0.043333333333333335
0 0.3258333333333333 0.8766666666666667 0.025 0.03
0 0.37333333333333335 0.8808333333333334 0.02666666666666667 0.051666666666666666
0 0.3333333333333333 0.865 0.03 0.03
0 0.3516666666666667 0.875 0.02 0.04
0 0.30833333333333335 0.8533333333333334 0.03 0.03
0 0.3358333333333333 0.8466666666666667 0.028333333333333332 0.02666666666666667
0 0.2841666666666667 0.8466666666666667 0.021666666666666667 0.03
0 0.31833333333333336 0.7975 0.016666666666666666 0.058333333333333334
0 0.32666666666666666 0.795 0.016666666666666666 0.04666666666666667
0 0.6841666666666667 0.7891666666666667 0.035 0.045
0 0.33666666666666667 0.7825 0.013333333333333334 0.051666666666666666
0 0.32666666666666666 0.7558333333333334 0.03 0.035
0 0.2941666666666667 0.7158333333333333 0.021666666666666667 0.045
0 0.2575 0.7 0.021666666666666667 0.05
0 0.29083333333333333 0.7025 0.025 0.035
0 0.26916666666666667 0.6916666666666667 0.021666666666666667 0.03666666666666667
0 0.2758333333333333 0.6783333333333333 0.025 0.03333333333333333
0 0.23666666666666666 0.6691666666666667 0.02 0.035
0 0.25333333333333335 0.6608333333333334 0.03 0.028333333333333332
0 0.335 0.9958333333333333 0.03 0.008333333333333333
0 0.6133333333333333 0.6575 0.02666666666666667 0.041666666666666664
0 0.6291666666666667 0.6491666666666667 0.025 0.03833333333333333
0 0.22083333333333333 0.64 0.025 0.04
0 0.65 0.64 0.023333333333333334 0.043333333333333335
0 0.245 0.6391666666666667 0.023333333333333334 0.021666666666666667
0 0.2675 0.6408333333333334 0.028333333333333332 0.028333333333333332
0 0.2175 0.6266666666666667 0.028333333333333332 0.05333333333333334
0 0.24083333333333334 0.6183333333333333 0.025 0.023333333333333334
0 0.26416666666666666 0.6116666666666667 0.028333333333333332 0.03333333333333333
0 0.22333333333333333 0.6025 0.03666666666666667 0.028333333333333332
0 0.25333333333333335 0.5941666666666666 0.03 0.028333333333333332
0 0.23666666666666666 0.575 0.02 0.023333333333333334
0 0.21833333333333332 0.5733333333333334 0.02 0.04
0 0.25666666666666665 0.565 0.02666666666666667 0.04666666666666667
0 0.1975 0.5625 0.018333333333333333 0.051666666666666666
0 0.2733333333333333 0.5658333333333333 0.03333333333333333 0.035
0 0.17 0.5616666666666666 0.02666666666666667 0.06666666666666667
