0 0.45916666666666667 0.48083333333333333 0.015 0.06166666666666667
0 0.415 0.5158333333333334 0.02 0.06833333333333333
0 0.42833333333333334 0.29083333333333333 0.023333333333333334 0.06166666666666667
0 0.43916666666666665 0.32666666666666666 0.015 0.06333333333333334
0 0.4275 0.3283333333333333 0.03833333333333333 0.06666666666666667
0 0.4116666666666667 0.345 0.006666666666666667 0.0033333333333333335
0 0.4275 0.3575 0.015 0.051666666666666666
0 0.4058333333333333 0.3616666666666667 0.011666666666666667 0.04
0 0.45 0.37083333333333335 0.016666666666666666 0.051666666666666666
0 0.3958333333333333 0.37916666666666665 0.011666666666666667 0.04833333333333333
0 0.415 0.4 0.013333333333333334 0.05333333333333334
0 0.44166666666666665 0.4125 0.023333333333333334 0.051666666666666666
0 0.4525 0.405 0.018333333333333333 0.043333333333333335
0 0.4666666666666667 0.4083333333333333 0.016666666666666666 0.03333333333333333
0 0.4266666666666667 0.4241666666666667 0.013333333333333334 0.051666666666666666
0 0.485 0.4375 0.023333333333333334 0.058333333333333334
0 0.47 0.44666666666666666 0.03 0.04
0 0.4116666666666667 0.4558333333333333 0.03666666666666667 0.03166666666666667
0 0.44166666666666665 0.46 0.023333333333333334 0.05333333333333334
