0 0.18833333333333332 0.5325 0.07666666666666666 0.065
0 0.15916666666666668 0.4625 0.07166666666666667 0.10166666666666667
0 0.1225 0.46166666666666667 0.041666666666666664 0.11666666666666667
0 0.1875 0.41 0.06833333333333333 0.11
0 0.5191666666666667 0.3 0.07833333333333334 0.06666666666666667
0 0.7958333333333333 0.9625 0.065 0.075
0 0.6283333333333333 0.2025 0.06333333333333334 0.105
0 0.6166666666666667 0.11083333333333334 0.07 0.06833333333333333
0 0.5933333333333334 0.03916666666666667 0.07333333333333333 0.07833333333333334
0 0.5225 0.028333333333333332 0.07166666666666667 0.056666666666666664
0 0.8283333333333334 0.035 0.03333333333333333 0.07
0 0.97 0.88 0.06 0.08
0 0.545 0.8125 0.056666666666666664 0.09833333333333333
0 0.8083333333333333 0.7658333333333334 0.07666666666666666 0.06166666666666667
0 0.11333333333333333 0.7033333333333334 0.06666666666666667 0.08333333333333333
0 0.9341666666666667 0.6883333333333334 0.07166666666666667 0.07666666666666666
0 0.08916666666666667 0.6208333333333333 0.06166666666666667 0.07833333333333334
0 0.9 0.6066666666666667 0.07333333333333333 0.056666666666666664
0 0.155 0.6066666666666667 0.08333333333333333 0.06666666666666667
