0 0.4275 0.5041666666666667 0.018333333333333333 0.055
0 0.41333333333333333 0.5066666666666667 0.016666666666666666 0.043333333333333335
0 0.4633333333333333 0.5041666666666667 0.013333333333333334 0.065
0 0.44083333333333335 0.5016666666666667 0.018333333333333333 0.06
0 0.3958333333333333 0.4791666666666667 0.021666666666666667 0.06166666666666667
0 0.4083333333333333 0.465 0.023333333333333334 0.05333333333333334
0 0.44416666666666665 0.4633333333333333 0.018333333333333333 0.07333333333333333
0 0.42583333333333334 0.4325 0.021666666666666667 0.06833333333333333
0 0.3725 0.43 0.015 0.08
0 0.4066666666666667 0.4116666666666667 0.02 0.06666666666666667
0 0.3908333333333333 0.4058333333333333 0.021666666666666667 0.065
0 0.44083333333333335 0.3775 0.021666666666666667 0.07833333333333334
0 0.4083333333333333 0.3566666666666667 0.02 0.07
0 0.42583333333333334 0.3516666666666667 0.018333333333333333 0.07333333333333333
0 0.4483333333333333 0.3525 0.02 0.08166666666666667
0 0.4583333333333333 0.31916666666666665 0.016666666666666666 0.07166666666666667
0 0.43416666666666665 0.31 0.011666666666666667 0.05
0 0.41083333333333333 0.30333333333333334 0.015 0.06666666666666667
0 0.3933333333333333 0.2833333333333333 0.016666666666666666 0.06333333333333334
0 0.42333333333333334 0.25333333333333335 0.023333333333333334 0.06
0 0.4483333333333333 0.23333333333333334 0.043333333333333335 0.04666666666666667
0 0.3541666666666667 0.21083333333333334 0.03833333333333333 0.065
0 0.3325 0.16333333333333333 0.028333333333333332 0.07
0 0.9216666666666666 0.010833333333333334 0.023333333333333334 0.021666666666666667
0 0.43 0.815 0.02 0.07666666666666666
0 0.46 0.7958333333333333 0.013333333333333334 0.065
0 0.4691666666666667 0.7483333333333333 0.011666666666666667 0.05
0 0.445 0.7416666666666667 0.013333333333333334 0.06
0 0.46166666666666667 0.7116666666666667 0.013333333333333334 0.06
0 0.4483333333333333 0.6891666666666667 0.013333333333333334 0.055
0 0.4716666666666667 0.6791666666666667 0.023333333333333334 0.07833333333333334
0 0.45166666666666666 0.6541666666666667 0.016666666666666666 0.058333333333333334
0 0.45916666666666667 0.6083333333333333 0.018333333333333333 0.06
0 0.3875 0.59 0.028333333333333332 0.06333333333333334
0 0.42583333333333334 0.585 0.011666666666666667 0.07
0 0.38333333333333336 0.5883333333333334 0.02 0.06666666666666667
0 0.465 0.5616666666666666 0.013333333333333334 0.05333333333333334
0 0.4166666666666667 0.5683333333333334 0.016666666666666666 0.07333333333333333
0 0.4425 0.5641666666666667 0.018333333333333333 0.07166666666666667
0 0.4091666666666667 0.565 0.015 0.07
0 0.4533333333333333 0.5383333333333333 0.013333333333333334 0.05333333333333334
0 0.38666666666666666 0.5275 0.02 0.06833333333333333
