0 0.44583333333333336 0.5025 0.018333333333333333 0.07166666666666667
0 0.4141666666666667 0.51 0.03166666666666667 0.05333333333333334
0 0.49166666666666664 0.02 0.023333333333333334 0.04
0 0.4266666666666667 0.5125 0.02666666666666667 0.058333333333333334
0 0.39666666666666667 0.5225 0.02666666666666667 0.08166666666666667
0 0.14416666666666667 0.5391666666666667 0.028333333333333332 0.07166666666666667
0 0.43166666666666664 0.5508333333333333 0.02 0.058333333333333334
0 0.12916666666666668 0.57 0.021666666666666667 0.07666666666666666
0 0.16083333333333333 0.5666666666666667 0.028333333333333332 0.06666666666666667
0 0.15333333333333332 0.6 0.03 0.04666666666666667
0 0.22916666666666666 0.6316666666666667 0.045 0.04666666666666667
0 0.6975 0.7141666666666666 0.025 0.08833333333333333
0 0.6433333333333333 0.7458333333333333 0.043333333333333335 0.03833333333333333
0 0.7225 0.7566666666666667 0.025 0.06333333333333334
0 0.6566666666666666 0.7725 0.03333333333333333 0.028333333333333332
0 0.745 0.7858333333333334 0.023333333333333334 0.06166666666666667
0 0.7083333333333334 0.7958333333333333 0.03 0.07166666666666667
0 0.7233333333333334 0.8191666666666667 0.02666666666666667 0.06166666666666667
0 0.0375 0.8208333333333333 0.03833333333333333 0.065
0 0.7633333333333333 0.8241666666666667 0.03666666666666667 0.06833333333333333
0 0.8 0.83 0.04 0.03666666666666667
0 0.7358333333333333 0.8425 0.021666666666666667 0.06833333333333333
0 0.7775 0.8466666666666667 0.021666666666666667 0.07
0 0.08916666666666667 0.8625 0.035 0.055
0 0.7566666666666667 0.8883333333333333 0.02 0.06333333333333334
0 0.7758333333333334 0.9016666666666666 0.025 0.09
0 0.7675 0.9516666666666667 0.025 0.07
0 0.48833333333333334 0.0575 0.02666666666666667 0.07166666666666667
0 0.515 0.10666666666666667 0.023333333333333334 0.07
0 0.48583333333333334 0.10833333333333334 0.025 0.09
0 0.3475 0.12083333333333333 0.051666666666666666 0.028333333333333332
0 0.29833333333333334 0.13916666666666666 0.05333333333333334 0.03833333333333333
0 0.5041666666666667 0.14 0.018333333333333333 0.08
0 0.515 0.17583333333333334 0.02 0.06833333333333333
0 0.5291666666666667 0.19333333333333333 0.028333333333333332 0.07666666666666666
0 0.4241666666666667 0.44416666666666665 0.03833333333333333 0.04833333333333333
0 0.44 0.45416666666666666 0.03666666666666667 0.06166666666666667
