0 0.55 0.5408333333333334 0.02666666666666667 0.07833333333333334
0 0.5325 0.5208333333333334 0.018333333333333333 0.07833333333333334
0 0.5158333333333334 0.5125 0.028333333333333332 0.07833333333333334
0 0.5733333333333334 0.5108333333333334 0.02 0.07833333333333334
0 0.5408333333333334 0.49083333333333334 0.018333333333333333 0.058333333333333334
0 0.7258333333333333 0.48083333333333333 0.035 0.045
0 0.7575 0.47583333333333333 0.03833333333333333 0.028333333333333332
0 0.6091666666666666 0.4741666666666667 0.045 0.03833333333333333
0 0.7725 0.4691666666666667 0.035 0.045
0 0.5125 0.4558333333333333 0.021666666666666667 0.058333333333333334
0 0.7358333333333333 0.4475 0.035 0.035
0 0.3591666666666667 0.4033333333333333 0.025 0.056666666666666664
0 0.2608333333333333 0.39166666666666666 0.018333333333333333 0.08333333333333333
0 0.23166666666666666 0.3775 0.03666666666666667 0.035
0 0.24 0.3441666666666667 0.016666666666666666 0.055
0 0.25666666666666665 0.3383333333333333 0.023333333333333334 0.07333333333333333
0 0.19333333333333333 0.34 0.03666666666666667 0.05333333333333334
0 0.21916666666666668 0.3333333333333333 0.021666666666666667 0.06
0 0.1975 0.31916666666666665 0.03166666666666667 0.04833333333333333
0 0.225 0.35833333333333334 0.006666666666666667 0.006666666666666667
0 0.24583333333333332 0.2925 0.018333333333333333 0.051666666666666666
0 0.20583333333333334 0.2675 0.015 0.065
0 0.22083333333333333 0.25416666666666665 0.021666666666666667 0.065
0 0.18666666666666668 0.26 0.02 0.07333333333333333
0 0.8466666666666667 0.23916666666666667 0.03333333333333333 0.03833333333333333
0 0.19166666666666668 0.2125 0.023333333333333334 0.06166666666666667
0 0.8 0.22 0.03666666666666667 0.03333333333333333
0 0.47583333333333333 0.815 0.018333333333333333 0.08
0 0.45916666666666667 0.7741666666666667 0.018333333333333333 0.051666666666666666
0 0.5716666666666667 0.7441666666666666 0.043333333333333335 0.03166666666666667
0 0.4625 0.7375 0.018333333333333333 0.065
0 0.5875 0.7166666666666667 0.03833333333333333 0.03333333333333333
0 0.6091666666666666 0.69 0.03833333333333333 0.03333333333333333
0 0.6158333333333333 0.6508333333333334 0.03166666666666667 0.051666666666666666
0 0.5608333333333333 0.5516666666666666 0.025 0.07
