0 0.4375 0.9916666666666667 0.041666666666666664 0.016666666666666666
0 0.3875 0.9841666666666666 0.018333333333333333 0.03166666666666667
0 0.4008333333333333 0.9708333333333333 0.035 0.058333333333333334
0 0.36916666666666664 0.9633333333333334 0.021666666666666667 0.07333333333333333
0 0.41583333333333333 0.9591666666666666 0.028333333333333332 0.06166666666666667
0 0.37333333333333335 0.9291666666666667 0.02 0.08166666666666667
0 0.35083333333333333 0.9308333333333333 0.018333333333333333 0.06833333333333333
0 0.43916666666666665 0.9208333333333333 0.041666666666666664 0.06833333333333333
0 0.4658333333333333 0.915 0.045 0.03666666666666667
0 0.4125 0.9091666666666667 0.025 0.075
0 0.3933333333333333 0.8983333333333333 0.02 0.09
0 0.36 0.8908333333333334 0.016666666666666666 0.04833333333333333
0 0.38333333333333336 0.87 0.02 0.07
0 0.4175 0.8491666666666666 0.018333333333333333 0.075
0 0.375 0.8383333333333334 0.016666666666666666 0.08
0 0.4666666666666667 0.83 0.023333333333333334 0.09666666666666666
0 0.3983333333333333 0.825 0.023333333333333334 0.09333333333333334
0 0.4216666666666667 0.7883333333333333 0.02 0.07
0 0.405 0.7791666666666667 0.016666666666666666 0.08166666666666667
0 0.4475 0.7391666666666666 0.03166666666666667 0.07833333333333334
0 0.4083333333333333 0.9908333333333333 0.023333333333333334 0.018333333333333333
