0 0.5025 0.47583333333333333 0.028333333333333332 0.11166666666666666
0 0.8691666666666666 0.5533333333333333 0.075 0.05333333333333334
0 0.8491666666666666 0.6966666666666667 0.06166666666666667 0.09
0 0.45416666666666666 0.8291666666666667 0.06166666666666667 0.051666666666666666
0 0.925 0.06583333333333333 0.06666666666666667 0.07166666666666667
0 0.42916666666666664 0.9041666666666667 0.058333333333333334 0.07833333333333334
0 0.5283333333333333 0.9158333333333334 0.06 0.07166666666666667
0 0.47833333333333333 0.9716666666666667 0.06666666666666667 0.05333333333333334
0 0.4816666666666667 0.9991666666666666 0.006666666666666667 0.0016666666666666668
0 0.895 0.21166666666666667 0.06 0.09
0 0.8166666666666667 0.25416666666666665 0.06333333333333334 0.06166666666666667
0 0.8133333333333334 0.3358333333333333 0.07333333333333333 0.051666666666666666
0 0.7225 0.38666666666666666 0.065 0.07333333333333333
0 0.8083333333333333 0.3925 0.07333333333333333 0.04833333333333333
