0 0.35583333333333333 0.47833333333333333 0.03833333333333333 0.03666666666666667
0 0.43416666666666665 0.5108333333333334 0.018333333333333333 0.085
0 0.43666666666666665 0.5241666666666667 0.02 0.06166666666666667
0 0.7375 0.5333333333333333 0.025 0.07
0 0.2758333333333333 0.57 0.028333333333333332 0.04666666666666667
0 0.2891666666666667 0.5808333333333333 0.028333333333333332 0.065
0 0.74 0.5833333333333334 0.016666666666666666 0.06333333333333334
0 0.43 0.6033333333333334 0.016666666666666666 0.08333333333333333
0 0.7183333333333334 0.6075 0.023333333333333334 0.058333333333333334
0 0.26 0.6141666666666666 0.03 0.04833333333333333
0 0.7441666666666666 0.6366666666666667 0.021666666666666667 0.04666666666666667
0 0.26416666666666666 0.6441666666666667 0.028333333333333332 0.06166666666666667
0 0.565 0.645 0.02666666666666667 0.07666666666666666
0 0.4125 0.6483333333333333 0.025 0.07666666666666666
0 0.7 0.6483333333333333 0.02 0.06
0 0.725 0.6508333333333334 0.02666666666666667 0.07166666666666667
0 0.6275 0.66 0.03166666666666667 0.06
0 0.24166666666666667 0.6733333333333333 0.023333333333333334 0.06666666666666667
0 0.545 0.6816666666666666 0.016666666666666666 0.08333333333333333
0 0.7525 0.6858333333333333 0.03833333333333333 0.04833333333333333
0 0.6991666666666667 0.6966666666666667 0.025 0.06
0 0.6875 0.69 0.018333333333333333 0.06666666666666667
0 0.7766666666666666 0.6916666666666667 0.03 0.04666666666666667
0 0.6133333333333333 0.695 0.02 0.08666666666666667
0 0.7133333333333334 0.7025 0.02 0.03166666666666667
0 0.6408333333333334 0.7058333333333333 0.011666666666666667 0.03166666666666667
0 0.40166666666666667 0.715 0.02666666666666667 0.08
0 0.6333333333333333 0.7291666666666666 0.023333333333333334 0.07833333333333334
0 0.6508333333333334 0.7325 0.018333333333333333 0.058333333333333334
0 0.7025 0.7383333333333333 0.03166666666666667 0.04
0 0.7275 0.7441666666666666 0.045 0.03166666666666667
0 0.6658333333333334 0.7458333333333333 0.018333333333333333 0.07166666666666667
0 0.36916666666666664 0.7591666666666667 0.021666666666666667 0.075
0 0.6416666666666667 0.7641666666666667 0.02 0.065
0 0.6808333333333333 0.7733333333333333 0.018333333333333333 0.07666666666666666
0 0.525 0.7775 0.03 0.07833333333333334
0 0.36833333333333335 0.8033333333333333 0.023333333333333334 0.07666666666666666
0 0.7325 0.8041666666666667 0.03833333333333333 0.045
0 0.6491666666666667 0.8016666666666666 0.021666666666666667 0.06666666666666667
0 0.675 0.8291666666666667 0.016666666666666666 0.065
0 0.6575 0.8308333333333333 0.021666666666666667 0.075
0 0.6358333333333334 0.855 0.018333333333333333 0.07333333333333333
0 0.3466666666666667 0.8525 0.016666666666666666 0.03833333333333333
0 0.36083333333333334 0.8658333333333333 0.025 0.07166666666666667
0 0.5483333333333333 0.8816666666666667 0.02 0.056666666666666664
0 0.335 0.9075 0.02666666666666667 0.058333333333333334
0 0.6433333333333333 0.9258333333333333 0.02 0.08166666666666667
0 0.49083333333333334 0.9233333333333333 0.035 0.07
0 0.3466666666666667 0.9241666666666667 0.02 0.04833333333333333
0 0.5566666666666666 0.9333333333333333 0.03333333333333333 0.05
0 0.5391666666666667 0.9341666666666667 0.03166666666666667 0.051666666666666666
0 0.505 0.9525 0.02666666666666667 0.051666666666666666
0 0.32416666666666666 0.9633333333333334 0.03166666666666667 0.07333333333333333
0 0.4875 0.9666666666666667 0.021666666666666667 0.04666666666666667
0 0.5491666666666667 0.9758333333333333 0.021666666666666667 0.04833333333333333
0 0.53 0.9833333333333333 0.023333333333333334 0.03333333333333333
0 0.5116666666666667 0.985 0.016666666666666666 0.03
0 0.495 0.9875 0.023333333333333334 0.025
0 0.4775 0.995 0.015 0.01
0 0.24416666666666667 0.2475 0.025 0.03166666666666667
0 0.17666666666666667 0.25416666666666665 0.006666666666666667 0.028333333333333332
0 0.18583333333333332 0.2683333333333333 0.025 0.08
0 0.23166666666666666 0.2941666666666667 0.02666666666666667 0.06833333333333333
0 0.215 0.305 0.016666666666666666 0.08
0 0.255 0.3358333333333333 0.023333333333333334 0.07833333333333334
0 0.3958333333333333 0.4508333333333333 0.035 0.06166666666666667
