0 0.09916666666666667 0.44666666666666666 0.035 0.11666666666666667
0 0.23416666666666666 0.30666666666666664 0.03833333333333333 0.13
0 0.12583333333333332 0.215 0.065 0.1
0 0.37583333333333335 0.20166666666666666 0.035 0.10666666666666667
0 0.2325 0.19 0.03833333333333333 0.10666666666666667
0 0.29083333333333333 0.17666666666666667 0.045 0.10333333333333333
0 0.68 0.9333333333333333 0.07 0.09666666666666666
0 0.42333333333333334 0.9158333333333334 0.07666666666666666 0.058333333333333334
0 0.48833333333333334 0.8833333333333333 0.06 0.11333333333333333
0 0.5991666666666666 0.8733333333333333 0.075 0.056666666666666664
0 0.7058333333333333 0.8208333333333333 0.07833333333333334 0.055
0 0.5808333333333333 0.8025 0.07166666666666667 0.051666666666666666
0 0.6325 0.7691666666666667 0.03166666666666667 0.125
0 0.2 0.7625 0.05333333333333334 0.12166666666666667
0 0.265 0.7333333333333333 0.04 0.12333333333333334
0 0.3225 0.5908333333333333 0.035 0.10833333333333334
