0 0.6091666666666666 0.5425 0.035 0.051666666666666666
0 0.6375 0.5375 0.03833333333333333 0.041666666666666664
0 0.5666666666666667 0.535 0.023333333333333334 0.08
0 0.42916666666666664 0.5383333333333333 0.03833333333333333 0.06666666666666667
0 0.5841666666666666 0.5291666666666667 0.028333333333333332 0.07166666666666667
0 0.4841666666666667 0.5258333333333334 0.03833333333333333 0.035
0 0.6125 0.5091666666666667 0.03166666666666667 0.04833333333333333
0 0.4633333333333333 0.5141666666666667 0.03666666666666667 0.03833333333333333
0 0.5558333333333333 0.49666666666666665 0.03833333333333333 0.05333333333333334
0 0.5216666666666666 0.4891666666666667 0.02666666666666667 0.065
0 0.5375 0.48833333333333334 0.03166666666666667 0.05333333333333334
0 0.44 0.47583333333333333 0.04 0.07166666666666667
0 0.4875 0.4658333333333333 0.035 0.06166666666666667
0 0.51 0.4625 0.03333333333333333 0.07166666666666667
0 0.46 0.4575 0.043333333333333335 0.041666666666666664
0 0.4741666666666667 0.4041666666666667 0.04833333333333333 0.045
0 0.0 0.0 0.0 0.0
0 0.5191666666666667 0.6508333333333334 0.035 0.06166666666666667
0 0.4725 0.6308333333333334 0.045 0.058333333333333334
0 0.5791666666666667 0.6175 0.045 0.03166666666666667
0 0.4925 0.6125 0.041666666666666664 0.035
0 0.625 0.6075 0.04666666666666667 0.045
0 0.5366666666666666 0.5975 0.03666666666666667 0.045
0 0.5633333333333334 0.5933333333333334 0.03666666666666667 0.043333333333333335
0 0.4533333333333333 0.5883333333333334 0.05 0.03666666666666667
0 0.6191666666666666 0.5808333333333333 0.03166666666666667 0.04833333333333333
0 0.5966666666666667 0.5825 0.03666666666666667 0.041666666666666664
0 0.5233333333333333 0.57 0.03333333333333333 0.05
0 0.645 0.5666666666666667 0.023333333333333334 0.03666666666666667
0 0.5175 0.5508333333333333 0.03833333333333333 0.065
0 0.5466666666666666 0.5483333333333333 0.02 0.06333333333333334
0 0.4975 0.5475 0.035 0.055
0 0.4583333333333333 0.5508333333333333 0.04 0.041666666666666664
