0 0.78 0.4683333333333333 0.03333333333333333 0.05333333333333334
0 0.13583333333333333 0.49416666666666664 0.03166666666666667 0.03166666666666667
0 0.7833333333333333 0.5033333333333333 0.023333333333333334 0.043333333333333335
0 0.7608333333333334 0.5141666666666667 0.025 0.041666666666666664
0 0.14666666666666667 0.5283333333333333 0.03 0.03333333333333333
0 0.7833333333333333 0.5333333333333333 0.023333333333333334 0.03333333333333333
0 0.7391666666666666 0.5325 0.025 0.035
0 0.1725 0.54 0.03833333333333333 0.03
0 0.7591666666666667 0.54 0.035 0.05
0 0.11333333333333333 0.5491666666666667 0.02666666666666667 0.058333333333333334
0 0.155 0.5541666666666667 0.03 0.028333333333333332
0 0.745 0.555 0.02 0.02666666666666667
0 0.7741666666666667 0.5608333333333333 0.035 0.025
0 0.7341666666666666 0.5775 0.041666666666666664 0.035
0 0.7625 0.5858333333333333 0.03166666666666667 0.03166666666666667
0 0.7333333333333333 0.060833333333333336 0.02 0.04833333333333333
0 0.1425 0.5958333333333333 0.028333333333333332 0.058333333333333334
0 0.74 0.6083333333333333 0.04 0.03333333333333333
0 0.12416666666666666 0.6208333333333333 0.018333333333333333 0.07166666666666667
0 0.11666666666666667 0.6366666666666667 0.013333333333333334 0.03666666666666667
0 0.14416666666666667 0.65 0.015 0.03333333333333333
0 0.25583333333333336 0.685 0.025 0.05333333333333334
0 0.1325 0.6791666666666667 0.015 0.035
0 0.15166666666666667 0.6841666666666667 0.02 0.045
0 0.11916666666666667 0.6891666666666667 0.018333333333333333 0.055
0 0.135 0.71 0.016666666666666666 0.06
0 0.2683333333333333 0.7183333333333334 0.03 0.03
0 0.2425 0.7216666666666667 0.028333333333333332 0.05
0 0.19333333333333333 0.7266666666666667 0.023333333333333334 0.06666666666666667
0 0.23833333333333334 0.7258333333333333 0.02666666666666667 0.041666666666666664
0 0.14666666666666667 0.7366666666666667 0.016666666666666666 0.06
0 0.23416666666666666 0.7433333333333333 0.025 0.043333333333333335
0 0.13083333333333333 0.7491666666666666 0.025 0.06166666666666667
0 0.26 0.7558333333333334 0.023333333333333334 0.03166666666666667
0 0.13416666666666666 0.7666666666666667 0.021666666666666667 0.04666666666666667
0 0.14583333333333334 0.8 0.03166666666666667 0.06
0 0.15333333333333332 0.805 0.02 0.06
0 0.17333333333333334 0.8108333333333333 0.03 0.055
0 0.135 0.8208333333333333 0.02666666666666667 0.055
0 0.285 0.8333333333333334 0.016666666666666666 0.06666666666666667
0 0.1775 0.8566666666666667 0.03833333333333333 0.05333333333333334
0 0.15916666666666668 0.8616666666666667 0.03166666666666667 0.04
0 0.18916666666666668 0.8975 0.035 0.04833333333333333
0 0.735 0.08583333333333333 0.02 0.04833333333333333
0 0.2025 0.9233333333333333 0.028333333333333332 0.07
0 0.7516666666666667 0.0925 0.016666666666666666 0.07166666666666667
0 0.7208333333333333 0.1 0.015 0.04666666666666667
0 0.7425 0.13083333333333333 0.025 0.045
0 0.73 0.14416666666666667 0.023333333333333334 0.028333333333333332
0 0.7583333333333333 0.17 0.023333333333333334 0.07
0 0.6891666666666667 0.17666666666666667 0.021666666666666667 0.07
0 0.16833333333333333 0.1825 0.02 0.03833333333333333
0 0.16 0.20833333333333334 0.03333333333333333 0.03333333333333333
0 0.7658333333333334 0.22666666666666666 0.021666666666666667 0.08
0 0.30333333333333334 0.23333333333333334 0.03666666666666667 0.04
0 0.9416666666666667 0.23666666666666666 0.03 0.056666666666666664
0 0.135 0.2925 0.0033333333333333335 0.005
0 0.14333333333333334 0.2833333333333333 0.02666666666666667 0.05333333333333334
0 0.16583333333333333 0.2975 0.03166666666666667 0.04833333333333333
0 0.44583333333333336 0.3125 0.03833333333333333 0.03833333333333333
0 0.8366666666666667 0.315 0.02 0.07
0 0.8541666666666666 0.32083333333333336 0.021666666666666667 0.058333333333333334
0 0.8208333333333333 0.32416666666666666 0.028333333333333332 0.045
0 0.12166666666666667 0.3258333333333333 0.02666666666666667 0.041666666666666664
0 0.14083333333333334 0.3466666666666667 0.021666666666666667 0.07
0 0.8525 0.36916666666666664 0.028333333333333332 0.041666666666666664
0 0.875 0.37666666666666665 0.02666666666666667 0.06
0 0.8 0.38 0.016666666666666666 0.07
0 0.7891666666666667 0.39 0.018333333333333333 0.056666666666666664
0 0.2275 0.3958333333333333 0.028333333333333332 0.065
0 0.7766666666666666 0.43333333333333335 0.03 0.06666666666666667
0 0.8858333333333334 0.4325 0.021666666666666667 0.055
0 0.83 0.44916666666666666 0.03 0.06833333333333333
0 0.7966666666666666 0.4608333333333333 0.02 0.041666666666666664
