0 0.255 0.04416666666666667 0.03 0.08833333333333333
0 0.26916666666666667 0.06666666666666667 0.045 0.07
0 0.3575 0.14083333333333334 0.04833333333333333 0.03833333333333333
0 0.4091666666666667 0.19333333333333333 0.028333333333333332 0.07
0 0.43166666666666664 0.20166666666666666 0.03333333333333333 0.03
0 0.39 0.20833333333333334 0.02 0.08
0 0.36916666666666664 0.2525 0.021666666666666667 0.085
0 0.41833333333333333 0.265 0.03 0.06666666666666667
0 0.35083333333333333 0.2866666666666667 0.018333333333333333 0.06666666666666667
0 0.375 0.29 0.02 0.08
0 0.43833333333333335 0.30833333333333335 0.04 0.07333333333333333
0 0.4725 0.305 0.03833333333333333 0.03
0 0.39416666666666667 0.31833333333333336 0.021666666666666667 0.08
0 0.4141666666666667 0.32 0.025 0.08
0 0.24083333333333334 0.028333333333333332 0.028333333333333332 0.056666666666666664
0 0.36083333333333334 0.3358333333333333 0.018333333333333333 0.04833333333333333
0 0.3825 0.36583333333333334 0.021666666666666667 0.09166666666666666
0 0.4191666666666667 0.38083333333333336 0.018333333333333333 0.08166666666666667
0 0.375 0.3925 0.02 0.085
0 0.4683333333333333 0.4033333333333333 0.023333333333333334 0.09333333333333334
0 0.39666666666666667 0.405 0.02666666666666667 0.08666666666666667
0 0.4216666666666667 0.4483333333333333 0.023333333333333334 0.06666666666666667
0 0.4066666666666667 0.4508333333333333 0.016666666666666666 0.085
0 0.31666666666666665 0.03166666666666667 0.05333333333333334 0.043333333333333335
0 0.44666666666666666 0.48583333333333334 0.04 0.07166666666666667
