0 0.4725 0.41583333333333333 0.03833333333333333 0.055
0 0.49 0.4125 0.03666666666666667 0.06166666666666667
0 0.5016666666666667 0.3958333333333333 0.023333333333333334 0.08166666666666667
0 0.4533333333333333 0.37416666666666665 0.03333333333333333 0.03833333333333333
0 0.4683333333333333 0.36333333333333334 0.02666666666666667 0.043333333333333335
0 0.48 0.3575 0.023333333333333334 0.055
0 0.21166666666666667 0.3516666666666667 0.03666666666666667 0.06333333333333334
0 0.17916666666666667 0.3358333333333333 0.021666666666666667 0.07833333333333334
0 0.48 0.31583333333333335 0.02 0.058333333333333334
0 0.21416666666666667 0.3125 0.018333333333333333 0.065
0 0.2025 0.29 0.025 0.07
0 0.6016666666666667 0.26416666666666666 0.02666666666666667 0.07833333333333334
0 0.27416666666666667 0.25 0.041666666666666664 0.056666666666666664
0 0.06 0.1725 0.03 0.06166666666666667
0 0.7341666666666666 0.1725 0.018333333333333333 0.08833333333333333
0 0.7575 0.1175 0.025 0.065
0 0.775 0.1 0.023333333333333334 0.05333333333333334
0 0.6933333333333334 0.10083333333333333 0.03333333333333333 0.028333333333333332
0 0.7433333333333333 0.08833333333333333 0.023333333333333334 0.08333333333333333
0 0.12583333333333332 0.07416666666666667 0.025 0.08166666666666667
0 0.7591666666666667 0.05416666666666667 0.025 0.06166666666666667
0 0.7966666666666666 0.0525 0.03666666666666667 0.051666666666666666
0 0.7691666666666667 0.035833333333333335 0.025 0.07166666666666667
0 0.83 0.0325 0.03333333333333333 0.04833333333333333
0 0.8166666666666667 0.020833333333333332 0.03666666666666667 0.041666666666666664
0 0.8025 0.011666666666666667 0.011666666666666667 0.023333333333333334
0 0.79 0.014166666666666666 0.016666666666666666 0.028333333333333332
0 0.5258333333333334 0.9066666666666666 0.035 0.05
0 0.4525 0.8875 0.018333333333333333 0.08833333333333333
0 0.52 0.8841666666666667 0.03 0.04833333333333333
0 0.55 0.8725 0.02 0.051666666666666666
0 0.5208333333333334 0.8466666666666667 0.025 0.07333333333333333
0 0.5491666666666667 0.8458333333333333 0.021666666666666667 0.07166666666666667
0 0.545 0.7808333333333334 0.02 0.09166666666666666
0 0.5725 0.7466666666666667 0.021666666666666667 0.08
0 0.5591666666666667 0.7133333333333334 0.018333333333333333 0.06666666666666667
