0 0.5425 0.4633333333333333 0.021666666666666667 0.02
0 0.565 0.4666666666666667 0.03666666666666667 0.043333333333333335
0 0.845 0.4683333333333333 0.03 0.056666666666666664
0 0.8858333333333334 0.4766666666666667 0.021666666666666667 0.056666666666666664
0 0.8666666666666667 0.485 0.02666666666666667 0.056666666666666664
0 0.8316666666666667 0.49583333333333335 0.023333333333333334 0.018333333333333333
0 0.5366666666666666 0.5083333333333333 0.03 0.02666666666666667
0 0.8466666666666667 0.5141666666666667 0.03 0.035
0 0.5858333333333333 0.5183333333333333 0.025 0.06666666666666667
0 0.5558333333333333 0.5183333333333333 0.035 0.043333333333333335
0 0.8466666666666667 0.5425 0.03333333333333333 0.035
0 0.8858333333333334 0.5408333333333334 0.021666666666666667 0.07166666666666667
0 0.9041666666666667 0.5408333333333334 0.025 0.07833333333333334
0 0.8666666666666667 0.545 0.03 0.06
0 0.8883333333333333 0.595 0.02 0.05333333333333334
0 0.8683333333333333 0.595 0.023333333333333334 0.056666666666666664
0 0.8958333333333334 0.635 0.018333333333333333 0.07333333333333333
0 0.8733333333333333 0.6533333333333333 0.03 0.06333333333333334
0 0.4558333333333333 0.6691666666666667 0.04833333333333333 0.03166666666666667
0 0.3958333333333333 0.6691666666666667 0.045 0.055
0 0.7725 0.6858333333333333 0.03166666666666667 0.06833333333333333
0 0.8608333333333333 0.705 0.035 0.043333333333333335
0 0.23833333333333334 0.7183333333333334 0.03333333333333333 0.04
0 0.06583333333333333 0.7266666666666667 0.021666666666666667 0.05333333333333334
0 0.0225 0.735 0.028333333333333332 0.08333333333333333
0 0.36 0.7391666666666666 0.043333333333333335 0.07166666666666667
0 0.15083333333333335 0.7541666666666667 0.028333333333333332 0.04833333333333333
0 0.13583333333333333 0.755 0.041666666666666664 0.06333333333333334
0 0.3225 0.7616666666666667 0.041666666666666664 0.043333333333333335
0 0.2775 0.775 0.041666666666666664 0.03333333333333333
0 0.175 0.7825 0.02666666666666667 0.075
0 0.1275 0.785 0.028333333333333332 0.05333333333333334
0 0.31166666666666665 0.795 0.05 0.043333333333333335
0 0.7033333333333334 0.805 0.03666666666666667 0.05
0 0.16166666666666665 0.8058333333333333 0.04 0.04833333333333333
0 0.14583333333333334 0.82 0.03833333333333333 0.02666666666666667
0 0.015833333333333335 0.8325 0.03166666666666667 0.06166666666666667
0 0.165 0.8383333333333334 0.056666666666666664 0.02666666666666667
0 0.13083333333333333 0.8458333333333333 0.03166666666666667 0.035
0 0.7266666666666667 0.8533333333333334 0.03666666666666667 0.043333333333333335
0 0.17 0.8591666666666666 0.05333333333333334 0.03833333333333333
0 0.7058333333333333 0.8658333333333333 0.041666666666666664 0.028333333333333332
0 0.13083333333333333 0.8666666666666667 0.03166666666666667 0.023333333333333334
0 0.15166666666666667 0.89 0.03 0.02666666666666667
0 0.84 0.9633333333333334 0.023333333333333334 0.07333333333333333
0 0.8941666666666667 0.0825 0.041666666666666664 0.045
0 0.9091666666666667 0.13833333333333334 0.025 0.07666666666666666
0 0.9091666666666667 0.205 0.025 0.07333333333333333
0 0.1425 0.20833333333333334 0.03833333333333333 0.07333333333333333
0 0.6666666666666666 0.21083333333333334 0.023333333333333334 0.085
0 0.15833333333333333 0.255 0.04666666666666667 0.043333333333333335
0 0.895 0.27 0.016666666666666666 0.06666666666666667
0 0.88 0.29833333333333334 0.02 0.056666666666666664
0 0.8683333333333333 0.3333333333333333 0.03333333333333333 0.06333333333333334
0 0.11083333333333334 0.3275 0.035 0.07166666666666667
0 0.8941666666666667 0.3575 0.028333333333333332 0.08833333333333333
0 0.8983333333333333 0.36 0.02 0.07666666666666666
0 0.8616666666666667 0.36833333333333335 0.03 0.07666666666666666
0 0.8741666666666666 0.38166666666666665 0.021666666666666667 0.06666666666666667
0 0.8341666666666666 0.4025 0.028333333333333332 0.06833333333333333
0 0.8891666666666667 0.42083333333333334 0.018333333333333333 0.051666666666666666
0 0.865 0.4191666666666667 0.03 0.051666666666666666
0 0.9116666666666666 0.42083333333333334 0.023333333333333334 0.06166666666666667
0 0.8216666666666667 0.4325 0.023333333333333334 0.07166666666666667
0 0.57 0.43416666666666665 0.04 0.041666666666666664
0 0.8633333333333333 0.44416666666666665 0.04 0.041666666666666664
0 0.9041666666666667 0.46 0.021666666666666667 0.056666666666666664
