0 0.7941666666666667 0.4741666666666667 0.025 0.045
0 0.19083333333333333 0.4716666666666667 0.011666666666666667 0.03
0 0.8441666666666666 0.47333333333333333 0.018333333333333333 0.023333333333333334
0 0.14166666666666666 0.47333333333333333 0.02 0.03333333333333333
0 0.17 0.4741666666666667 0.016666666666666666 0.055
0 0.8283333333333334 0.4741666666666667 0.03 0.03833333333333333
0 0.7783333333333333 0.47833333333333333 0.016666666666666666 0.04
0 0.9425 0.4875 0.018333333333333333 0.058333333333333334
0 0.1325 0.485 0.018333333333333333 0.05
0 0.16083333333333333 0.49083333333333334 0.018333333333333333 0.051666666666666666
0 0.19833333333333333 0.49916666666666665 0.016666666666666666 0.06166666666666667
0 0.5541666666666667 0.5016666666666667 0.035 0.04
0 0.825 0.5025 0.03666666666666667 0.035
0 0.1775 0.5058333333333334 0.018333333333333333 0.04833333333333333
0 0.8508333333333333 0.5125 0.03833333333333333 0.065
0 0.7733333333333333 0.5158333333333334 0.03 0.065
0 0.15333333333333332 0.5233333333333333 0.02 0.06666666666666667
0 0.7966666666666666 0.5258333333333334 0.02666666666666667 0.021666666666666667
0 0.16583333333333333 0.5391666666666667 0.011666666666666667 0.03833333333333333
0 0.1875 0.5358333333333334 0.018333333333333333 0.065
0 0.9758333333333333 0.5466666666666666 0.018333333333333333 0.056666666666666664
0 0.8475 0.5516666666666666 0.021666666666666667 0.03333333333333333
0 0.17833333333333334 0.5616666666666666 0.016666666666666666 0.05333333333333334
0 0.8433333333333334 0.5791666666666667 0.023333333333333334 0.03166666666666667
0 0.16833333333333333 0.5916666666666667 0.02 0.05
0 0.1925 0.6016666666666667 0.015 0.06
0 0.20416666666666666 0.6175 0.018333333333333333 0.058333333333333334
0 0.18583333333333332 0.6325 0.025 0.06166666666666667
0 0.24 0.6483333333333333 0.016666666666666666 0.07
0 0.215 0.6566666666666666 0.013333333333333334 0.06
0 0.18666666666666668 0.66 0.023333333333333334 0.04
0 0.15833333333333333 0.6633333333333333 0.02 0.05333333333333334
0 0.20833333333333334 0.6725 0.016666666666666666 0.055
0 0.225 0.6775 0.016666666666666666 0.065
0 0.3333333333333333 0.6808333333333333 0.02 0.07166666666666667
0 0.185 0.6975 0.016666666666666666 0.04833333333333333
0 0.20083333333333334 0.7041666666666667 0.025 0.045
0 0.32666666666666666 0.7091666666666666 0.016666666666666666 0.06833333333333333
0 0.3491666666666667 0.7275 0.025 0.065
0 0.23166666666666666 0.825 0.02666666666666667 0.05333333333333334
0 0.20416666666666666 0.965 0.025 0.07
0 0.7808333333333334 0.11333333333333333 0.025 0.06666666666666667
0 0.10166666666666667 0.13416666666666666 0.03333333333333333 0.03166666666666667
0 0.7541666666666667 0.008333333333333333 0.021666666666666667 0.016666666666666666
0 0.10833333333333334 0.16666666666666666 0.03333333333333333 0.03666666666666667
0 0.2975 0.20583333333333334 0.025 0.07166666666666667
0 0.8983333333333333 0.2925 0.02 0.03833333333333333
0 0.46 0.30666666666666664 0.02 0.07666666666666666
0 0.3925 0.31916666666666665 0.018333333333333333 0.07166666666666667
0 0.12916666666666668 0.3516666666666667 0.015 0.04
0 0.7791666666666667 0.425 0.0016666666666666668 0.0033333333333333335
0 0.13833333333333334 0.395 0.023333333333333334 0.06333333333333334
0 0.9566666666666667 0.39916666666666667 0.02666666666666667 0.055
0 0.12083333333333333 0.39916666666666667 0.018333333333333333 0.051666666666666666
0 0.47583333333333333 0.4041666666666667 0.035 0.04833333333333333
0 0.49583333333333335 0.4125 0.021666666666666667 0.028333333333333332
0 0.9316666666666666 0.4125 0.02 0.06833333333333333
0 0.815 0.41583333333333333 0.023333333333333334 0.045
0 0.16666666666666666 0.42083333333333334 0.02 0.058333333333333334
0 0.7916666666666666 0.41333333333333333 0.03333333333333333 0.03666666666666667
0 0.9008333333333334 0.42333333333333334 0.028333333333333332 0.07
0 0.47333333333333333 0.4266666666666667 0.03333333333333333 0.056666666666666664
0 0.13583333333333333 0.4275 0.018333333333333333 0.051666666666666666
0 0.8358333333333333 0.435 0.021666666666666667 0.04
0 0.7816666666666666 0.445 0.03333333333333333 0.03
0 0.17416666666666666 0.48 0.0016666666666666668 0.006666666666666667
0 0.15166666666666667 0.45 0.016666666666666666 0.05
0 0.12666666666666668 0.43166666666666664 0.0033333333333333335 0.0033333333333333335
0 0.8166666666666667 0.45 0.03 0.06
0 0.49666666666666665 0.455 0.016666666666666666 0.056666666666666664
0 0.9683333333333334 0.46166666666666667 0.023333333333333334 0.07
0 0.7608333333333334 0.47 0.028333333333333332 0.02666666666666667
