0 0.45666666666666667 0.49666666666666665 0.02 0.06
0 0.4708333333333333 0.49666666666666665 0.015 0.06333333333333334
0 0.48333333333333334 0.4766666666666667 0.016666666666666666 0.08
0 0.44083333333333335 0.4691666666666667 0.018333333333333333 0.08166666666666667
0 0.20583333333333334 0.465 0.028333333333333332 0.056666666666666664
0 0.23083333333333333 0.44583333333333336 0.028333333333333332 0.058333333333333334
0 0.4775 0.435 0.018333333333333333 0.06
0 0.19833333333333333 0.4325 0.02666666666666667 0.04833333333333333
0 0.2225 0.41833333333333333 0.03166666666666667 0.03666666666666667
0 0.31583333333333335 0.3825 0.045 0.03166666666666667
0 0.7333333333333333 0.31916666666666665 0.02 0.085
0 0.645 0.3 0.02666666666666667 0.03
0 0.7558333333333334 0.2975 0.03166666666666667 0.028333333333333332
0 0.7766666666666666 0.25583333333333336 0.023333333333333334 0.058333333333333334
0 0.7575 0.25583333333333336 0.018333333333333333 0.058333333333333334
0 0.74 0.24833333333333332 0.02666666666666667 0.06666666666666667
0 0.8158333333333333 0.21916666666666668 0.03833333333333333 0.051666666666666666
0 0.7533333333333333 0.20916666666666667 0.023333333333333334 0.045
0 0.7675 0.20833333333333334 0.018333333333333333 0.06
0 0.8183333333333334 0.19333333333333333 0.0033333333333333335 0.006666666666666667
0 0.77 0.2325 0.0033333333333333335 0.0016666666666666668
0 0.13 0.2025 0.04 0.045
0 0.175 0.1775 0.04 0.041666666666666664
0 0.7866666666666666 0.16166666666666665 0.016666666666666666 0.05333333333333334
0 0.8041666666666667 0.15333333333333332 0.021666666666666667 0.07666666666666666
0 0.7966666666666666 0.1075 0.023333333333333334 0.065
0 0.5416666666666666 0.8625 0.03 0.06166666666666667
0 0.5333333333333333 0.8308333333333333 0.023333333333333334 0.06833333333333333
0 0.5566666666666666 0.815 0.016666666666666666 0.06333333333333334
0 0.5175 0.7933333333333333 0.028333333333333332 0.05333333333333334
0 0.5425 0.7816666666666666 0.018333333333333333 0.06
0 0.5241666666666667 0.7558333333333334 0.021666666666666667 0.055
0 0.5258333333333334 0.7191666666666666 0.021666666666666667 0.058333333333333334
0 0.24083333333333334 0.7166666666666667 0.041666666666666664 0.056666666666666664
0 0.225 0.6425 0.03 0.08166666666666667
0 0.4691666666666667 0.5625 0.041666666666666664 0.03166666666666667
0 0.4775 0.545 0.041666666666666664 0.03333333333333333
