0 0.9075 0.49583333333333335 0.041666666666666664 0.205
0 0.43166666666666664 0.024166666666666666 0.03666666666666667 0.04833333333333333
0 0.515 0.7083333333333334 0.05 0.2
0 0.7675 0.7441666666666666 0.08166666666666667 0.145
0 0.2325 0.7891666666666667 0.058333333333333334 0.19166666666666668
0 0.3075 0.8158333333333333 0.06166666666666667 0.19166666666666668
0 0.8608333333333333 0.855 0.07833333333333334 0.16333333333333333
0 0.32666666666666666 0.9358333333333333 0.043333333333333335 0.12833333333333333
0 0.5666666666666667 0.9591666666666666 0.05333333333333334 0.08166666666666667
0 0.14166666666666666 0.9841666666666666 0.05 0.03166666666666667
0 0.39666666666666667 0.99 0.03333333333333333 0.02
0 0.7483333333333333 0.0675 0.043333333333333335 0.135
0 0.38166666666666665 0.07083333333333333 0.04 0.14166666666666666
0 0.13416666666666666 0.20916666666666667 0.055 0.15166666666666667
