0 0.43416666666666665 0.46416666666666667 0.035 0.051666666666666666
0 0.17833333333333334 0.46416666666666667 0.02666666666666667 0.04833333333333333
0 0.455 0.4666666666666667 0.02 0.02
0 0.14 0.46416666666666667 0.013333333333333334 0.058333333333333334
0 0.15666666666666668 0.47833333333333333 0.023333333333333334 0.05333333333333334
0 0.18583333333333332 0.49 0.025 0.016666666666666666
0 0.17416666666666666 0.5066666666666667 0.03166666666666667 0.03333333333333333
0 0.4675 0.5066666666666667 0.028333333333333332 0.02666666666666667
0 0.13 0.51 0.023333333333333334 0.056666666666666664
0 0.4483333333333333 0.515 0.03666666666666667 0.04666666666666667
0 0.425 0.53 0.016666666666666666 0.07
0 0.17416666666666666 0.5291666666666667 0.03166666666666667 0.045
0 0.11666666666666667 0.54 0.02 0.07333333333333333
0 0.15583333333333332 0.5391666666666667 0.03166666666666667 0.04833333333333333
0 0.15333333333333332 0.5733333333333334 0.016666666666666666 0.04
0 0.1375 0.58 0.021666666666666667 0.06
0 0.12833333333333333 0.62 0.016666666666666666 0.06333333333333334
0 0.14833333333333334 0.6391666666666667 0.02666666666666667 0.051666666666666666
0 0.5016666666666667 0.645 0.03666666666666667 0.05
0 0.245 0.67 0.03 0.06333333333333334
0 0.155 0.6816666666666666 0.03 0.04666666666666667
0 0.51 0.6916666666666667 0.03666666666666667 0.05
0 0.5383333333333333 0.6975 0.04666666666666667 0.03166666666666667
0 0.75 0.7116666666666667 0.02666666666666667 0.03666666666666667
0 0.48083333333333333 0.7091666666666666 0.035 0.055
0 0.8558333333333333 0.7158333333333333 0.03166666666666667 0.021666666666666667
0 0.9525 0.7325 0.028333333333333332 0.07833333333333334
0 0.435 0.7491666666666666 0.03666666666666667 0.041666666666666664
0 0.8308333333333333 0.7458333333333333 0.025 0.045
0 0.8466666666666667 0.7491666666666666 0.043333333333333335 0.058333333333333334
0 0.8075 0.775 0.025 0.07
0 0.8541666666666666 0.7758333333333334 0.025 0.04833333333333333
0 0.4225 0.785 0.035 0.04
0 0.8225 0.7933333333333333 0.03833333333333333 0.043333333333333335
0 0.8358333333333333 0.8075 0.035 0.025
0 0.8158333333333333 0.8258333333333333 0.051666666666666666 0.025
0 0.96 0.8358333333333333 0.04 0.055
0 0.8491666666666666 0.8341666666666666 0.028333333333333332 0.035
0 0.27 0.8541666666666666 0.04 0.04833333333333333
0 0.8108333333333333 0.85 0.051666666666666666 0.02666666666666667
0 0.8466666666666667 0.855 0.03 0.02
0 0.8275 0.8758333333333334 0.028333333333333332 0.025
0 0.25416666666666665 0.8933333333333333 0.03166666666666667 0.03333333333333333
0 0.9858333333333333 0.895 0.025 0.05333333333333334
0 0.17916666666666667 0.9308333333333333 0.021666666666666667 0.065
0 0.23 0.9408333333333333 0.03333333333333333 0.065
0 0.175 0.9908333333333333 0.02666666666666667 0.018333333333333333
0 0.12583333333333332 0.10583333333333333 0.03833333333333333 0.045
0 0.11583333333333333 0.15333333333333332 0.028333333333333332 0.06666666666666667
0 0.115 0.20416666666666666 0.02666666666666667 0.065
0 0.13333333333333333 0.2125 0.02 0.075
0 0.3475 0.22333333333333333 0.021666666666666667 0.08333333333333333
0 0.8416666666666667 0.22833333333333333 0.03666666666666667 0.06333333333333334
0 0.1225 0.25416666666666665 0.018333333333333333 0.045
0 0.8075 0.2658333333333333 0.0016666666666666668 0.005
0 0.14666666666666667 0.3 0.02666666666666667 0.043333333333333335
0 0.125 0.31416666666666665 0.02 0.065
0 0.1575 0.33916666666666667 0.018333333333333333 0.058333333333333334
0 0.87 0.3458333333333333 0.03333333333333333 0.06833333333333333
0 0.13083333333333333 0.3625 0.018333333333333333 0.07166666666666667
0 0.1475 0.38083333333333336 0.021666666666666667 0.058333333333333334
0 0.16666666666666666 0.3925 0.02 0.065
0 0.115 0.3925 0.02 0.058333333333333334
0 0.18333333333333332 0.4166666666666667 0.02 0.06
0 0.1525 0.4216666666666667 0.015 0.05
0 0.125 0.43083333333333335 0.023333333333333334 0.06166666666666667
0 0.19916666666666666 0.43 0.021666666666666667 0.07
0 0.4375 0.44 0.03833333333333333 0.03666666666666667
0 0.16333333333333333 0.44 0.023333333333333334 0.02666666666666667
0 0.135 0.4525 0.023333333333333334 0.07166666666666667
