0 0.9691666666666666 0.515 0.03833333333333333 0.03
0 0.9941666666666666 0.7366666666666667 0.011666666666666667 0.08666666666666667
0 0.0125 0.78 0.025 0.03
0 0.005 0.8058333333333333 0.01 0.028333333333333332
0 0.021666666666666667 0.8175 0.02666666666666667 0.055
0 0.008333333333333333 0.8283333333333334 0.016666666666666666 0.02
0 0.011666666666666667 0.8483333333333334 0.023333333333333334 0.023333333333333334
0 0.03833333333333333 0.8491666666666666 0.02 0.07166666666666667
0 0.015833333333333335 0.8625 0.03166666666666667 0.03166666666666667
0 0.0425 0.8858333333333334 0.03166666666666667 0.065
0 0.016666666666666666 0.8883333333333333 0.03333333333333333 0.023333333333333334
0 0.0425 0.9291666666666667 0.03833333333333333 0.025
0 0.0016666666666666668 0.9508333333333333 0.0033333333333333335 0.0016666666666666668
0 0.02 0.9616666666666667 0.04 0.03
0 0.051666666666666666 0.9758333333333333 0.02 0.04833333333333333
0 0.04583333333333333 0.9758333333333333 0.03166666666666667 0.04833333333333333
0 0.03666666666666667 0.9883333333333333 0.013333333333333334 0.023333333333333334
