0 0.26916666666666667 0.495 0.018333333333333333 0.06333333333333334
0 0.25 0.5075 0.02 0.065
0 0.6116666666666667 0.041666666666666664 0.023333333333333334 0.02666666666666667
0 0.5633333333333334 0.0525 0.02666666666666667 0.051666666666666666
0 0.20833333333333334 0.5833333333333334 0.02 0.06666666666666667
0 0.5991666666666666 0.6458333333333334 0.028333333333333332 0.06833333333333333
0 0.6208333333333333 0.005 0.018333333333333333 0.01
0 0.5808333333333333 0.7208333333333333 0.025 0.07833333333333334
0 0.2525 0.0725 0.025 0.058333333333333334
0 0.31 0.07166666666666667 0.03666666666666667 0.04
0 0.2791666666666667 0.075 0.025 0.05333333333333334
0 0.6716666666666666 0.8175 0.03333333333333333 0.03833333333333333
0 0.2841666666666667 0.006666666666666667 0.025 0.013333333333333334
0 0.48583333333333334 0.84 0.021666666666666667 0.08
0 0.3383333333333333 0.08333333333333333 0.02 0.08
0 0.6175 0.8608333333333333 0.028333333333333332 0.028333333333333332
0 0.6541666666666667 0.8641666666666666 0.041666666666666664 0.058333333333333334
0 0.625 0.9016666666666666 0.03333333333333333 0.03333333333333333
0 0.6541666666666667 0.9033333333333333 0.028333333333333332 0.07666666666666666
0 0.62 0.9283333333333333 0.03666666666666667 0.03
0 0.5825 0.9366666666666666 0.041666666666666664 0.04666666666666667
0 0.5475 0.09166666666666666 0.03166666666666667 0.04
0 0.5683333333333334 0.9866666666666667 0.02 0.02666666666666667
0 0.30083333333333334 0.1025 0.018333333333333333 0.045
0 0.26666666666666666 0.10333333333333333 0.03 0.04
0 0.5783333333333334 0.10916666666666666 0.043333333333333335 0.035
0 0.3125 0.11333333333333333 0.025 0.06
0 0.5933333333333334 0.01 0.03333333333333333 0.02
0 0.2725 0.1375 0.028333333333333332 0.035
0 0.6683333333333333 0.14583333333333334 0.023333333333333334 0.07833333333333334
0 0.2525 0.14083333333333334 0.021666666666666667 0.058333333333333334
0 0.37666666666666665 0.011666666666666667 0.016666666666666666 0.023333333333333334
0 0.31 0.15916666666666668 0.02 0.065
0 0.27416666666666667 0.16583333333333333 0.025 0.041666666666666664
0 0.6683333333333333 0.18 0.013333333333333334 0.04
0 0.2975 0.18 0.018333333333333333 0.07333333333333333
0 0.4658333333333333 0.019166666666666665 0.025 0.03833333333333333
0 0.27666666666666667 0.20333333333333334 0.023333333333333334 0.056666666666666664
0 0.315 0.016666666666666666 0.02 0.03333333333333333
0 0.6525 0.20916666666666667 0.021666666666666667 0.058333333333333334
0 0.2658333333333333 0.21416666666666667 0.028333333333333332 0.065
0 0.26166666666666666 0.23833333333333334 0.023333333333333334 0.04666666666666667
0 0.24666666666666667 0.24083333333333334 0.016666666666666666 0.058333333333333334
0 0.5625 0.020833333333333332 0.021666666666666667 0.041666666666666664
0 0.3358333333333333 0.021666666666666667 0.018333333333333333 0.043333333333333335
0 0.2891666666666667 0.27166666666666667 0.018333333333333333 0.07333333333333333
0 0.2683333333333333 0.27666666666666667 0.02666666666666667 0.04666666666666667
0 0.23083333333333333 0.29833333333333334 0.025 0.07
0 0.265 0.31416666666666665 0.023333333333333334 0.055
0 0.27166666666666667 0.02666666666666667 0.03 0.04666666666666667
0 0.6141666666666666 0.0275 0.041666666666666664 0.051666666666666666
0 0.2808333333333333 0.32166666666666666 0.028333333333333332 0.05
0 0.29333333333333333 0.030833333333333334 0.02666666666666667 0.041666666666666664
0 0.5825 0.3616666666666667 0.035 0.03666666666666667
0 0.4041666666666667 0.03333333333333333 0.028333333333333332 0.06
0 0.2675 0.35583333333333333 0.021666666666666667 0.04833333333333333
0 0.5033333333333333 0.36583333333333334 0.02 0.075
0 0.5558333333333333 0.36916666666666664 0.03833333333333333 0.045
0 0.5975 0.37 0.03166666666666667 0.06
0 0.365 0.03333333333333333 0.016666666666666666 0.06666666666666667
0 0.2891666666666667 0.38166666666666665 0.025 0.06333333333333334
0 0.25 0.39 0.02 0.05333333333333334
0 0.43666666666666665 0.035 0.03666666666666667 0.04
0 0.5558333333333333 0.4008333333333333 0.021666666666666667 0.04833333333333333
0 0.2658333333333333 0.39916666666666667 0.018333333333333333 0.055
0 0.2791666666666667 0.405 0.021666666666666667 0.05
0 0.5691666666666667 0.4075 0.025 0.058333333333333334
0 0.2525 0.43166666666666664 0.018333333333333333 0.06
0 0.5291666666666667 0.43583333333333335 0.025 0.065
0 0.2775 0.44416666666666665 0.018333333333333333 0.055
0 0.2941666666666667 0.4483333333333333 0.018333333333333333 0.06
0 0.2425 0.4725 0.018333333333333333 0.06166666666666667
0 0.5833333333333334 0.0425 0.023333333333333334 0.04833333333333333
