0 0.12666666666666668 0.5175 0.07 0.051666666666666666
0 0.5733333333333334 0.5483333333333333 0.03666666666666667 0.11333333333333333
0 0.4841666666666667 0.6208333333333333 0.04833333333333333 0.09833333333333333
0 0.7033333333333334 0.65 0.03 0.1
0 0.6275 0.6591666666666667 0.03833333333333333 0.08833333333333333
0 0.57 0.6583333333333333 0.03 0.10333333333333333
0 0.06916666666666667 0.6916666666666667 0.04833333333333333 0.08333333333333333
0 0.9891666666666666 0.06833333333333333 0.021666666666666667 0.05
0 0.14833333333333334 0.7625 0.06 0.07833333333333334
0 0.8958333333333334 0.08083333333333333 0.06833333333333333 0.06166666666666667
0 0.9458333333333333 0.11 0.03166666666666667 0.11333333333333333
0 0.6041666666666666 0.11833333333333333 0.03166666666666667 0.13
0 0.7416666666666667 0.005833333333333334 0.043333333333333335 0.011666666666666667
0 0.6566666666666666 0.2758333333333333 0.03333333333333333 0.105
0 0.8216666666666667 0.02 0.05 0.04
0 0.9175 0.024166666666666666 0.075 0.04833333333333333
0 0.4525 0.4125 0.028333333333333332 0.11166666666666666
