0 0.15166666666666667 0.51 0.03 0.07333333333333333
0 0.2175 0.46 0.028333333333333332 0.056666666666666664
0 0.24 0.44583333333333336 0.023333333333333334 0.075
0 0.2 0.44333333333333336 0.02 0.056666666666666664
0 0.2625 0.43833333333333335 0.021666666666666667 0.06333333333333334
0 0.22416666666666665 0.4216666666666667 0.03833333333333333 0.056666666666666664
0 0.25166666666666665 0.3883333333333333 0.02 0.05333333333333334
0 0.285 0.3875 0.02 0.041666666666666664
0 0.21833333333333332 0.38416666666666666 0.03333333333333333 0.03166666666666667
0 0.2675 0.3575 0.018333333333333333 0.07166666666666667
0 0.2791666666666667 0.3441666666666667 0.025 0.058333333333333334
0 0.2758333333333333 0.28833333333333333 0.021666666666666667 0.06666666666666667
0 0.25666666666666665 0.2608333333333333 0.02 0.07166666666666667
0 0.2816666666666667 0.25416666666666665 0.023333333333333334 0.07833333333333334
0 0.6241666666666666 0.9625 0.018333333333333333 0.075
0 0.26 0.215 0.023333333333333334 0.06666666666666667
0 0.2816666666666667 0.20083333333333334 0.03 0.07166666666666667
0 0.1775 0.2 0.03833333333333333 0.06333333333333334
0 0.5225 0.165 0.018333333333333333 0.07666666666666666
0 0.25666666666666665 0.16416666666666666 0.016666666666666666 0.041666666666666664
0 0.2775 0.15083333333333335 0.021666666666666667 0.041666666666666664
0 0.5333333333333333 0.14083333333333334 0.023333333333333334 0.058333333333333334
0 0.25833333333333336 0.12 0.02 0.08
0 0.5333333333333333 0.11666666666666667 0.03666666666666667 0.056666666666666664
0 0.5366666666666666 0.095 0.043333333333333335 0.04
0 0.5458333333333333 0.055 0.03166666666666667 0.05333333333333334
0 0.5108333333333334 0.04833333333333333 0.021666666666666667 0.05333333333333334
0 0.5258333333333334 0.04666666666666667 0.021666666666666667 0.056666666666666664
0 0.48833333333333334 0.020833333333333332 0.03333333333333333 0.041666666666666664
0 0.5033333333333333 0.010833333333333334 0.02666666666666667 0.021666666666666667
0 0.54 0.013333333333333334 0.02 0.02666666666666667
0 0.5133333333333333 0.010833333333333334 0.043333333333333335 0.021666666666666667
0 0.48 0.006666666666666667 0.02666666666666667 0.013333333333333334
0 0.6175 0.9375 0.028333333333333332 0.08166666666666667
0 0.6416666666666667 0.9341666666666667 0.02 0.055
0 0.66 0.93 0.02 0.04666666666666667
0 0.6408333333333334 0.9025 0.025 0.045
0 0.7341666666666666 0.8991666666666667 0.018333333333333333 0.04833333333333333
0 0.6508333333333334 0.8766666666666667 0.0016666666666666668 0.0033333333333333335
0 0.7591666666666667 0.8633333333333333 0.025 0.07333333333333333
0 0.7166666666666667 0.8608333333333333 0.016666666666666666 0.06166666666666667
0 0.6625 0.8525 0.028333333333333332 0.065
0 0.6833333333333333 0.8441666666666666 0.016666666666666666 0.051666666666666666
0 0.7458333333333333 0.8433333333333334 0.021666666666666667 0.06333333333333334
0 0.7025 0.825 0.021666666666666667 0.04666666666666667
0 0.7358333333333333 0.8266666666666667 0.021666666666666667 0.08333333333333333
0 0.6808333333333333 0.805 0.015 0.02666666666666667
0 0.7225 0.8066666666666666 0.021666666666666667 0.04666666666666667
0 0.6991666666666667 0.7975 0.028333333333333332 0.03833333333333333
0 0.6975 0.7666666666666667 0.03833333333333333 0.06333333333333334
0 0.7266666666666667 0.76 0.02666666666666667 0.06
0 0.6608333333333334 0.9933333333333333 0.015 0.013333333333333334
0 0.7575 0.7516666666666667 0.041666666666666664 0.06666666666666667
0 0.7666666666666667 0.745 0.023333333333333334 0.05333333333333334
0 0.7125 0.9875 0.015 0.025
0 0.6366666666666667 0.6883333333333334 0.02 0.07333333333333333
0 0.59 0.6675 0.016666666666666666 0.051666666666666666
0 0.5533333333333333 0.6675 0.02666666666666667 0.07833333333333334
0 0.14333333333333334 0.6575 0.023333333333333334 0.06833333333333333
0 0.5675 0.6575 0.015 0.04833333333333333
0 0.6083333333333333 0.9875 0.016666666666666666 0.025
0 0.07 0.9808333333333333 0.03 0.03833333333333333
0 0.15 0.5833333333333334 0.0033333333333333335 0.01
0 0.4608333333333333 0.5808333333333333 0.021666666666666667 0.07833333333333334
0 0.1425 0.57 0.025 0.04666666666666667
0 0.13083333333333333 0.5433333333333333 0.018333333333333333 0.06
