0 0.04833333333333333 0.575 0.05 0.19666666666666666
0 0.09083333333333334 0.05416666666666667 0.051666666666666666 0.10833333333333334
0 0.42916666666666664 0.7075 0.04833333333333333 0.195
0 0.17833333333333334 0.7433333333333333 0.08333333333333333 0.14
0 0.7066666666666667 0.7841666666666667 0.05333333333333334 0.19166666666666668
0 0.6325 0.8125 0.058333333333333334 0.18833333333333332
0 0.08666666666666667 0.8508333333333333 0.07666666666666666 0.15833333333333333
0 0.9833333333333333 0.8741666666666666 0.03333333333333333 0.155
0 0.6125 0.9325 0.041666666666666664 0.135
0 0.375 0.9575 0.05333333333333334 0.085
0 0.56 0.07916666666666666 0.056666666666666664 0.145
0 0.7941666666666667 0.9808333333333333 0.051666666666666666 0.03833333333333333
0 0.5441666666666667 0.9866666666666667 0.035 0.02666666666666667
0 0.47583333333333333 0.9916666666666667 0.035 0.016666666666666666
0 0.2025 0.15666666666666668 0.03833333333333333 0.20666666666666667
0 0.8166666666666667 0.2375 0.04666666666666667 0.165
0 0.5208333333333334 0.029166666666666667 0.045 0.058333333333333334
