0 0.42333333333333334 0.48083333333333333 0.02 0.051666666666666666
0 0.4083333333333333 0.4841666666666667 0.02 0.058333333333333334
0 0.37583333333333335 0.49083333333333334 0.028333333333333332 0.06166666666666667
0 0.4791666666666667 0.03833333333333333 0.021666666666666667 0.07666666666666666
0 0.41333333333333333 0.5341666666666667 0.03 0.058333333333333334
0 0.41 0.605 0.016666666666666666 0.08333333333333333
0 0.9833333333333333 0.7358333333333333 0.03333333333333333 0.07833333333333334
0 0.9933333333333333 0.805 0.013333333333333334 0.06666666666666667
0 0.9441666666666667 0.835 0.035 0.08333333333333333
0 0.9791666666666666 0.8783333333333333 0.041666666666666664 0.05333333333333334
0 0.9575 0.8808333333333334 0.035 0.028333333333333332
0 0.975 0.9183333333333333 0.03333333333333333 0.05
0 0.04583333333333333 0.9933333333333333 0.041666666666666664 0.013333333333333334
0 0.48333333333333334 0.09333333333333334 0.02 0.06333333333333334
0 0.46416666666666667 0.10583333333333333 0.021666666666666667 0.06833333333333333
0 0.44583333333333336 0.1175 0.015 0.058333333333333334
0 0.44 0.12166666666666667 0.016666666666666666 0.05
0 0.46166666666666667 0.12 0.02 0.08
0 0.4675 0.15833333333333333 0.025 0.06
0 0.43583333333333335 0.15833333333333333 0.021666666666666667 0.03
0 0.48083333333333333 0.18083333333333335 0.018333333333333333 0.075
0 0.43833333333333335 0.18583333333333332 0.016666666666666666 0.041666666666666664
0 0.4625 0.20416666666666666 0.021666666666666667 0.051666666666666666
0 0.445 0.2025 0.023333333333333334 0.045
0 0.42583333333333334 0.20916666666666667 0.015 0.051666666666666666
0 0.4475 0.23416666666666666 0.018333333333333333 0.058333333333333334
0 0.4691666666666667 0.245 0.015 0.05333333333333334
0 0.43 0.255 0.016666666666666666 0.06
0 0.4533333333333333 0.2791666666666667 0.02 0.058333333333333334
0 0.4166666666666667 0.2758333333333333 0.013333333333333334 0.07166666666666667
0 0.44083333333333335 0.28 0.015 0.056666666666666664
0 0.48833333333333334 0.31333333333333335 0.016666666666666666 0.07333333333333333
0 0.46166666666666667 0.31416666666666665 0.023333333333333334 0.065
0 0.43 0.325 0.016666666666666666 0.04666666666666667
0 0.44416666666666665 0.32916666666666666 0.018333333333333333 0.04833333333333333
0 0.4716666666666667 0.32916666666666666 0.02 0.06833333333333333
0 0.49166666666666664 0.3575 0.013333333333333334 0.04833333333333333
0 0.4325 0.36083333333333334 0.018333333333333333 0.058333333333333334
0 0.475 0.36083333333333334 0.02 0.045
0 0.4116666666666667 0.3675 0.02 0.065
0 0.4475 0.37416666666666665 0.018333333333333333 0.06166666666666667
0 0.46 0.3858333333333333 0.013333333333333334 0.051666666666666666
0 0.4708333333333333 0.39666666666666667 0.025 0.05333333333333334
0 0.43333333333333335 0.3983333333333333 0.02 0.03333333333333333
0 0.4141666666666667 0.4275 0.018333333333333333 0.051666666666666666
0 0.44583333333333336 0.43 0.021666666666666667 0.05333333333333334
0 0.42833333333333334 0.43416666666666665 0.02666666666666667 0.051666666666666666
