0 0.475 0.2833333333333333 0.03 0.03333333333333333
0 0.5041666666666667 0.2866666666666667 0.028333333333333332 0.03333333333333333
0 0.49 0.2991666666666667 0.03333333333333333 0.025
0 0.46166666666666667 0.31083333333333335 0.03 0.025
0 0.5233333333333333 0.3175 0.03 0.03166666666666667
0 0.5466666666666666 0.3225 0.02666666666666667 0.035
0 0.49833333333333335 0.3225 0.03666666666666667 0.028333333333333332
0 0.6 0.325 0.02666666666666667 0.03333333333333333
0 0.5775 0.325 0.03166666666666667 0.04
0 0.44583333333333336 0.33 0.028333333333333332 0.02666666666666667
0 0.6241666666666666 0.3375 0.028333333333333332 0.03833333333333333
0 0.4633333333333333 0.3358333333333333 0.03 0.03833333333333333
0 0.51 0.35 0.02666666666666667 0.04
0 0.49583333333333335 0.35 0.03166666666666667 0.04
0 0.5266666666666666 0.35083333333333333 0.02 0.045
0 0.5458333333333333 0.3625 0.021666666666666667 0.03833333333333333
0 0.5966666666666667 0.37083333333333335 0.03666666666666667 0.058333333333333334
0 0.43166666666666664 0.3675 0.04 0.058333333333333334
0 0.6091666666666666 0.36666666666666664 0.03166666666666667 0.06
0 0.5616666666666666 0.37166666666666665 0.02666666666666667 0.06
0 0.4775 0.37416666666666665 0.03166666666666667 0.035
0 0.6341666666666667 0.38083333333333336 0.021666666666666667 0.055
0 0.585 0.38 0.02666666666666667 0.05333333333333334
0 0.5083333333333333 0.38916666666666666 0.02666666666666667 0.03833333333333333
0 0.4425 0.3883333333333333 0.045 0.05
0 0.6525 0.39166666666666666 0.018333333333333333 0.04
0 0.5258333333333334 0.39166666666666666 0.025 0.043333333333333335
0 0.5491666666666667 0.3958333333333333 0.03166666666666667 0.045
0 0.4866666666666667 0.41 0.02666666666666667 0.043333333333333335
0 0.4608333333333333 0.41333333333333333 0.035 0.04666666666666667
0 0.5083333333333333 0.42 0.023333333333333334 0.04
0 0.5225 0.42333333333333334 0.021666666666666667 0.03333333333333333
0 0.49583333333333335 0.4483333333333333 0.041666666666666664 0.043333333333333335
