0 0.10083333333333333 0.5583333333333333 0.021666666666666667 0.043333333333333335
0 0.45666666666666667 0.5616666666666666 0.023333333333333334 0.02
0 0.4325 0.5583333333333333 0.03833333333333333 0.043333333333333335
0 0.155 0.5533333333333333 0.03 0.06
0 0.14083333333333334 0.5475 0.025 0.04833333333333333
0 0.12 0.53 0.023333333333333334 0.04666666666666667
0 0.16916666666666666 0.5275 0.025 0.018333333333333333
0 0.46166666666666667 0.5183333333333333 0.03 0.03
0 0.15416666666666667 0.5083333333333333 0.03166666666666667 0.03333333333333333
0 0.4425 0.5083333333333333 0.035 0.04666666666666667
0 0.41333333333333333 0.51 0.02666666666666667 0.06666666666666667
0 0.09416666666666666 0.49083333333333334 0.021666666666666667 0.08833333333333333
0 0.15583333333333332 0.48333333333333334 0.03833333333333333 0.043333333333333335
0 0.135 0.47583333333333333 0.03 0.051666666666666666
0 0.115 0.4791666666666667 0.02 0.06833333333333333
0 0.13416666666666666 0.4766666666666667 0.028333333333333332 0.056666666666666664
0 0.1125 0.42833333333333334 0.021666666666666667 0.05333333333333334
0 0.13166666666666665 0.42833333333333334 0.023333333333333334 0.056666666666666664
0 0.10416666666666667 0.38916666666666666 0.018333333333333333 0.07166666666666667
0 0.1275 0.36916666666666664 0.03166666666666667 0.06166666666666667
0 0.5425 0.3575 0.04833333333333333 0.03166666666666667
0 0.22833333333333333 0.33916666666666667 0.03 0.06833333333333333
0 0.14166666666666666 0.31666666666666665 0.03666666666666667 0.05
0 0.7575 0.31083333333333335 0.03166666666666667 0.041666666666666664
0 0.6475 0.29833333333333334 0.041666666666666664 0.05333333333333334
0 0.93 0.30666666666666664 0.023333333333333334 0.06
0 0.9725 0.295 0.028333333333333332 0.08666666666666667
0 0.8625 0.2733333333333333 0.03833333333333333 0.06
0 0.8416666666666667 0.27 0.02666666666666667 0.056666666666666664
0 0.68 0.2625 0.03333333333333333 0.03166666666666667
0 0.6516666666666666 0.27 0.04 0.06333333333333334
0 0.82 0.25166666666666665 0.02666666666666667 0.06666666666666667
0 0.7183333333333334 0.25416666666666665 0.04 0.035
0 0.8675 0.24416666666666667 0.028333333333333332 0.051666666666666666
0 0.8416666666666667 0.23416666666666666 0.023333333333333334 0.025
0 0.6883333333333334 0.23083333333333333 0.04666666666666667 0.03166666666666667
0 0.2966666666666667 0.22166666666666668 0.03666666666666667 0.05333333333333334
0 0.8275 0.22 0.03166666666666667 0.04666666666666667
0 0.8491666666666666 0.21 0.03833333333333333 0.02666666666666667
0 0.9825 0.20333333333333334 0.035 0.07333333333333333
0 0.865 0.18666666666666668 0.03 0.04
0 0.8258333333333333 0.175 0.051666666666666666 0.04666666666666667
0 0.2733333333333333 0.17416666666666666 0.03666666666666667 0.045
0 0.295 0.1625 0.043333333333333335 0.03166666666666667
0 0.865 0.16416666666666666 0.03 0.025
0 0.8441666666666666 0.13916666666666666 0.03166666666666667 0.025
0 0.9958333333333333 0.14666666666666667 0.008333333333333333 0.08
0 0.16083333333333333 0.06 0.021666666666666667 0.08
0 0.16083333333333333 0.008333333333333333 0.028333333333333332 0.016666666666666666
0 0.11 0.9433333333333334 0.043333333333333335 0.04666666666666667
0 0.09416666666666666 0.8858333333333334 0.028333333333333332 0.07833333333333334
0 0.8508333333333333 0.82 0.03833333333333333 0.06666666666666667
0 0.09333333333333334 0.8158333333333333 0.02666666666666667 0.07166666666666667
0 0.33166666666666667 0.8125 0.023333333333333334 0.085
0 0.8358333333333333 0.7733333333333333 0.04833333333333333 0.05
0 0.12083333333333333 0.7233333333333334 0.021666666666666667 0.06
0 0.11 0.7058333333333333 0.023333333333333334 0.03833333333333333
0 0.11583333333333333 0.715 0.0016666666666666668 0.0033333333333333335
0 0.8841666666666667 0.6983333333333334 0.035 0.07
0 0.095 0.6741666666666667 0.023333333333333334 0.058333333333333334
0 0.1425 0.6583333333333333 0.03166666666666667 0.05333333333333334
0 0.1025 0.6516666666666666 0.021666666666666667 0.06666666666666667
0 0.125 0.6391666666666667 0.023333333333333334 0.06166666666666667
0 0.16583333333333333 0.6191666666666666 0.028333333333333332 0.06833333333333333
0 0.09583333333333334 0.6225 0.0016666666666666668 0.0016666666666666668
0 0.13916666666666666 0.6033333333333334 0.025 0.04666666666666667
0 0.0875 0.5991666666666666 0.021666666666666667 0.058333333333333334
0 0.42833333333333334 0.5866666666666667 0.043333333333333335 0.04
0 0.1175 0.5916666666666667 0.018333333333333333 0.05333333333333334
0 0.17833333333333334 0.5908333333333333 0.023333333333333334 0.075
0 0.13583333333333333 0.5683333333333334 0.03166666666666667 0.04666666666666667
0 0.11916666666666667 0.5733333333333334 0.021666666666666667 0.04
