0 0.6108333333333333 0.4825 0.0016666666666666668 0.0016666666666666668
0 0.6033333333333334 0.4608333333333333 0.023333333333333334 0.04833333333333333
0 0.6475 0.45916666666666667 0.015 0.045
0 0.6266666666666667 0.4791666666666667 0.013333333333333334 0.055
0 0.5941666666666666 0.4841666666666667 0.021666666666666667 0.04833333333333333
0 0.4216666666666667 0.485 0.02666666666666667 0.05
0 0.6391666666666667 0.49416666666666664 0.015 0.055
0 0.6666666666666666 0.5091666666666667 0.016666666666666666 0.051666666666666666
0 0.44333333333333336 0.505 0.023333333333333334 0.05333333333333334
0 0.65 0.5166666666666667 0.016666666666666666 0.05333333333333334
0 0.5958333333333333 0.5183333333333333 0.025 0.043333333333333335
0 0.6125 0.5166666666666667 0.018333333333333333 0.06
0 0.6208333333333333 0.5233333333333333 0.015 0.043333333333333335
0 0.6341666666666667 0.5258333333333334 0.015 0.051666666666666666
0 0.6808333333333333 0.5366666666666666 0.018333333333333333 0.05
0 0.4633333333333333 0.5291666666666667 0.02 0.04833333333333333
0 0.5925 0.5441666666666667 0.025 0.03833333333333333
0 0.42916666666666664 0.55 0.025 0.04
0 0.6666666666666666 0.55 0.03 0.04666666666666667
0 0.44916666666666666 0.5516666666666666 0.025 0.04
0 0.6966666666666667 0.5558333333333333 0.023333333333333334 0.051666666666666666
0 0.6508333333333334 0.5541666666666667 0.025 0.028333333333333332
0 0.5508333333333333 0.5566666666666666 0.025 0.03666666666666667
0 0.6183333333333333 0.5658333333333333 0.03 0.04833333333333333
0 0.4841666666666667 0.5683333333333334 0.025 0.04666666666666667
0 0.6358333333333334 0.5683333333333334 0.028333333333333332 0.05
0 0.595 0.5683333333333334 0.03333333333333333 0.03666666666666667
0 0.47333333333333333 0.5725 0.02666666666666667 0.045
0 0.5716666666666667 0.5683333333333334 0.023333333333333334 0.05
0 0.5008333333333334 0.5766666666666667 0.028333333333333332 0.07
0 0.6583333333333333 0.58 0.03 0.03333333333333333
0 0.5183333333333333 0.5858333333333333 0.023333333333333334 0.055
0 0.4575 0.5883333333333334 0.035 0.04666666666666667
0 0.675 0.5925 0.03 0.045
0 0.5583333333333333 0.59 0.03333333333333333 0.04
0 0.5941666666666666 0.6066666666666667 0.021666666666666667 0.06333333333333334
0 0.6266666666666667 0.6116666666666667 0.03333333333333333 0.05
0 0.5016666666666667 0.615 0.03 0.03666666666666667
0 0.615 0.6191666666666666 0.03 0.055
0 0.5683333333333334 0.6225 0.03333333333333333 0.035
0 0.5891666666666666 0.625 0.028333333333333332 0.06
0 0.6625 0.6391666666666667 0.03166666666666667 0.025
0 0.5583333333333333 0.64 0.023333333333333334 0.05
0 0.5275 0.6408333333333334 0.025 0.065
0 0.5458333333333333 0.645 0.03166666666666667 0.043333333333333335
0 0.5058333333333334 0.6433333333333333 0.028333333333333332 0.02666666666666667
0 0.19416666666666665 0.095 0.025 0.07666666666666666
0 0.19666666666666666 0.12166666666666667 0.02 0.06333333333333334
0 0.6416666666666667 0.35583333333333333 0.016666666666666666 0.06833333333333333
0 0.6483333333333333 0.3908333333333333 0.016666666666666666 0.075
0 0.6225 0.39916666666666667 0.015 0.055
0 0.6075 0.41 0.015 0.04666666666666667
0 0.6341666666666667 0.42583333333333334 0.015 0.06166666666666667
0 0.6566666666666666 0.44416666666666665 0.013333333333333334 0.065
