0 0.595 0.49833333333333335 0.016666666666666666 0.03
0 0.6575 0.5275 0.025 0.025
0 0.6316666666666667 0.5383333333333333 0.02 0.02666666666666667
0 0.6516666666666666 0.5466666666666666 0.023333333333333334 0.023333333333333334
0 0.8191666666666667 0.5666666666666667 0.025 0.043333333333333335
0 0.22333333333333333 0.5741666666666667 0.03333333333333333 0.028333333333333332
0 0.42833333333333334 0.6308333333333334 0.016666666666666666 0.035
0 0.425 0.6558333333333334 0.013333333333333334 0.04833333333333333
0 0.43166666666666664 0.67 0.016666666666666666 0.043333333333333335
0 0.38083333333333336 0.6741666666666667 0.015 0.028333333333333332
0 0.56 0.7058333333333333 0.02 0.03166666666666667
0 0.5741666666666667 0.7075 0.028333333333333332 0.051666666666666666
0 0.6008333333333333 0.7233333333333334 0.025 0.03333333333333333
0 0.6275 0.7408333333333333 0.028333333333333332 0.045
0 0.6466666666666666 0.7466666666666667 0.023333333333333334 0.05
0 0.6158333333333333 0.7458333333333333 0.03166666666666667 0.028333333333333332
0 0.4033333333333333 0.7516666666666667 0.023333333333333334 0.043333333333333335
0 0.5683333333333334 0.7541666666666667 0.03 0.041666666666666664
0 0.6791666666666667 0.7716666666666666 0.028333333333333332 0.04666666666666667
0 0.6125 0.785 0.03166666666666667 0.04666666666666667
0 0.23666666666666666 0.8175 0.03333333333333333 0.045
0 0.585 0.9166666666666666 0.03666666666666667 0.03666666666666667
0 0.4633333333333333 0.9408333333333333 0.02 0.058333333333333334
0 0.8158333333333333 0.9783333333333334 0.035 0.043333333333333335
0 0.7241666666666666 0.12 0.011666666666666667 0.013333333333333334
0 0.6058333333333333 0.12416666666666666 0.011666666666666667 0.018333333333333333
0 0.74 0.125 0.006666666666666667 0.01
0 0.7766666666666666 0.12583333333333332 0.006666666666666667 0.015
0 0.7775 0.12666666666666668 0.005 0.013333333333333334
0 0.6241666666666666 0.12916666666666668 0.008333333333333333 0.008333333333333333
0 0.7725 0.12666666666666668 0.011666666666666667 0.016666666666666666
0 0.7591666666666667 0.12916666666666668 0.008333333333333333 0.015
0 0.7658333333333334 0.12916666666666668 0.005 0.015
0 0.6291666666666667 0.13333333333333333 0.005 0.013333333333333334
0 0.6133333333333333 0.14 0.01 0.013333333333333334
0 0.7883333333333333 0.14083333333333334 0.013333333333333334 0.011666666666666667
0 0.6233333333333333 0.14083333333333334 0.01 0.015
0 0.8033333333333333 0.1425 0.01 0.011666666666666667
0 0.7933333333333333 0.14333333333333334 0.006666666666666667 0.01
0 0.6383333333333333 0.14333333333333334 0.013333333333333334 0.02
0 0.7258333333333333 0.16083333333333333 0.008333333333333333 0.011666666666666667
0 0.67 0.16166666666666665 0.006666666666666667 0.013333333333333334
0 0.8 0.16666666666666666 0.013333333333333334 0.02
0 0.7616666666666667 0.19083333333333333 0.013333333333333334 0.008333333333333333
0 0.725 0.19666666666666666 0.01 0.01
0 0.7416666666666667 0.21083333333333334 0.013333333333333334 0.021666666666666667
0 0.7825 0.24916666666666668 0.008333333333333333 0.015
0 0.7908333333333334 0.2575 0.011666666666666667 0.015
0 0.7783333333333333 0.25416666666666665 0.013333333333333334 0.021666666666666667
0 0.7958333333333333 0.2625 0.018333333333333333 0.011666666666666667
0 0.5241666666666667 0.36333333333333334 0.015 0.013333333333333334
0 0.6716666666666666 0.37 0.01 0.02
0 0.6775 0.37083333333333335 0.018333333333333333 0.021666666666666667
0 0.6875 0.38 0.015 0.023333333333333334
0 0.6983333333333334 0.38416666666666666 0.02 0.018333333333333333
0 0.5758333333333333 0.395 0.025 0.023333333333333334
0 0.6008333333333333 0.39916666666666667 0.021666666666666667 0.018333333333333333
0 0.6225 0.4033333333333333 0.025 0.023333333333333334
0 0.6008333333333333 0.4066666666666667 0.018333333333333333 0.02666666666666667
0 0.465 0.4116666666666667 0.01 0.03
0 0.6175 0.4116666666666667 0.021666666666666667 0.02666666666666667
0 0.6375 0.4216666666666667 0.018333333333333333 0.023333333333333334
0 0.6008333333333333 0.42833333333333334 0.008333333333333333 0.02
0 0.6008333333333333 0.43333333333333335 0.018333333333333333 0.03
0 0.4766666666666667 0.4683333333333333 0.01 0.016666666666666666
0 0.5725 0.47 0.018333333333333333 0.03333333333333333
