0 0.2975 0.485 0.025 0.06
0 0.3466666666666667 0.4875 0.043333333333333335 0.028333333333333332
0 0.4425 0.495 0.028333333333333332 0.04
0 0.275 0.5008333333333334 0.03 0.055
0 0.4116666666666667 0.5041666666666667 0.03666666666666667 0.025
0 0.355 0.5158333333333334 0.03 0.035
0 0.33 0.5166666666666667 0.03666666666666667 0.04
0 0.37833333333333335 0.5191666666666667 0.03 0.045
0 0.30333333333333334 0.5208333333333334 0.02666666666666667 0.045
0 0.6916666666666667 0.5166666666666667 0.03666666666666667 0.07
0 0.4 0.5283333333333333 0.03 0.04666666666666667
0 0.43166666666666664 0.5266666666666666 0.04666666666666667 0.02666666666666667
0 0.9341666666666667 0.535 0.04833333333333333 0.06333333333333334
0 0.43083333333333335 0.5466666666666666 0.035 0.03
0 0.2941666666666667 0.5516666666666666 0.028333333333333332 0.05333333333333334
0 0.3566666666666667 0.555 0.043333333333333335 0.03666666666666667
0 0.9675 0.5591666666666667 0.03166666666666667 0.055
0 0.32 0.5666666666666667 0.03333333333333333 0.03333333333333333
0 0.7375 0.5641666666666667 0.021666666666666667 0.08166666666666667
0 0.4608333333333333 0.5675 0.03833333333333333 0.035
0 0.4 0.5683333333333334 0.03666666666666667 0.03
0 0.3425 0.5716666666666667 0.028333333333333332 0.043333333333333335
0 0.38083333333333336 0.5825 0.035 0.03166666666666667
0 0.3275 0.605 0.035 0.04666666666666667
0 0.43583333333333335 0.6091666666666666 0.041666666666666664 0.035
0 0.7291666666666666 0.6066666666666667 0.018333333333333333 0.09
0 0.3616666666666667 0.6091666666666666 0.04 0.035
0 0.4141666666666667 0.6141666666666666 0.035 0.035
0 0.38416666666666666 0.6258333333333334 0.03166666666666667 0.025
0 0.7458333333333333 0.6325 0.018333333333333333 0.058333333333333334
0 0.45916666666666667 0.6383333333333333 0.041666666666666664 0.03
0 0.7625 0.6475 0.028333333333333332 0.07166666666666667
0 0.4841666666666667 0.6483333333333333 0.035 0.03333333333333333
0 0.44 0.6525 0.03333333333333333 0.035
0 0.415 0.65 0.03333333333333333 0.03666666666666667
0 0.37333333333333335 0.6583333333333333 0.03666666666666667 0.05
0 0.39666666666666667 0.6616666666666666 0.03666666666666667 0.03333333333333333
0 0.49083333333333334 0.6716666666666666 0.041666666666666664 0.03333333333333333
0 0.37 0.6933333333333334 0.02 0.056666666666666664
0 0.4075 0.6925 0.035 0.025
0 0.45 0.6933333333333334 0.043333333333333335 0.03
0 0.39 0.7091666666666666 0.02666666666666667 0.051666666666666666
0 0.4775 0.7175 0.03166666666666667 0.028333333333333332
0 0.4141666666666667 0.7166666666666667 0.035 0.02666666666666667
0 0.37333333333333335 0.7191666666666666 0.02666666666666667 0.065
0 0.45416666666666666 0.7233333333333334 0.041666666666666664 0.03666666666666667
0 0.43833333333333335 0.7375 0.02666666666666667 0.028333333333333332
0 0.7241666666666666 0.7491666666666666 0.025 0.041666666666666664
0 0.4225 0.7475 0.03166666666666667 0.035
0 0.4058333333333333 0.7558333333333334 0.028333333333333332 0.041666666666666664
0 0.46166666666666667 0.755 0.03333333333333333 0.02666666666666667
0 0.43416666666666665 0.7775 0.028333333333333332 0.028333333333333332
0 0.3883333333333333 0.7791666666666667 0.03333333333333333 0.04833333333333333
0 0.4608333333333333 0.7825 0.03166666666666667 0.041666666666666664
0 0.425 0.805 0.03333333333333333 0.05
0 0.4508333333333333 0.825 0.028333333333333332 0.06666666666666667
0 0.42083333333333334 0.8325 0.018333333333333333 0.055
0 0.4091666666666667 0.8533333333333334 0.018333333333333333 0.08
0 0.43333333333333335 0.8558333333333333 0.013333333333333334 0.058333333333333334
0 0.44583333333333336 0.8675 0.015 0.065
0 0.44416666666666665 0.92 0.018333333333333333 0.06666666666666667
0 0.4216666666666667 0.9275 0.016666666666666666 0.07833333333333334
0 0.45416666666666666 0.9575 0.025 0.065
0 0.43333333333333335 0.9633333333333334 0.016666666666666666 0.07333333333333333
0 0.4008333333333333 0.9608333333333333 0.018333333333333333 0.075
0 0.31166666666666665 0.1425 0.023333333333333334 0.07833333333333334
0 0.305 0.21 0.023333333333333334 0.06
0 0.4725 0.2375 0.028333333333333332 0.06833333333333333
0 0.30916666666666665 0.24 0.018333333333333333 0.05333333333333334
0 0.4716666666666667 0.25166666666666665 0.02 0.04
0 0.32083333333333336 0.2775 0.015 0.041666666666666664
0 0.29833333333333334 0.29333333333333333 0.016666666666666666 0.056666666666666664
0 0.30916666666666665 0.30666666666666664 0.018333333333333333 0.07666666666666666
0 0.5025 0.31333333333333335 0.018333333333333333 0.07
0 0.4691666666666667 0.3433333333333333 0.035 0.05
0 0.36333333333333334 0.345 0.043333333333333335 0.05333333333333334
0 0.3383333333333333 0.3541666666666667 0.03333333333333333 0.041666666666666664
0 0.4975 0.36083333333333334 0.015 0.08166666666666667
0 0.29083333333333333 0.36583333333333334 0.035 0.03166666666666667
0 0.5208333333333334 0.38 0.03166666666666667 0.05
0 0.3491666666666667 0.39 0.035 0.04
0 0.30666666666666664 0.3908333333333333 0.03 0.028333333333333332
0 0.3325 0.39916666666666667 0.03166666666666667 0.035
0 0.49166666666666664 0.39916666666666667 0.02 0.058333333333333334
0 0.31333333333333335 0.4141666666666667 0.03333333333333333 0.028333333333333332
0 0.525 0.42583333333333334 0.03666666666666667 0.04833333333333333
0 0.37083333333333335 0.4241666666666667 0.03833333333333333 0.028333333333333332
0 0.2833333333333333 0.42583333333333334 0.03 0.055
0 0.34833333333333333 0.43083333333333335 0.04 0.035
0 0.31166666666666665 0.43333333333333335 0.03 0.03666666666666667
0 0.3875 0.4508333333333333 0.035 0.028333333333333332
0 0.5541666666666667 0.4525 0.028333333333333332 0.028333333333333332
0 0.5291666666666667 0.4583333333333333 0.035 0.06
0 0.3475 0.46 0.035 0.02666666666666667
0 0.6775 0.46 0.035 0.06
0 0.30833333333333335 0.4683333333333333 0.03 0.06
0 0.7116666666666667 0.47333333333333333 0.02 0.06666666666666667
0 0.4008333333333333 0.47833333333333333 0.03833333333333333 0.02666666666666667
0 0.375 0.4791666666666667 0.03 0.035
