0 0.4025 0.505 0.035 0.06
0 0.5216666666666666 0.4683333333333333 0.05 0.04
0 0.5575 0.45416666666666666 0.028333333333333332 0.08833333333333333
0 0.3933333333333333 0.4575 0.03 0.065
0 0.5783333333333334 0.44083333333333335 0.02666666666666667 0.075
0 0.46 0.41583333333333333 0.043333333333333335 0.035
0 0.41083333333333333 0.42 0.03166666666666667 0.05333333333333334
0 0.3933333333333333 0.4125 0.02666666666666667 0.07166666666666667
0 0.4608333333333333 0.38166666666666665 0.045 0.03333333333333333
0 0.4175 0.36583333333333334 0.018333333333333333 0.08166666666666667
0 0.37166666666666665 0.3625 0.023333333333333334 0.09833333333333333
0 0.3975 0.355 0.021666666666666667 0.07666666666666666
0 0.435 0.33 0.03 0.07666666666666666
0 0.4075 0.30666666666666664 0.021666666666666667 0.09
0 0.38333333333333336 0.30583333333333335 0.02 0.065
0 0.38 0.25083333333333335 0.023333333333333334 0.085
0 0.4025 0.24833333333333332 0.028333333333333332 0.08666666666666667
0 0.39416666666666667 0.2025 0.021666666666666667 0.085
0 0.35583333333333333 0.13 0.04833333333333333 0.03666666666666667
0 0.49916666666666665 0.5991666666666666 0.021666666666666667 0.085
0 0.5383333333333333 0.5725 0.043333333333333335 0.045
0 0.5225 0.5725 0.035 0.08166666666666667
0 0.5758333333333333 0.5608333333333333 0.03833333333333333 0.03833333333333333
0 0.48833333333333334 0.56 0.043333333333333335 0.06333333333333334
0 0.4691666666666667 0.5516666666666666 0.035 0.08
0 0.53 0.5241666666666667 0.03666666666666667 0.051666666666666666
0 0.58 0.5275 0.04 0.051666666666666666
0 0.46416666666666667 0.5241666666666667 0.035 0.085
0 0.5533333333333333 0.52 0.02666666666666667 0.06333333333333334
0 0.5016666666666667 0.515 0.03333333333333333 0.05
0 0.6041666666666666 0.5183333333333333 0.028333333333333332 0.04666666666666667
0 0.43666666666666665 0.5066666666666667 0.03333333333333333 0.05333333333333334
0 0.5766666666666667 0.495 0.02666666666666667 0.06666666666666667
