0 0.8108333333333333 0.5875 0.018333333333333333 0.058333333333333334
0 0.5058333333333334 0.6041666666666666 0.018333333333333333 0.075
0 0.8258333333333333 0.6125 0.025 0.07833333333333334
0 0.8033333333333333 0.6391666666666667 0.023333333333333334 0.058333333333333334
0 0.7816666666666666 0.6575 0.02 0.058333333333333334
0 0.74 0.6675 0.03 0.051666666666666666
0 0.7958333333333333 0.695 0.028333333333333332 0.07666666666666666
0 0.7725 0.6975 0.025 0.06833333333333333
0 0.7408333333333333 0.7008333333333333 0.035 0.045
0 0.3175 0.035 0.025 0.056666666666666664
0 0.7108333333333333 0.7933333333333333 0.018333333333333333 0.07333333333333333
0 0.68 0.8691666666666666 0.02 0.06166666666666667
0 0.2975 0.04666666666666667 0.025 0.07333333333333333
0 0.74 0.8775 0.04 0.058333333333333334
0 0.695 0.9191666666666667 0.016666666666666666 0.075
0 0.6808333333333333 0.945 0.018333333333333333 0.09
0 0.7025 0.97 0.018333333333333333 0.06
0 0.665 0.9716666666666667 0.023333333333333334 0.056666666666666664
0 0.6258333333333334 0.9825 0.015 0.035
0 0.6391666666666667 0.9858333333333333 0.015 0.028333333333333332
0 0.6533333333333333 0.9916666666666667 0.013333333333333334 0.016666666666666666
0 0.27 0.08166666666666667 0.03 0.06
0 0.30333333333333334 0.08416666666666667 0.03333333333333333 0.045
0 0.22916666666666666 0.09 0.025 0.043333333333333335
0 0.24333333333333335 0.1 0.03333333333333333 0.06333333333333334
0 0.26916666666666667 0.115 0.03166666666666667 0.07666666666666666
0 0.21083333333333334 0.1325 0.018333333333333333 0.06833333333333333
0 0.28 0.13666666666666666 0.03 0.07
0 0.24083333333333334 0.15833333333333333 0.025 0.06
0 0.21916666666666668 0.17166666666666666 0.021666666666666667 0.043333333333333335
0 0.18416666666666667 0.19416666666666665 0.018333333333333333 0.07166666666666667
0 0.16833333333333333 0.20416666666666666 0.016666666666666666 0.07166666666666667
0 0.1925 0.20333333333333334 0.028333333333333332 0.06666666666666667
0 0.21416666666666667 0.20583333333333334 0.025 0.051666666666666666
0 0.15666666666666668 0.20083333333333334 0.023333333333333334 0.065
0 0.19083333333333333 0.2175 0.025 0.03166666666666667
0 0.22916666666666666 0.21583333333333332 0.03166666666666667 0.055
0 0.2375 0.22916666666666666 0.025 0.021666666666666667
0 0.3458333333333333 0.005833333333333334 0.011666666666666667 0.011666666666666667
0 0.15666666666666668 0.24583333333333332 0.03333333333333333 0.051666666666666666
0 0.22666666666666666 0.255 0.043333333333333335 0.06666666666666667
0 0.19833333333333333 0.26166666666666666 0.023333333333333334 0.07666666666666666
0 0.15 0.275 0.02 0.056666666666666664
0 0.18166666666666667 0.275 0.016666666666666666 0.08333333333333333
0 0.14333333333333334 0.2966666666666667 0.02 0.06333333333333334
0 0.17 0.31333333333333335 0.02 0.08333333333333333
0 0.2916666666666667 0.32416666666666666 0.02 0.07833333333333334
0 0.155 0.35833333333333334 0.023333333333333334 0.08333333333333333
0 0.36916666666666664 0.38166666666666665 0.021666666666666667 0.03666666666666667
0 0.33916666666666667 0.02 0.021666666666666667 0.04
0 0.3775 0.4175 0.021666666666666667 0.03833333333333333
0 0.3566666666666667 0.43083333333333335 0.03 0.06833333333333333
