0 0.4175 0.5075 0.021666666666666667 0.065
0 0.4008333333333333 0.495 0.025 0.08
0 0.5483333333333333 0.5 0.03666666666666667 0.04
0 0.5025 0.49333333333333335 0.045 0.03666666666666667
0 0.47833333333333333 0.4925 0.023333333333333334 0.065
0 0.5225 0.4766666666666667 0.03833333333333333 0.04
0 0.37583333333333335 0.4708333333333333 0.028333333333333332 0.055
0 0.575 0.48 0.02666666666666667 0.08666666666666667
0 0.42833333333333334 0.4625 0.03666666666666667 0.051666666666666666
0 0.44583333333333336 0.4525 0.035 0.055
0 0.5641666666666667 0.4525 0.035 0.07166666666666667
0 0.5466666666666666 0.43333333333333335 0.04 0.08
0 0.49583333333333335 0.43 0.03833333333333333 0.06
0 0.4708333333333333 0.42083333333333334 0.035 0.065
0 0.5241666666666667 0.42333333333333334 0.045 0.04
0 0.5483333333333333 0.3075 0.03333333333333333 0.07166666666666667
0 0.46416666666666667 0.6175 0.035 0.06166666666666667
0 0.5158333333333334 0.5958333333333333 0.051666666666666666 0.04833333333333333
0 0.42833333333333334 0.59 0.04 0.06666666666666667
0 0.4058333333333333 0.5875 0.03833333333333333 0.03833333333333333
0 0.36583333333333334 0.5816666666666667 0.051666666666666666 0.04
0 0.49333333333333335 0.575 0.043333333333333335 0.03333333333333333
0 0.45166666666666666 0.5675 0.03 0.045
0 0.42833333333333334 0.5616666666666666 0.03 0.043333333333333335
0 0.36833333333333335 0.5533333333333333 0.043333333333333335 0.056666666666666664
0 0.5433333333333333 0.55 0.05 0.04666666666666667
0 0.4575 0.5466666666666666 0.028333333333333332 0.06333333333333334
0 0.37833333333333335 0.5358333333333334 0.04666666666666667 0.058333333333333334
0 0.3383333333333333 0.535 0.023333333333333334 0.04
0 0.5391666666666667 0.5358333333333334 0.055 0.035
0 0.39166666666666666 0.5283333333333333 0.03666666666666667 0.06
0 0.4625 0.5216666666666666 0.03833333333333333 0.07333333333333333
0 0.435 0.5141666666666667 0.02 0.06166666666666667
