0 0.7383333333333333 0.46 0.03 0.06333333333333334
0 0.5266666666666666 0.46166666666666667 0.03 0.03333333333333333
0 0.5866666666666667 0.46416666666666667 0.03 0.028333333333333332
0 0.49166666666666664 0.4675 0.03666666666666667 0.03166666666666667
0 0.43833333333333335 0.4675 0.04 0.03166666666666667
0 0.6325 0.4708333333333333 0.03166666666666667 0.03833333333333333
0 0.6133333333333333 0.4741666666666667 0.03 0.035
0 0.5633333333333334 0.4791666666666667 0.03666666666666667 0.025
0 0.7408333333333333 0.49166666666666664 0.021666666666666667 0.05333333333333334
0 0.7241666666666666 0.49166666666666664 0.018333333333333333 0.06333333333333334
0 0.5233333333333333 0.48833333333333334 0.03666666666666667 0.02666666666666667
0 0.7608333333333334 0.505 0.021666666666666667 0.05333333333333334
0 0.6133333333333333 0.5 0.03666666666666667 0.03666666666666667
0 0.5041666666666667 0.49916666666666665 0.028333333333333332 0.021666666666666667
0 0.4675 0.5083333333333333 0.03833333333333333 0.04
0 0.6483333333333333 0.5091666666666667 0.03666666666666667 0.03833333333333333
0 0.4558333333333333 0.5225 0.041666666666666664 0.03833333333333333
0 0.7425 0.5341666666666667 0.025 0.055
0 0.5008333333333334 0.5391666666666667 0.028333333333333332 0.065
0 0.6308333333333334 0.5441666666666667 0.025 0.055
0 0.6575 0.5525 0.035 0.058333333333333334
0 0.46416666666666667 0.5616666666666666 0.018333333333333333 0.056666666666666664
0 0.495 0.57 0.03 0.07
0 0.6541666666666667 0.5808333333333333 0.021666666666666667 0.065
0 0.7058333333333333 0.585 0.015 0.05
0 0.4816666666666667 0.5933333333333334 0.02 0.06333333333333334
0 0.6725 0.6058333333333333 0.015 0.058333333333333334
0 0.49916666666666665 0.6116666666666667 0.028333333333333332 0.07
0 0.4658333333333333 0.6108333333333333 0.018333333333333333 0.075
0 0.4791666666666667 0.6433333333333333 0.015 0.06333333333333334
0 0.665 0.6491666666666667 0.016666666666666666 0.065
0 0.5241666666666667 0.655 0.025 0.06333333333333334
0 0.5016666666666667 0.6641666666666667 0.016666666666666666 0.058333333333333334
0 0.6491666666666667 0.6616666666666666 0.021666666666666667 0.07666666666666666
0 0.44166666666666665 0.6675 0.016666666666666666 0.075
0 0.4691666666666667 0.6708333333333333 0.015 0.04833333333333333
0 0.675 0.6783333333333333 0.016666666666666666 0.07333333333333333
0 0.4891666666666667 0.6916666666666667 0.015 0.056666666666666664
0 0.5175 0.69 0.018333333333333333 0.07
0 0.43333333333333335 0.7016666666666667 0.016666666666666666 0.06666666666666667
0 0.5333333333333333 0.705 0.02 0.05
0 0.455 0.7175 0.016666666666666666 0.075
0 0.41833333333333333 0.7191666666666666 0.02 0.075
0 0.4716666666666667 0.7408333333333333 0.016666666666666666 0.085
0 0.4425 0.7475 0.015 0.06166666666666667
0 0.43 0.7775 0.016666666666666666 0.06166666666666667
0 0.41333333333333333 0.7775 0.016666666666666666 0.065
0 0.4558333333333333 0.775 0.018333333333333333 0.06
0 0.445 0.8075 0.016666666666666666 0.058333333333333334
0 0.43166666666666664 0.83 0.013333333333333334 0.05
0 0.8916666666666667 0.9258333333333333 0.043333333333333335 0.028333333333333332
0 0.94 0.965 0.03 0.06
0 0.8433333333333334 0.9883333333333333 0.03666666666666667 0.023333333333333334
0 0.5016666666666667 0.155 0.02666666666666667 0.05333333333333334
0 0.5016666666666667 0.1825 0.01 0.035
0 0.48333333333333334 0.19416666666666665 0.04 0.055
0 0.5208333333333334 0.2175 0.028333333333333332 0.045
0 0.3775 0.22083333333333333 0.028333333333333332 0.03166666666666667
0 0.41083333333333333 0.23 0.021666666666666667 0.023333333333333334
0 0.35583333333333333 0.23916666666666667 0.03166666666666667 0.04833333333333333
0 0.5158333333333334 0.24 0.021666666666666667 0.056666666666666664
0 0.545 0.2475 0.03666666666666667 0.03166666666666667
0 0.3925 0.25 0.03166666666666667 0.03333333333333333
0 0.42833333333333334 0.25666666666666665 0.03666666666666667 0.02666666666666667
0 0.38416666666666666 0.26 0.03166666666666667 0.04666666666666667
0 0.3541666666666667 0.27 0.015 0.06
0 0.44083333333333335 0.2775 0.041666666666666664 0.028333333333333332
0 0.495 0.2791666666666667 0.02666666666666667 0.03166666666666667
0 0.5466666666666666 0.2825 0.03666666666666667 0.03833333333333333
0 0.46416666666666667 0.2866666666666667 0.03833333333333333 0.03333333333333333
0 0.5216666666666666 0.2875 0.023333333333333334 0.03166666666666667
0 0.3858333333333333 0.29 0.03166666666666667 0.043333333333333335
0 0.3725 0.2916666666666667 0.025 0.05333333333333334
0 0.4141666666666667 0.2891666666666667 0.03166666666666667 0.028333333333333332
0 0.58 0.2991666666666667 0.03 0.025
0 0.5008333333333334 0.30083333333333334 0.03166666666666667 0.03166666666666667
0 0.4691666666666667 0.30583333333333335 0.03166666666666667 0.021666666666666667
0 0.56 0.31 0.04 0.023333333333333334
0 0.45666666666666667 0.31666666666666665 0.03666666666666667 0.03333333333333333
0 0.5341666666666667 0.31666666666666665 0.03166666666666667 0.02666666666666667
0 0.4266666666666667 0.3283333333333333 0.04 0.03
0 0.505 0.32666666666666666 0.04 0.02666666666666667
0 0.405 0.33416666666666667 0.02666666666666667 0.03166666666666667
0 0.57 0.335 0.043333333333333335 0.03
0 0.5133333333333333 0.36 0.04 0.03666666666666667
0 0.43666666666666665 0.3641666666666667 0.04 0.035
0 0.9241666666666667 0.39666666666666667 0.035 0.07333333333333333
0 0.7116666666666667 0.4041666666666667 0.03 0.065
0 0.4691666666666667 0.41 0.035 0.043333333333333335
0 0.44666666666666666 0.4166666666666667 0.03666666666666667 0.03
0 0.41083333333333333 0.42 0.03833333333333333 0.03666666666666667
0 0.5541666666666667 0.43 0.03166666666666667 0.03333333333333333
0 0.5341666666666667 0.4275 0.025 0.041666666666666664
0 0.5925 0.43416666666666665 0.041666666666666664 0.028333333333333332
0 0.5158333333333334 0.44 0.018333333333333333 0.05
0 0.49583333333333335 0.4375 0.028333333333333332 0.028333333333333332
0 0.9516666666666667 0.44333333333333336 0.02666666666666667 0.06333333333333334
0 0.4675 0.44666666666666666 0.03833333333333333 0.03333333333333333
0 0.43833333333333335 0.4483333333333333 0.03666666666666667 0.02666666666666667
0 0.5625 0.45166666666666666 0.03833333333333333 0.03
0 0.6333333333333333 0.4525 0.03666666666666667 0.035
0 0.7133333333333334 0.4533333333333333 0.023333333333333334 0.07
