0 0.5966666666666667 0.5333333333333333 0.013333333333333334 0.07333333333333333
0 0.5725 0.9666666666666667 0.018333333333333333 0.06666666666666667
0 0.2708333333333333 0.2375 0.03166666666666667 0.028333333333333332
0 0.4766666666666667 0.22916666666666666 0.03 0.045
0 0.2966666666666667 0.2125 0.03666666666666667 0.03166666666666667
0 0.2608333333333333 0.20583333333333334 0.03166666666666667 0.03166666666666667
0 0.32166666666666666 0.20333333333333334 0.03 0.03
0 0.2783333333333333 0.19083333333333333 0.03333333333333333 0.028333333333333332
0 0.22583333333333333 0.17583333333333334 0.025 0.03166666666666667
0 0.2425 0.17666666666666667 0.028333333333333332 0.03666666666666667
0 0.305 0.17166666666666666 0.03666666666666667 0.02666666666666667
0 0.25833333333333336 0.17083333333333334 0.03 0.03166666666666667
0 0.22166666666666668 0.16 0.023333333333333334 0.056666666666666664
0 0.2783333333333333 0.15083333333333335 0.03666666666666667 0.03166666666666667
0 0.24666666666666667 0.14 0.03 0.02666666666666667
0 0.22416666666666665 0.125 0.021666666666666667 0.056666666666666664
0 0.2425 0.11166666666666666 0.03166666666666667 0.03
0 0.25583333333333336 0.0825 0.035 0.041666666666666664
0 0.22583333333333333 0.07916666666666666 0.03166666666666667 0.028333333333333332
0 0.22166666666666668 0.050833333333333335 0.03 0.03166666666666667
0 0.24166666666666667 0.045 0.03666666666666667 0.043333333333333335
0 0.6116666666666667 0.6666666666666666 0.02 0.06666666666666667
