0 0.17916666666666667 0.6116666666666667 0.035 0.11
0 0.4891666666666667 0.7875 0.07166666666666667 0.051666666666666666
0 0.09416666666666666 0.11916666666666667 0.04833333333333333 0.11833333333333333
0 0.03916666666666667 0.19416666666666665 0.028333333333333332 0.11166666666666666
0 0.08 0.2425 0.03 0.105
0 0.5866666666666667 0.2791666666666667 0.05333333333333334 0.095
0 0.65 0.30833333333333335 0.05333333333333334 0.09666666666666666
0 0.5333333333333333 0.3233333333333333 0.06666666666666667 0.09
0 0.0525 0.36666666666666664 0.045 0.10333333333333333
0 0.6725 0.38333333333333336 0.075 0.05333333333333334
0 0.5616666666666666 0.395 0.07666666666666666 0.05
0 0.6216666666666667 0.44583333333333336 0.07333333333333333 0.058333333333333334
0 0.19416666666666665 0.45416666666666666 0.03833333333333333 0.10166666666666667
0 0.55 0.45416666666666666 0.07 0.051666666666666666
