0 0.7108333333333333 0.0075 0.011666666666666667 0.015
0 0.25666666666666665 0.5175 0.016666666666666666 0.07833333333333334
0 0.22583333333333333 0.5425 0.035 0.055
0 0.6875 0.011666666666666667 0.015 0.023333333333333334
0 0.6708333333333333 0.0075 0.018333333333333333 0.015
0 0.17583333333333334 0.675 0.035 0.03
0 0.23166666666666666 0.69 0.03333333333333333 0.04666666666666667
0 0.16666666666666666 0.7008333333333333 0.03666666666666667 0.025
0 0.18 0.7166666666666667 0.03 0.03333333333333333
0 0.15666666666666668 0.7266666666666667 0.02 0.03
0 0.2175 0.7266666666666667 0.035 0.03
0 0.17833333333333334 0.7366666666666667 0.03333333333333333 0.03
0 0.23666666666666666 0.7558333333333334 0.023333333333333334 0.06833333333333333
0 0.215 0.7583333333333333 0.03 0.043333333333333335
0 0.19166666666666668 0.7633333333333333 0.04 0.05
0 0.16333333333333333 0.765 0.03333333333333333 0.03666666666666667
0 0.18333333333333332 0.7783333333333333 0.02666666666666667 0.023333333333333334
0 0.16333333333333333 0.8016666666666666 0.03 0.02
0 0.20166666666666666 0.7991666666666667 0.03 0.035
0 0.13833333333333334 0.8166666666666667 0.02666666666666667 0.07666666666666666
0 0.22916666666666666 0.8266666666666667 0.035 0.03
0 0.2825 0.83 0.018333333333333333 0.06
0 0.1925 0.8375 0.03833333333333333 0.041666666666666664
0 0.30083333333333334 0.8516666666666667 0.025 0.043333333333333335
0 0.23 0.8533333333333334 0.03333333333333333 0.03
0 0.32166666666666666 0.8625 0.03333333333333333 0.045
0 0.185 0.8675 0.03333333333333333 0.041666666666666664
0 0.24166666666666667 0.8725 0.04666666666666667 0.045
0 0.285 0.875 0.03333333333333333 0.03
0 0.2725 0.89 0.03166666666666667 0.02666666666666667
0 0.18416666666666667 0.8966666666666666 0.035 0.05
0 0.16083333333333333 0.8991666666666667 0.015 0.04833333333333333
0 0.7025 0.021666666666666667 0.018333333333333333 0.043333333333333335
0 0.30333333333333334 0.9083333333333333 0.03 0.03666666666666667
0 0.2758333333333333 0.9125 0.035 0.028333333333333332
0 0.14916666666666667 0.9283333333333333 0.018333333333333333 0.06666666666666667
0 0.16666666666666666 0.9558333333333333 0.023333333333333334 0.08166666666666667
0 0.6825 0.028333333333333332 0.025 0.04
0 0.7266666666666667 0.02666666666666667 0.02 0.05333333333333334
0 0.7133333333333334 0.024166666666666666 0.016666666666666666 0.04833333333333333
0 0.6741666666666667 0.04833333333333333 0.018333333333333333 0.02666666666666667
0 0.7066666666666667 0.05333333333333334 0.02 0.04
0 0.7441666666666666 0.06 0.018333333333333333 0.07333333333333333
0 0.6933333333333334 0.06416666666666666 0.02666666666666667 0.035
0 0.7616666666666667 0.07333333333333333 0.016666666666666666 0.03666666666666667
0 0.7308333333333333 0.07583333333333334 0.025 0.06166666666666667
0 0.775 0.08583333333333333 0.013333333333333334 0.055
0 0.6791666666666667 0.0875 0.021666666666666667 0.028333333333333332
0 0.7158333333333333 0.09 0.03166666666666667 0.03666666666666667
0 0.7675 0.11333333333333333 0.021666666666666667 0.043333333333333335
0 0.735 0.13916666666666666 0.016666666666666666 0.06833333333333333
0 0.6575 0.14083333333333334 0.018333333333333333 0.065
0 0.7858333333333334 0.14583333333333334 0.015 0.06833333333333333
0 0.7558333333333334 0.15083333333333335 0.021666666666666667 0.07166666666666667
0 0.7741666666666667 0.15666666666666668 0.018333333333333333 0.04666666666666667
0 0.8 0.16666666666666666 0.02 0.07
0 0.7783333333333333 0.19833333333333333 0.02 0.05
0 0.8275 0.21166666666666667 0.025 0.05
0 0.7541666666666667 0.21333333333333335 0.018333333333333333 0.043333333333333335
0 0.7975 0.22 0.018333333333333333 0.043333333333333335
0 0.7666666666666667 0.22083333333333333 0.02 0.07166666666666667
0 0.7883333333333333 0.25583333333333336 0.023333333333333334 0.065
0 0.805 0.265 0.023333333333333334 0.06666666666666667
0 0.1775 0.2808333333333333 0.0016666666666666668 0.005
0 0.17416666666666666 0.29583333333333334 0.021666666666666667 0.065
0 0.17833333333333334 0.3275 0.023333333333333334 0.04833333333333333
0 0.245 0.3375 0.02 0.051666666666666666
0 0.455 0.3416666666666667 0.016666666666666666 0.07666666666666666
0 0.20083333333333334 0.3425 0.025 0.041666666666666664
0 0.1775 0.3566666666666667 0.025 0.043333333333333335
0 0.19916666666666666 0.37333333333333335 0.028333333333333332 0.043333333333333335
0 0.21166666666666667 0.39166666666666666 0.03333333333333333 0.05
0 0.17333333333333334 0.3933333333333333 0.02666666666666667 0.06666666666666667
