0 0.8325 0.5341666666666667 0.018333333333333333 0.055
0 0.765 0.95 0.016666666666666666 0.043333333333333335
0 0.31583333333333335 0.19666666666666666 0.03166666666666667 0.07666666666666666
0 0.2925 0.17583333333333334 0.03833333333333333 0.06166666666666667
0 0.25833333333333336 0.16916666666666666 0.03333333333333333 0.08166666666666667
0 0.30916666666666665 0.14666666666666667 0.03166666666666667 0.04
0 0.25 0.1625 0.006666666666666667 0.025
0 0.11083333333333334 0.11416666666666667 0.018333333333333333 0.058333333333333334
0 0.2658333333333333 0.11333333333333333 0.018333333333333333 0.08
0 0.20333333333333334 0.11083333333333334 0.03666666666666667 0.045
0 0.2975 0.1075 0.03833333333333333 0.055
0 0.13916666666666666 0.0975 0.03833333333333333 0.045
0 0.1175 0.10083333333333333 0.03166666666666667 0.085
0 0.18166666666666667 0.0825 0.043333333333333335 0.035
0 0.16 0.07166666666666667 0.03 0.03333333333333333
0 0.22 0.05416666666666667 0.03333333333333333 0.03166666666666667
0 0.19083333333333333 0.0525 0.03166666666666667 0.03166666666666667
0 0.15166666666666667 0.050833333333333335 0.03333333333333333 0.03833333333333333
0 0.105 0.0425 0.02 0.058333333333333334
0 0.1275 0.0375 0.025 0.045
0 0.19666666666666666 0.0275 0.03 0.025
0 0.12833333333333333 0.030833333333333334 0.023333333333333334 0.03166666666666667
0 0.15666666666666668 0.02 0.03 0.04
0 0.1775 0.019166666666666665 0.028333333333333332 0.03833333333333333
0 0.12833333333333333 0.011666666666666667 0.03 0.023333333333333334
0 0.2275 0.018333333333333333 0.025 0.03666666666666667
0 0.056666666666666664 0.014166666666666666 0.02666666666666667 0.028333333333333332
0 0.8041666666666667 0.9016666666666666 0.045 0.08333333333333333
0 0.7758333333333334 0.9016666666666666 0.021666666666666667 0.06
0 0.7766666666666666 0.9025 0.02 0.058333333333333334
0 0.7583333333333333 0.9066666666666666 0.016666666666666666 0.07666666666666666
0 0.815 0.8866666666666667 0.023333333333333334 0.05333333333333334
0 0.7858333333333334 0.8458333333333333 0.0016666666666666668 0.0016666666666666668
0 0.7658333333333334 0.8441666666666666 0.018333333333333333 0.058333333333333334
0 0.8066666666666666 0.8433333333333334 0.016666666666666666 0.04
0 0.785 0.8341666666666666 0.03 0.045
0 0.8208333333333333 0.8233333333333334 0.015 0.05
0 0.7533333333333333 0.9866666666666667 0.016666666666666666 0.02666666666666667
0 0.7666666666666667 0.8083333333333333 0.03 0.06333333333333334
0 0.7891666666666667 0.8 0.03166666666666667 0.056666666666666664
0 0.7508333333333334 0.7791666666666667 0.035 0.041666666666666664
0 0.8166666666666667 0.7758333333333334 0.023333333333333334 0.065
0 0.7683333333333333 0.985 0.02 0.03
0 0.8058333333333333 0.7633333333333333 0.021666666666666667 0.05333333333333334
0 0.83 0.7633333333333333 0.02 0.06333333333333334
0 0.7583333333333333 0.7466666666666667 0.04 0.056666666666666664
0 0.79 0.7308333333333333 0.016666666666666666 0.045
0 0.8291666666666667 0.7191666666666666 0.028333333333333332 0.045
0 0.7891666666666667 0.7208333333333333 0.015 0.028333333333333332
0 0.8458333333333333 0.71 0.018333333333333333 0.03333333333333333
0 0.8066666666666666 0.7066666666666667 0.02 0.03333333333333333
0 0.8266666666666667 0.695 0.023333333333333334 0.04
0 0.7883333333333333 0.6933333333333334 0.02666666666666667 0.06
0 0.8066666666666666 0.68 0.023333333333333334 0.05
0 0.8475 0.6841666666666667 0.021666666666666667 0.04833333333333333
0 0.805 0.6583333333333333 0.02 0.056666666666666664
0 0.8275 0.6591666666666667 0.025 0.051666666666666666
0 0.7875 0.6566666666666666 0.025 0.04666666666666667
0 0.845 0.6525 0.02 0.055
0 0.8275 0.62 0.021666666666666667 0.04666666666666667
0 0.8558333333333333 0.6208333333333333 0.028333333333333332 0.055
0 0.8158333333333333 0.6083333333333333 0.018333333333333333 0.056666666666666664
0 0.845 0.5925 0.016666666666666666 0.045
0 0.8333333333333334 0.5716666666666667 0.02 0.043333333333333335
0 0.8208333333333333 0.5516666666666666 0.018333333333333333 0.056666666666666664
