0 0.4191666666666667 0.5258333333333334 0.021666666666666667 0.04833333333333333
0 0.43833333333333335 0.5125 0.023333333333333334 0.041666666666666664
0 0.4766666666666667 0.48 0.04 0.023333333333333334
0 0.45 0.47 0.03333333333333333 0.043333333333333335
0 0.37833333333333335 0.4683333333333333 0.03 0.02666666666666667
0 0.36083333333333334 0.4475 0.03166666666666667 0.035
0 0.39416666666666667 0.4475 0.03166666666666667 0.025
0 0.5325 0.44166666666666665 0.03833333333333333 0.02666666666666667
0 0.44166666666666665 0.42583333333333334 0.03666666666666667 0.03166666666666667
0 0.42333333333333334 0.4216666666666667 0.02666666666666667 0.04
0 0.4116666666666667 0.41333333333333333 0.03333333333333333 0.043333333333333335
0 0.53 0.41083333333333333 0.02 0.03833333333333333
0 0.41 0.3975 0.03 0.03833333333333333
0 0.4525 0.3958333333333333 0.035 0.021666666666666667
0 0.5891666666666666 0.39166666666666666 0.03166666666666667 0.05
0 0.5475 0.39166666666666666 0.028333333333333332 0.043333333333333335
0 0.665 0.3908333333333333 0.03 0.041666666666666664
0 0.5308333333333334 0.3883333333333333 0.028333333333333332 0.03666666666666667
0 0.5758333333333333 0.3908333333333333 0.025 0.045
0 0.5091666666666667 0.38416666666666666 0.018333333333333333 0.051666666666666666
0 0.44333333333333336 0.3775 0.03333333333333333 0.025
0 0.4891666666666667 0.3458333333333333 0.0016666666666666668 0.0016666666666666668
0 0.4683333333333333 0.37166666666666665 0.02666666666666667 0.04
0 0.5475 0.36666666666666664 0.025 0.043333333333333335
0 0.42916666666666664 0.36 0.03833333333333333 0.03666666666666667
0 0.4866666666666667 0.355 0.02666666666666667 0.03666666666666667
0 0.665 0.3516666666666667 0.03 0.043333333333333335
0 0.5025 0.3458333333333333 0.028333333333333332 0.041666666666666664
0 0.6441666666666667 0.3475 0.015 0.051666666666666666
0 0.5241666666666667 0.3491666666666667 0.021666666666666667 0.041666666666666664
0 0.6191666666666666 0.34833333333333333 0.021666666666666667 0.05
0 0.4533333333333333 0.33916666666666667 0.04 0.03166666666666667
0 0.5575 0.3425 0.021666666666666667 0.045
0 0.63 0.3325 0.016666666666666666 0.051666666666666666
0 0.5666666666666667 0.3283333333333333 0.02666666666666667 0.04666666666666667
0 0.4166666666666667 0.32083333333333336 0.03 0.041666666666666664
0 0.6483333333333333 0.31666666666666665 0.02666666666666667 0.02666666666666667
0 0.4533333333333333 0.31166666666666665 0.03666666666666667 0.03
0 0.5241666666666667 0.31833333333333336 0.021666666666666667 0.04666666666666667
0 0.585 0.31 0.023333333333333334 0.03666666666666667
0 0.5991666666666666 0.30666666666666664 0.018333333333333333 0.056666666666666664
0 0.6133333333333333 0.30833333333333335 0.02 0.04666666666666667
0 0.505 0.3075 0.02 0.06833333333333333
0 0.4875 0.305 0.028333333333333332 0.05333333333333334
0 0.45916666666666667 0.30083333333333334 0.028333333333333332 0.021666666666666667
0 0.5291666666666667 0.3016666666666667 0.028333333333333332 0.043333333333333335
0 0.6708333333333333 0.2991666666666667 0.035 0.028333333333333332
0 0.6225 0.2966666666666667 0.025 0.03
0 0.7016666666666667 0.29333333333333333 0.02666666666666667 0.04666666666666667
0 0.5975 0.2925 0.021666666666666667 0.085
0 0.6366666666666667 0.2941666666666667 0.023333333333333334 0.028333333333333332
0 0.68 0.2825 0.03 0.03166666666666667
0 0.5716666666666667 0.28 0.02666666666666667 0.03
0 0.5508333333333333 0.27416666666666667 0.021666666666666667 0.03833333333333333
0 0.5283333333333333 0.27416666666666667 0.023333333333333334 0.035
0 0.5941666666666666 0.2658333333333333 0.021666666666666667 0.03833333333333333
0 0.475 0.265 0.02666666666666667 0.04666666666666667
0 0.6475 0.26166666666666666 0.035 0.03
0 0.6083333333333333 0.26 0.03333333333333333 0.04666666666666667
0 0.5 0.25833333333333336 0.03333333333333333 0.03333333333333333
0 0.5783333333333334 0.2575 0.02 0.03833333333333333
0 0.7191666666666666 0.24333333333333335 0.03166666666666667 0.02666666666666667
0 0.4525 0.23833333333333334 0.015 0.05333333333333334
0 0.56 0.24416666666666667 0.02666666666666667 0.041666666666666664
0 0.5191666666666667 0.24333333333333335 0.03166666666666667 0.04
0 0.6058333333333333 0.2425 0.03166666666666667 0.03833333333333333
0 0.5316666666666666 0.23166666666666666 0.03333333333333333 0.03666666666666667
0 0.575 0.23 0.03 0.02666666666666667
0 0.4625 0.22666666666666666 0.03166666666666667 0.04666666666666667
0 0.7383333333333333 0.9241666666666667 0.03666666666666667 0.06166666666666667
0 0.7625 0.8566666666666667 0.005 0.006666666666666667
0 0.7608333333333334 0.8725 0.03833333333333333 0.04833333333333333
0 0.7875 0.8525 0.0016666666666666668 0.0016666666666666668
0 0.6591666666666667 0.8675 0.03833333333333333 0.03166666666666667
0 0.685 0.8575 0.03333333333333333 0.028333333333333332
0 0.7916666666666666 0.8475 0.016666666666666666 0.025
0 0.4775 0.7666666666666667 0.035 0.05
0 0.2966666666666667 0.7641666666666667 0.03 0.055
0 0.475 0.7591666666666667 0.016666666666666666 0.035
0 0.5308333333333334 0.7558333333333334 0.035 0.035
0 0.5233333333333333 0.735 0.03666666666666667 0.04
0 0.5566666666666666 0.7358333333333333 0.03 0.028333333333333332
0 0.5083333333333333 0.7308333333333333 0.03 0.045
0 0.3225 0.7141666666666666 0.021666666666666667 0.058333333333333334
0 0.5725 0.71 0.028333333333333332 0.023333333333333334
0 0.3408333333333333 0.6941666666666667 0.021666666666666667 0.03833333333333333
0 0.545 0.6983333333333334 0.04 0.03
0 0.5908333333333333 0.6908333333333333 0.035 0.025
0 0.3541666666666667 0.6891666666666667 0.005 0.008333333333333333
0 0.3441666666666667 0.665 0.018333333333333333 0.03
0 0.5466666666666666 0.6466666666666666 0.03 0.056666666666666664
0 0.36583333333333334 0.635 0.018333333333333333 0.056666666666666664
0 0.3983333333333333 0.6183333333333333 0.023333333333333334 0.056666666666666664
0 0.385 0.61 0.02 0.05333333333333334
0 0.4008333333333333 0.5716666666666667 0.015 0.05333333333333334
0 0.4191666666666667 0.5566666666666666 0.025 0.04
0 0.3908333333333333 0.5625 0.018333333333333333 0.04833333333333333
0 0.7058333333333333 0.9666666666666667 0.021666666666666667 0.056666666666666664
