0 0.19166666666666668 0.8733333333333333 0.0033333333333333335 0.0033333333333333335
0 0.43583333333333335 0.9083333333333333 0.041666666666666664 0.06333333333333334
0 0.12916666666666668 0.955 0.045 0.09
0 0.445 0.9725 0.02666666666666667 0.055
0 0.5333333333333333 0.24333333333333335 0.02666666666666667 0.03
0 0.5058333333333334 0.25083333333333335 0.025 0.028333333333333332
0 0.5216666666666666 0.25666666666666665 0.02666666666666667 0.023333333333333334
0 0.4925 0.2725 0.025 0.025
0 0.47333333333333333 0.27416666666666667 0.023333333333333334 0.03166666666666667
0 0.5541666666666667 0.2733333333333333 0.035 0.03333333333333333
0 0.5141666666666667 0.27416666666666667 0.03166666666666667 0.021666666666666667
0 0.4475 0.2758333333333333 0.028333333333333332 0.035
0 0.42333333333333334 0.28 0.023333333333333334 0.02666666666666667
0 0.545 0.2833333333333333 0.02666666666666667 0.03666666666666667
0 0.4 0.2916666666666667 0.023333333333333334 0.03
0 0.5166666666666667 0.2941666666666667 0.02666666666666667 0.03166666666666667
0 0.48833333333333334 0.29583333333333334 0.016666666666666666 0.035
0 0.5 0.29833333333333334 0.016666666666666666 0.03666666666666667
0 0.4716666666666667 0.3025 0.02 0.028333333333333332
0 0.5708333333333333 0.3125 0.03166666666666667 0.04833333333333333
0 0.53 0.31333333333333335 0.02666666666666667 0.02666666666666667
0 0.4141666666666667 0.3125 0.025 0.04833333333333333
0 0.45916666666666667 0.30833333333333335 0.021666666666666667 0.043333333333333335
0 0.4275 0.315 0.025 0.05
0 0.44 0.31833333333333336 0.023333333333333334 0.04666666666666667
0 0.5058333333333334 0.32416666666666666 0.021666666666666667 0.028333333333333332
0 0.39666666666666667 0.3225 0.016666666666666666 0.045
0 0.5625 0.325 0.03833333333333333 0.043333333333333335
0 0.38166666666666665 0.3283333333333333 0.016666666666666666 0.03666666666666667
0 0.4708333333333333 0.33 0.028333333333333332 0.04
0 0.4841666666666667 0.33666666666666667 0.025 0.043333333333333335
0 0.5241666666666667 0.3433333333333333 0.021666666666666667 0.03666666666666667
0 0.5466666666666666 0.3441666666666667 0.03 0.041666666666666664
0 0.49333333333333335 0.3516666666666667 0.016666666666666666 0.03
0 0.5133333333333333 0.37083333333333335 0.03 0.03833333333333333
