0 0.6116666666666667 0.51 0.043333333333333335 0.09333333333333334
0 0.060833333333333336 0.5483333333333333 0.065 0.11
0 0.6633333333333333 0.5491666666666667 0.043333333333333335 0.115
0 0.5641666666666667 0.5475 0.06166666666666667 0.09833333333333333
0 0.01 0.5683333333333334 0.02 0.06666666666666667
0 0.11916666666666667 0.5966666666666667 0.085 0.08333333333333333
0 0.835 0.605 0.04666666666666667 0.11666666666666667
0 0.7616666666666667 0.6258333333333334 0.03333333333333333 0.12833333333333333
0 0.6341666666666667 0.6341666666666667 0.055 0.10833333333333334
0 0.09 0.6783333333333333 0.08666666666666667 0.07666666666666666
0 0.81 0.7141666666666666 0.03666666666666667 0.13833333333333334
0 0.48833333333333334 0.7283333333333334 0.04 0.11666666666666667
0 0.10666666666666667 0.7383333333333333 0.08666666666666667 0.05333333333333334
0 0.029166666666666667 0.7358333333333333 0.058333333333333334 0.06833333333333333
0 0.5066666666666667 0.9 0.03666666666666667 0.12666666666666668
0 0.5558333333333333 0.23916666666666667 0.06166666666666667 0.06166666666666667
