0 0.7666666666666667 0.5191666666666667 0.016666666666666666 0.06833333333333333
0 0.5583333333333333 0.5133333333333333 0.04666666666666667 0.03333333333333333
0 0.4741666666666667 0.515 0.03833333333333333 0.03666666666666667
0 0.4166666666666667 0.5158333333333334 0.03 0.041666666666666664
0 0.5833333333333334 0.5041666666666667 0.03333333333333333 0.03833333333333333
0 0.44416666666666665 0.5016666666666667 0.035 0.05
0 0.4025 0.5016666666666667 0.028333333333333332 0.03666666666666667
0 0.49833333333333335 0.49833333333333335 0.03666666666666667 0.03
0 0.525 0.49833333333333335 0.03 0.04
0 0.6066666666666667 0.49666666666666665 0.03333333333333333 0.03
0 0.7833333333333333 0.49333333333333335 0.02 0.05333333333333334
0 0.5458333333333333 0.4841666666666667 0.035 0.028333333333333332
0 0.4875 0.475 0.03833333333333333 0.02
0 0.635 0.4816666666666667 0.03666666666666667 0.03
0 0.8041666666666667 0.4741666666666667 0.025 0.06166666666666667
0 0.585 0.4708333333333333 0.04 0.03166666666666667
0 0.44166666666666665 0.4633333333333333 0.04 0.03333333333333333
0 0.49416666666666664 0.4583333333333333 0.045 0.03333333333333333
0 0.5208333333333334 0.46 0.035 0.043333333333333335
0 0.5483333333333333 0.4475 0.04 0.03166666666666667
0 0.4375 0.42916666666666664 0.018333333333333333 0.06166666666666667
0 0.48333333333333334 0.43333333333333335 0.03666666666666667 0.043333333333333335
0 0.4625 0.42333333333333334 0.035 0.043333333333333335
0 0.675 0.42583333333333334 0.03333333333333333 0.07166666666666667
0 0.51 0.4116666666666667 0.03333333333333333 0.03333333333333333
0 0.46166666666666667 0.39 0.023333333333333334 0.07
0 0.49416666666666664 0.39 0.025 0.056666666666666664
0 0.7525 0.38333333333333336 0.021666666666666667 0.03666666666666667
0 0.6833333333333333 0.42583333333333334 0.006666666666666667 0.015
0 0.48 0.37083333333333335 0.02 0.055
0 0.455 0.36666666666666664 0.03 0.056666666666666664
0 0.7058333333333333 0.365 0.028333333333333332 0.08
0 0.44083333333333335 0.3375 0.035 0.051666666666666666
0 0.5033333333333333 0.3425 0.02666666666666667 0.051666666666666666
0 0.49 0.3233333333333333 0.02666666666666667 0.05
0 0.46 0.29083333333333333 0.016666666666666666 0.065
0 0.47833333333333333 0.28 0.023333333333333334 0.08666666666666667
0 0.4475 0.24666666666666667 0.018333333333333333 0.06333333333333334
0 0.42916666666666664 0.255 0.018333333333333333 0.08333333333333333
0 0.4708333333333333 0.235 0.018333333333333333 0.056666666666666664
0 0.45666666666666667 0.2225 0.016666666666666666 0.06166666666666667
0 0.445 0.1825 0.016666666666666666 0.06166666666666667
0 0.4658333333333333 0.175 0.018333333333333333 0.07
0 0.425 0.15833333333333333 0.02 0.07
0 0.4525 0.1425 0.015 0.06833333333333333
0 0.9508333333333333 0.0125 0.04833333333333333 0.025
0 0.515 0.8791666666666667 0.02666666666666667 0.07166666666666667
0 0.51 0.8633333333333333 0.013333333333333334 0.043333333333333335
0 0.32416666666666666 0.8258333333333333 0.018333333333333333 0.085
0 0.5375 0.8091666666666667 0.025 0.058333333333333334
0 0.49666666666666665 0.79 0.03 0.07333333333333333
0 0.3625 0.7875 0.03166666666666667 0.028333333333333332
0 0.5258333333333334 0.7791666666666667 0.018333333333333333 0.06833333333333333
0 0.35083333333333333 0.77 0.035 0.04
0 0.42 0.7625 0.023333333333333334 0.025
0 0.385 0.7625 0.03 0.03166666666666667
0 0.5533333333333333 0.7541666666666667 0.03666666666666667 0.035
0 0.3383333333333333 0.7441666666666666 0.03666666666666667 0.03166666666666667
0 0.435 0.7383333333333333 0.043333333333333335 0.03
0 0.31583333333333335 0.7375 0.03833333333333333 0.025
0 0.4725 0.7258333333333333 0.03166666666666667 0.03833333333333333
0 0.5575 0.7183333333333334 0.035 0.05
0 0.4225 0.7125 0.041666666666666664 0.028333333333333332
0 0.38 0.7091666666666666 0.02666666666666667 0.06833333333333333
0 0.35083333333333333 0.7091666666666666 0.028333333333333332 0.041666666666666664
0 0.5558333333333333 0.7108333333333333 0.035 0.065
0 0.4041666666666667 0.7025 0.03166666666666667 0.035
0 0.59 0.6941666666666667 0.03 0.03166666666666667
0 0.44083333333333335 0.6933333333333334 0.03833333333333333 0.03
0 0.4075 0.6783333333333333 0.028333333333333332 0.02666666666666667
0 0.4875 0.6741666666666667 0.035 0.03166666666666667
0 0.45 0.6716666666666666 0.03666666666666667 0.02666666666666667
0 0.5233333333333333 0.6683333333333333 0.03666666666666667 0.02666666666666667
0 0.725 0.655 0.04 0.056666666666666664
0 0.41833333333333333 0.6541666666666667 0.04 0.028333333333333332
0 0.45916666666666667 0.6525 0.03833333333333333 0.028333333333333332
0 0.525 0.6466666666666666 0.04666666666666667 0.03
0 0.48333333333333334 0.6375 0.03333333333333333 0.028333333333333332
0 0.45 0.6266666666666667 0.03666666666666667 0.03
0 0.4125 0.6258333333333334 0.041666666666666664 0.03166666666666667
0 0.5233333333333333 0.6191666666666666 0.04666666666666667 0.028333333333333332
0 0.38916666666666666 0.605 0.03166666666666667 0.06
0 0.7341666666666666 0.6058333333333333 0.035 0.06833333333333333
0 0.48583333333333334 0.6 0.035 0.03
0 0.44333333333333336 0.6 0.043333333333333335 0.03
0 0.41833333333333333 0.5941666666666666 0.04 0.045
0 0.9808333333333333 0.6008333333333333 0.03833333333333333 0.075
0 0.7566666666666667 0.5825 0.02 0.06833333333333333
0 0.48583333333333334 0.575 0.03833333333333333 0.03
0 0.45916666666666667 0.5708333333333333 0.035 0.028333333333333332
0 0.4191666666666667 0.565 0.035 0.02
0 0.39166666666666666 0.5558333333333333 0.02 0.07166666666666667
0 0.5325 0.5566666666666666 0.041666666666666664 0.03666666666666667
0 0.46166666666666667 0.55 0.043333333333333335 0.04
0 0.41583333333333333 0.5533333333333333 0.041666666666666664 0.043333333333333335
0 0.7791666666666667 0.5416666666666666 0.025 0.06333333333333334
0 0.49666666666666665 0.54 0.03 0.03666666666666667
0 0.5108333333333334 0.5275 0.03166666666666667 0.035
0 0.4533333333333333 0.5241666666666667 0.023333333333333334 0.04833333333333333
