0 0.9233333333333333 0.5008333333333334 0.03333333333333333 0.12833333333333333
0 0.8325 0.5016666666666667 0.035 0.13666666666666666
0 0.8733333333333333 0.525 0.03333333333333333 0.11
0 0.3325 0.5658333333333333 0.06166666666666667 0.105
0 0.26166666666666666 0.5925 0.06 0.08166666666666667
0 0.39166666666666666 0.6125 0.07333333333333333 0.08833333333333333
0 0.9033333333333333 0.6583333333333333 0.056666666666666664 0.11333333333333333
0 0.24083333333333334 0.6775 0.07833333333333334 0.058333333333333334
0 0.3641666666666667 0.6916666666666667 0.07166666666666667 0.06666666666666667
0 0.7508333333333334 0.7466666666666667 0.045 0.12
0 0.2916666666666667 0.7483333333333333 0.08333333333333333 0.06
0 0.37416666666666665 0.7516666666666667 0.08166666666666667 0.05333333333333334
0 0.7725 0.9208333333333333 0.03833333333333333 0.125
0 0.8233333333333334 0.2608333333333333 0.07 0.058333333333333334
