0 0.8191666666666667 0.9308333333333333 0.021666666666666667 0.058333333333333334
0 0.8041666666666667 0.8875 0.021666666666666667 0.045
0 0.84 0.8908333333333334 0.016666666666666666 0.041666666666666664
0 0.8258333333333333 0.8783333333333333 0.015 0.04
0 0.7858333333333334 0.8533333333333334 0.025 0.06333333333333334
0 0.8141666666666667 0.8475 0.025 0.051666666666666666
0 0.8041666666666667 0.8341666666666666 0.018333333333333333 0.051666666666666666
0 0.8308333333333333 0.8325 0.018333333333333333 0.045
0 0.78 0.8266666666666667 0.02 0.05
0 0.8166666666666667 0.8 0.016666666666666666 0.03333333333333333
0 0.8033333333333333 0.7783333333333333 0.023333333333333334 0.05
0 0.7716666666666666 0.7733333333333333 0.016666666666666666 0.04
0 0.785 0.7791666666666667 0.02 0.055
0 0.7566666666666667 0.765 0.016666666666666666 0.06
0 0.8316666666666667 0.7316666666666667 0.03666666666666667 0.02666666666666667
0 0.775 0.7233333333333334 0.023333333333333334 0.056666666666666664
0 0.8025 0.7125 0.03833333333333333 0.028333333333333332
0 0.8366666666666667 0.6875 0.03333333333333333 0.035
