0 0.2833333333333333 0.46166666666666667 0.02 0.07
0 0.8375 0.45666666666666667 0.018333333333333333 0.06333333333333334
0 0.3025 0.4675 0.035 0.051666666666666666
0 0.3875 0.49416666666666664 0.021666666666666667 0.06833333333333333
0 0.465 0.5066666666666667 0.023333333333333334 0.07
0 0.8366666666666667 0.5133333333333333 0.02 0.07
0 0.4533333333333333 0.5158333333333334 0.013333333333333334 0.045
0 0.43666666666666665 0.5325 0.023333333333333334 0.035
0 0.39416666666666667 0.04583333333333333 0.015 0.06166666666666667
0 0.5491666666666667 0.5466666666666666 0.03166666666666667 0.056666666666666664
0 0.7841666666666667 0.6391666666666667 0.028333333333333332 0.04833333333333333
0 0.7391666666666666 0.6508333333333334 0.021666666666666667 0.055
0 0.76 0.6816666666666666 0.0033333333333333335 0.0033333333333333335
0 0.4891666666666667 0.6541666666666667 0.015 0.058333333333333334
0 0.7883333333333333 0.6675 0.03 0.055
0 0.7208333333333333 0.6733333333333333 0.025 0.06
0 0.7083333333333334 0.6783333333333333 0.023333333333333334 0.02666666666666667
0 0.4716666666666667 0.7008333333333333 0.013333333333333334 0.06833333333333333
0 0.7641666666666667 0.7066666666666667 0.025 0.04666666666666667
0 0.5083333333333333 0.7083333333333334 0.016666666666666666 0.06333333333333334
0 0.7183333333333334 0.7125 0.02666666666666667 0.04833333333333333
0 0.495 0.72 0.013333333333333334 0.07
0 0.4866666666666667 0.7433333333333333 0.013333333333333334 0.06666666666666667
0 0.7241666666666666 0.7541666666666667 0.025 0.04833333333333333
0 0.4766666666666667 0.7675 0.013333333333333334 0.058333333333333334
0 0.49916666666666665 0.7741666666666667 0.021666666666666667 0.06833333333333333
0 0.7233333333333334 0.79 0.023333333333333334 0.04666666666666667
0 0.4675 0.7991666666666667 0.015 0.07166666666666667
0 0.7425 0.7991666666666667 0.018333333333333333 0.058333333333333334
0 0.46 0.8141666666666667 0.02 0.055
0 0.4816666666666667 0.8183333333333334 0.013333333333333334 0.06
0 0.7433333333333333 0.8358333333333333 0.02 0.058333333333333334
0 0.72 0.8375 0.02 0.065
0 0.4033333333333333 0.08166666666666667 0.016666666666666666 0.08
0 0.3466666666666667 0.07916666666666666 0.023333333333333334 0.065
0 0.46 0.8758333333333334 0.016666666666666666 0.051666666666666666
0 0.8358333333333333 0.8775 0.03166666666666667 0.065
0 0.7266666666666667 0.885 0.02 0.03
0 0.47583333333333333 0.8883333333333333 0.021666666666666667 0.08
0 0.38 0.07916666666666666 0.016666666666666666 0.06166666666666667
0 0.74 0.895 0.02666666666666667 0.07
0 0.4766666666666667 0.9108333333333334 0.02 0.075
0 0.45916666666666667 0.9191666666666667 0.025 0.051666666666666666
0 0.4683333333333333 0.9641666666666666 0.023333333333333334 0.04833333333333333
0 0.745 0.11666666666666667 0.02666666666666667 0.07333333333333333
0 0.39166666666666666 0.12166666666666667 0.016666666666666666 0.08666666666666667
0 0.3275 0.135 0.018333333333333333 0.07333333333333333
0 0.3516666666666667 0.13833333333333334 0.02666666666666667 0.043333333333333335
0 0.3125 0.15916666666666668 0.015 0.07166666666666667
0 0.7508333333333334 0.17083333333333334 0.03166666666666667 0.051666666666666666
0 0.3725 0.19333333333333333 0.021666666666666667 0.07
0 0.37583333333333335 0.2425 0.021666666666666667 0.065
0 0.3016666666666667 0.2525 0.023333333333333334 0.07166666666666667
0 0.37833333333333335 0.28583333333333333 0.02 0.06166666666666667
0 0.3616666666666667 0.29833333333333334 0.016666666666666666 0.05
0 0.8291666666666667 0.315 0.018333333333333333 0.07333333333333333
0 0.3475 0.3225 0.015 0.045
0 0.8891666666666667 0.029166666666666667 0.025 0.041666666666666664
0 0.3458333333333333 0.3725 0.0016666666666666668 0.0016666666666666668
0 0.3283333333333333 0.37166666666666665 0.02 0.04666666666666667
0 0.345 0.3725 0.016666666666666666 0.035
0 0.8275 0.39416666666666667 0.015 0.065
0 0.305 0.39916666666666667 0.02666666666666667 0.041666666666666664
0 0.3475 0.39916666666666667 0.028333333333333332 0.06166666666666667
0 0.3233333333333333 0.4066666666666667 0.03 0.03333333333333333
