0 0.5166666666666667 0.5291666666666667 0.023333333333333334 0.07166666666666667
0 0.5916666666666667 0.5291666666666667 0.03333333333333333 0.03833333333333333
0 0.49583333333333335 0.525 0.021666666666666667 0.06666666666666667
0 0.6608333333333334 0.5183333333333333 0.018333333333333333 0.06
0 0.6316666666666667 0.5166666666666667 0.04 0.03333333333333333
0 0.5433333333333333 0.5141666666666667 0.03333333333333333 0.03166666666666667
0 0.6016666666666667 0.5108333333333334 0.043333333333333335 0.03166666666666667
0 0.6716666666666666 0.5033333333333333 0.013333333333333334 0.05
0 0.6375 0.4925 0.03166666666666667 0.03166666666666667
0 0.5541666666666667 0.49333333333333335 0.045 0.03
0 0.595 0.49083333333333334 0.04 0.025
0 0.025 0.4866666666666667 0.016666666666666666 0.05333333333333334
0 0.5125 0.4791666666666667 0.025 0.051666666666666666
0 0.6133333333333333 0.47583333333333333 0.03333333333333333 0.021666666666666667
0 0.05 0.4741666666666667 0.04 0.058333333333333334
0 0.6433333333333333 0.4741666666666667 0.03 0.028333333333333332
0 0.4925 0.46 0.018333333333333333 0.07
0 0.5833333333333334 0.4675 0.03333333333333333 0.025
0 0.6683333333333333 0.4608333333333333 0.03333333333333333 0.06166666666666667
0 0.5366666666666666 0.4575 0.02666666666666667 0.045
0 0.74 0.4533333333333333 0.023333333333333334 0.07666666666666666
0 0.6133333333333333 0.4525 0.04 0.025
0 0.5541666666666667 0.4525 0.035 0.058333333333333334
0 0.5141666666666667 0.4425 0.021666666666666667 0.065
0 0.6591666666666667 0.44666666666666666 0.041666666666666664 0.03333333333333333
0 0.6483333333333333 0.4325 0.03666666666666667 0.028333333333333332
0 0.675 0.41 0.03333333333333333 0.03333333333333333
0 0.49333333333333335 0.41083333333333333 0.02 0.08166666666666667
0 0.5208333333333334 0.4041666666666667 0.03166666666666667 0.051666666666666666
0 0.6275 0.4075 0.0016666666666666668 0.0016666666666666668
0 0.5991666666666666 0.39416666666666667 0.045 0.03166666666666667
0 0.6408333333333334 0.38666666666666666 0.035 0.04666666666666667
0 0.49083333333333334 0.345 0.03166666666666667 0.08
0 0.0125 0.14666666666666667 0.025 0.07666666666666666
0 0.01 0.8716666666666667 0.02 0.07333333333333333
0 0.005 0.765 0.01 0.11333333333333333
0 0.006666666666666667 0.7225 0.013333333333333334 0.09166666666666666
0 0.4891666666666667 0.6266666666666667 0.041666666666666664 0.04
0 0.49166666666666664 0.5916666666666667 0.023333333333333334 0.043333333333333335
0 0.5483333333333333 0.5825 0.03666666666666667 0.03833333333333333
0 0.51 0.5683333333333334 0.02 0.06
0 0.5825 0.5658333333333333 0.035 0.041666666666666664
0 0.6125 0.5558333333333333 0.03166666666666667 0.045
0 0.016666666666666666 0.5541666666666667 0.03333333333333333 0.07166666666666667
0 0.5683333333333334 0.55 0.03333333333333333 0.043333333333333335
0 0.05 0.5458333333333333 0.02666666666666667 0.065
0 0.6366666666666667 0.5491666666666667 0.03 0.041666666666666664
0 0.025833333333333333 0.5441666666666667 0.018333333333333333 0.055
0 0.5508333333333333 0.535 0.035 0.03333333333333333
