0 0.5625 0.46416666666666667 0.035 0.03833333333333333
0 0.5333333333333333 0.4675 0.03 0.028333333333333332
0 0.4325 0.47 0.035 0.03333333333333333
0 0.21416666666666667 0.4741666666666667 0.03166666666666667 0.06833333333333333
0 0.4891666666666667 0.49 0.025 0.043333333333333335
0 0.3566666666666667 0.49 0.02666666666666667 0.06333333333333334
0 0.5083333333333333 0.49166666666666664 0.023333333333333334 0.06666666666666667
0 0.4625 0.5 0.028333333333333332 0.06
0 0.24916666666666668 0.5091666666666667 0.035 0.041666666666666664
0 0.555 0.5075 0.03666666666666667 0.051666666666666666
0 0.5775 0.5216666666666666 0.03166666666666667 0.05333333333333334
0 0.5483333333333333 0.5366666666666666 0.02666666666666667 0.05
0 0.2683333333333333 0.5433333333333333 0.03 0.03
0 0.25166666666666665 0.545 0.023333333333333334 0.04666666666666667
0 0.3233333333333333 0.5675 0.03 0.058333333333333334
0 0.3416666666666667 0.57 0.03666666666666667 0.06
0 0.22833333333333333 0.5741666666666667 0.03333333333333333 0.035
0 0.8075 0.9875 0.018333333333333333 0.025
0 0.48333333333333334 0.4141666666666667 0.03 0.028333333333333332
0 0.525 0.4191666666666667 0.02666666666666667 0.025
0 0.505 0.42833333333333334 0.03 0.03333333333333333
0 0.19416666666666665 0.42916666666666664 0.018333333333333333 0.055
0 0.43166666666666664 0.43416666666666665 0.03333333333333333 0.04833333333333333
0 0.5583333333333333 0.43416666666666665 0.03666666666666667 0.041666666666666664
0 0.53 0.445 0.03333333333333333 0.03
0 0.27666666666666667 0.44083333333333335 0.03333333333333333 0.065
0 0.4633333333333333 0.4533333333333333 0.03333333333333333 0.056666666666666664
0 0.49666666666666665 0.455 0.03 0.03
0 0.215 0.4608333333333333 0.03 0.058333333333333334
