0 0.4725 0.515 0.051666666666666666 0.03666666666666667
0 0.4666666666666667 0.4866666666666667 0.02666666666666667 0.04
0 0.49666666666666665 0.4716666666666667 0.016666666666666666 0.07333333333333333
0 0.5416666666666666 0.4716666666666667 0.03666666666666667 0.04666666666666667
0 0.6575 0.46 0.018333333333333333 0.06
0 0.485 0.45666666666666667 0.02 0.07333333333333333
0 0.009166666666666667 0.44583333333333336 0.018333333333333333 0.06166666666666667
0 0.5091666666666667 0.4508333333333333 0.018333333333333333 0.07833333333333334
0 0.5716666666666667 0.4475 0.03666666666666667 0.041666666666666664
0 0.6141666666666666 0.43666666666666665 0.04833333333333333 0.03333333333333333
0 0.5583333333333333 0.43333333333333335 0.03666666666666667 0.043333333333333335
0 0.5925 0.4175 0.041666666666666664 0.03166666666666667
0 0.635 0.41583333333333333 0.02666666666666667 0.07833333333333334
0 0.5391666666666667 0.41583333333333333 0.035 0.035
0 0.6725 0.415 0.03166666666666667 0.056666666666666664
0 0.49166666666666664 0.39416666666666667 0.023333333333333334 0.065
0 0.6041666666666666 0.395 0.03833333333333333 0.04
0 0.555 0.39916666666666667 0.04 0.03166666666666667
0 0.5141666666666667 0.39166666666666666 0.021666666666666667 0.07333333333333333
0 0.65 0.3875 0.016666666666666666 0.08166666666666667
0 0.5658333333333333 0.38083333333333336 0.03833333333333333 0.03166666666666667
0 0.6683333333333333 0.37583333333333335 0.03333333333333333 0.065
0 0.4925 0.36083333333333334 0.028333333333333332 0.065
0 0.5933333333333334 0.3641666666666667 0.03666666666666667 0.03166666666666667
0 0.625 0.36666666666666664 0.04 0.02666666666666667
0 0.013333333333333334 0.3475 0.02666666666666667 0.045
0 0.5058333333333334 0.3775 0.0016666666666666668 0.0016666666666666668
0 0.5333333333333333 0.345 0.023333333333333334 0.05333333333333334
0 0.5566666666666666 0.3416666666666667 0.03666666666666667 0.043333333333333335
0 0.6391666666666667 0.3466666666666667 0.045 0.03
0 0.6008333333333333 0.33666666666666667 0.028333333333333332 0.03
0 0.6883333333333334 0.3333333333333333 0.043333333333333335 0.04
0 0.7358333333333333 0.33166666666666667 0.028333333333333332 0.07333333333333333
0 0.6308333333333334 0.31833333333333336 0.041666666666666664 0.03
0 0.6983333333333334 0.31083333333333335 0.043333333333333335 0.028333333333333332
0 0.5216666666666666 0.295 0.03333333333333333 0.05
0 0.6541666666666667 0.2966666666666667 0.035 0.03333333333333333
0 0.7158333333333333 0.2891666666666667 0.03833333333333333 0.03166666666666667
0 0.6833333333333333 0.2866666666666667 0.04 0.03
0 0.5075 0.2833333333333333 0.051666666666666666 0.06333333333333334
0 0.6358333333333334 0.2608333333333333 0.041666666666666664 0.03833333333333333
0 0.6008333333333333 0.2525 0.045 0.055
