0 0.7066666666666667 0.5833333333333334 0.06333333333333334 0.06333333333333334
0 0.6475 0.6283333333333333 0.06833333333333333 0.09
0 0.8233333333333334 0.71 0.056666666666666664 0.11666666666666667
0 0.9316666666666666 0.77 0.06666666666666667 0.09666666666666666
0 0.6666666666666666 0.7866666666666666 0.07333333333333333 0.08
0 0.8491666666666666 0.0375 0.06166666666666667 0.051666666666666666
0 0.9266666666666666 0.8766666666666667 0.03666666666666667 0.13
0 0.71 0.060833333333333336 0.07 0.10166666666666667
0 0.6566666666666666 0.06916666666666667 0.043333333333333335 0.13833333333333334
0 0.8316666666666667 0.115 0.07333333333333333 0.06666666666666667
0 0.705 0.17583333333333334 0.07666666666666666 0.09833333333333333
0 0.6691666666666667 0.011666666666666667 0.021666666666666667 0.023333333333333334
0 0.6891666666666667 0.32083333333333336 0.035 0.12166666666666667
0 0.8708333333333333 0.011666666666666667 0.051666666666666666 0.023333333333333334
0 0.6583333333333333 0.44333333333333336 0.05333333333333334 0.12333333333333334
