0 0.53 0.4975 0.023333333333333334 0.06166666666666667
0 0.5166666666666667 0.49666666666666665 0.016666666666666666 0.06333333333333334
0 0.5025 0.485 0.018333333333333333 0.08333333333333333
0 0.5475 0.4675 0.018333333333333333 0.08166666666666667
0 0.785 0.4658333333333333 0.03 0.058333333333333334
0 0.76 0.4483333333333333 0.03 0.06
0 0.7916666666666666 0.4375 0.023333333333333334 0.051666666666666666
0 0.51 0.43416666666666665 0.016666666666666666 0.06166666666666667
0 0.7666666666666667 0.41833333333333333 0.03 0.03666666666666667
0 0.6741666666666667 0.38166666666666665 0.045 0.03333333333333333
0 0.25416666666666665 0.31583333333333335 0.018333333333333333 0.085
0 0.3433333333333333 0.2975 0.02666666666666667 0.03166666666666667
0 0.23083333333333333 0.2941666666666667 0.03166666666666667 0.028333333333333332
0 0.21 0.25416666666666665 0.02666666666666667 0.055
0 0.23083333333333333 0.25166666666666665 0.018333333333333333 0.06
0 0.24833333333333332 0.24583333333333332 0.023333333333333334 0.065
0 0.17 0.21583333333333332 0.04 0.051666666666666666
0 0.235 0.20666666666666667 0.023333333333333334 0.04666666666666667
0 0.21916666666666668 0.2075 0.018333333333333333 0.06166666666666667
0 0.8666666666666667 0.205 0.03333333333333333 0.05
0 0.18416666666666667 0.205 0.035 0.043333333333333335
0 0.20916666666666667 0.1925 0.025 0.065
0 0.8158333333333333 0.17333333333333334 0.03833333333333333 0.04
0 0.20083333333333334 0.15416666666666667 0.018333333333333333 0.045
0 0.1825 0.14916666666666667 0.021666666666666667 0.07833333333333334
0 0.19 0.10416666666666667 0.023333333333333334 0.065
0 0.4508333333333333 0.875 0.03166666666666667 0.06666666666666667
0 0.45666666666666667 0.8433333333333334 0.02 0.06666666666666667
0 0.43166666666666664 0.8266666666666667 0.016666666666666666 0.056666666666666664
0 0.44166666666666665 0.7933333333333333 0.02 0.06
0 0.4691666666666667 0.795 0.028333333333333332 0.05
0 0.4625 0.7591666666666667 0.025 0.058333333333333334
0 0.4625 0.7175 0.021666666666666667 0.058333333333333334
0 0.7491666666666666 0.7191666666666666 0.041666666666666664 0.055
0 0.765 0.645 0.02666666666666667 0.08333333333333333
0 0.5191666666666667 0.5616666666666666 0.041666666666666664 0.03333333333333333
0 0.51 0.5466666666666666 0.04 0.03666666666666667
