0 0.8875 0.4583333333333333 0.028333333333333332 0.03
0 0.9108333333333334 0.4633333333333333 0.021666666666666667 0.05333333333333334
0 0.5791666666666667 0.4633333333333333 0.028333333333333332 0.06
0 0.8933333333333333 0.4716666666666667 0.023333333333333334 0.03666666666666667
0 0.9316666666666666 0.4816666666666667 0.02666666666666667 0.06333333333333334
0 0.9158333333333334 0.48083333333333333 0.025 0.04833333333333333
0 0.009166666666666667 0.48 0.018333333333333333 0.05
0 0.14 0.49 0.023333333333333334 0.06
0 0.93 0.5366666666666666 0.02 0.05
0 0.26166666666666666 0.5375 0.04 0.03833333333333333
0 0.9116666666666666 0.545 0.02 0.05
0 0.935 0.5633333333333334 0.023333333333333334 0.056666666666666664
0 0.5425 0.5708333333333333 0.03833333333333333 0.028333333333333332
0 0.2683333333333333 0.5725 0.03666666666666667 0.035
0 0.9125 0.5875 0.028333333333333332 0.045
0 0.29583333333333334 0.5933333333333334 0.041666666666666664 0.03333333333333333
0 0.2633333333333333 0.5958333333333333 0.03666666666666667 0.045
0 0.8291666666666667 0.6 0.028333333333333332 0.06333333333333334
0 0.3491666666666667 0.6058333333333333 0.028333333333333332 0.03833333333333333
0 0.095 0.6166666666666667 0.023333333333333334 0.06333333333333334
0 0.15416666666666667 0.6133333333333333 0.028333333333333332 0.07666666666666666
0 0.25583333333333336 0.6266666666666667 0.03166666666666667 0.06
0 0.9058333333333334 0.6283333333333333 0.028333333333333332 0.04
0 0.27166666666666667 0.6341666666666667 0.02 0.03833333333333333
0 0.2866666666666667 0.6391666666666667 0.013333333333333334 0.06166666666666667
0 0.2475 0.655 0.021666666666666667 0.05
0 0.2966666666666667 0.655 0.016666666666666666 0.08333333333333333
0 0.27666666666666667 0.675 0.03666666666666667 0.03
0 0.93 0.0475 0.03666666666666667 0.04833333333333333
0 0.08916666666666667 0.6783333333333333 0.021666666666666667 0.07
0 0.7616666666666667 0.6883333333333334 0.03 0.05
0 0.2683333333333333 0.6908333333333333 0.03666666666666667 0.021666666666666667
0 0.14083333333333334 0.6975 0.03833333333333333 0.06833333333333333
0 0.25166666666666665 0.7083333333333334 0.03 0.04666666666666667
0 0.27166666666666667 0.7108333333333333 0.03666666666666667 0.021666666666666667
0 0.2475 0.725 0.028333333333333332 0.03333333333333333
0 0.28583333333333333 0.7258333333333333 0.045 0.041666666666666664
0 0.12083333333333333 0.7291666666666666 0.025 0.055
0 0.7416666666666667 0.7308333333333333 0.016666666666666666 0.06166666666666667
0 0.7766666666666666 0.7366666666666667 0.02666666666666667 0.05333333333333334
0 0.26666666666666666 0.7491666666666666 0.02666666666666667 0.018333333333333333
0 0.2475 0.755 0.015 0.03666666666666667
0 0.015833333333333335 0.755 0.03166666666666667 0.08333333333333333
0 0.8875 0.855 0.021666666666666667 0.06666666666666667
0 0.08 0.895 0.02 0.07
0 0.8925 0.9066666666666666 0.03166666666666667 0.07333333333333333
0 0.9525 0.1 0.03166666666666667 0.07333333333333333
0 0.2658333333333333 0.11916666666666667 0.03166666666666667 0.095
0 0.27166666666666667 0.1675 0.04 0.055
0 0.7391666666666666 0.17 0.021666666666666667 0.07666666666666666
0 0.93 0.24166666666666667 0.02 0.043333333333333335
0 0.23916666666666667 0.24833333333333332 0.03166666666666667 0.07
0 0.9141666666666667 0.2808333333333333 0.021666666666666667 0.065
0 0.9283333333333333 0.3 0.016666666666666666 0.06
0 0.94 0.3025 0.01 0.051666666666666666
0 0.9125 0.31083333333333335 0.021666666666666667 0.058333333333333334
0 0.9541666666666667 0.32416666666666666 0.018333333333333333 0.055
0 0.9316666666666666 0.3383333333333333 0.016666666666666666 0.03666666666666667
0 0.9416666666666667 0.345 0.013333333333333334 0.043333333333333335
0 0.8883333333333333 0.3433333333333333 0.023333333333333334 0.05333333333333334
0 0.9175 0.35333333333333333 0.011666666666666667 0.04
0 0.9383333333333334 0.3641666666666667 0.016666666666666666 0.025
0 0.9075 0.365 0.018333333333333333 0.04666666666666667
0 0.8775 0.37 0.018333333333333333 0.06666666666666667
0 0.92 0.375 0.02 0.03333333333333333
0 0.6325 0.38166666666666665 0.035 0.04
0 0.955 0.38666666666666666 0.016666666666666666 0.05333333333333334
0 0.6041666666666666 0.3983333333333333 0.025 0.02
0 0.8883333333333333 0.4008333333333333 0.016666666666666666 0.051666666666666666
0 0.9141666666666667 0.4066666666666667 0.011666666666666667 0.04666666666666667
0 0.9425 0.4075 0.015 0.058333333333333334
0 0.6166666666666667 0.41 0.04 0.03
0 0.9008333333333334 0.415 0.018333333333333333 0.05333333333333334
0 0.9291666666666667 0.4141666666666667 0.018333333333333333 0.04833333333333333
0 0.66 0.4216666666666667 0.02 0.06333333333333334
0 0.88 0.4266666666666667 0.02 0.023333333333333334
0 0.6116666666666667 0.43916666666666665 0.04 0.035
