0 0.41583333333333333 0.47833333333333333 0.015 0.07
0 0.44083333333333335 0.045 0.018333333333333333 0.07
0 0.7325 0.7641666666666667 0.03166666666666667 0.025
0 0.5316666666666666 0.7733333333333333 0.03 0.043333333333333335
0 0.7058333333333333 0.7883333333333333 0.035 0.03
0 0.7408333333333333 0.7941666666666667 0.03166666666666667 0.028333333333333332
0 0.6825 0.7983333333333333 0.03166666666666667 0.03
0 0.725 0.8083333333333333 0.03333333333333333 0.02666666666666667
0 0.7733333333333333 0.82 0.02 0.023333333333333334
0 0.76 0.8233333333333334 0.02666666666666667 0.03666666666666667
0 0.6983333333333334 0.8283333333333334 0.03666666666666667 0.02666666666666667
0 0.7433333333333333 0.83 0.03 0.03
0 0.7808333333333334 0.8458333333333333 0.018333333333333333 0.041666666666666664
0 0.7241666666666666 0.8483333333333334 0.035 0.03
0 0.7541666666666667 0.8583333333333333 0.028333333333333332 0.02666666666666667
0 0.7775 0.8725 0.021666666666666667 0.055
0 0.7591666666666667 0.8866666666666667 0.03166666666666667 0.03
0 0.7466666666666667 0.915 0.03333333333333333 0.04
0 0.7758333333333334 0.9175 0.03166666666666667 0.028333333333333332
0 0.7791666666666667 0.945 0.028333333333333332 0.03333333333333333
0 0.7608333333333334 0.9508333333333333 0.035 0.041666666666666664
0 0.4025 0.34833333333333333 0.018333333333333333 0.06333333333333334
