0 0.5575 0.49416666666666664 0.018333333333333333 0.06166666666666667
0 0.5866666666666667 0.5066666666666667 0.02 0.08
0 0.8008333333333333 0.5066666666666667 0.03833333333333333 0.043333333333333335
0 0.8166666666666667 0.5216666666666666 0.03333333333333333 0.05
0 0.5366666666666666 0.5233333333333333 0.02 0.06666666666666667
0 0.7541666666666667 0.5233333333333333 0.03166666666666667 0.043333333333333335
0 0.785 0.5441666666666667 0.03333333333333333 0.041666666666666664
0 0.6675 0.5566666666666666 0.041666666666666664 0.04666666666666667
0 0.2783333333333333 0.6341666666666667 0.02 0.07833333333333334
0 0.25083333333333335 0.6433333333333333 0.035 0.03
0 0.3725 0.6466666666666666 0.021666666666666667 0.056666666666666664
0 0.255 0.6791666666666667 0.02 0.055
0 0.2375 0.6866666666666666 0.018333333333333333 0.06
0 0.9108333333333334 0.685 0.025 0.09
0 0.27666666666666667 0.7008333333333333 0.02666666666666667 0.06166666666666667
0 0.20166666666666666 0.7108333333333333 0.03666666666666667 0.04833333333333333
0 0.2075 0.7225 0.035 0.051666666666666666
0 0.2475 0.7283333333333334 0.018333333333333333 0.06
0 0.23416666666666666 0.7433333333333333 0.021666666666666667 0.06333333333333334
0 0.2658333333333333 0.74 0.018333333333333333 0.056666666666666664
0 0.8833333333333333 0.7541666666666667 0.03666666666666667 0.055
0 0.9208333333333333 0.7575 0.028333333333333332 0.09833333333333333
0 0.225 0.7741666666666667 0.02 0.04833333333333333
0 0.20666666666666667 0.78 0.023333333333333334 0.07666666666666666
0 0.8266666666666667 0.7825 0.04 0.04833333333333333
0 0.2125 0.8283333333333334 0.025 0.06333333333333334
0 0.49333333333333335 0.1625 0.03 0.041666666666666664
0 0.4766666666666667 0.1625 0.023333333333333334 0.06833333333333333
0 0.5175 0.165 0.03166666666666667 0.04
0 0.5058333333333334 0.205 0.035 0.043333333333333335
0 0.4725 0.21166666666666667 0.018333333333333333 0.05333333333333334
0 0.48 0.24 0.02 0.07666666666666666
0 0.5175 0.24666666666666667 0.041666666666666664 0.03333333333333333
0 0.5616666666666666 0.3975 0.03333333333333333 0.065
0 0.56 0.43083333333333335 0.02666666666666667 0.075
0 0.5483333333333333 0.4575 0.016666666666666666 0.058333333333333334
0 0.5333333333333333 0.4691666666666667 0.02 0.07833333333333334
