0 0.6108333333333333 0.4775 0.051666666666666666 0.07166666666666667
0 0.48 0.47583333333333333 0.04666666666666667 0.07166666666666667
0 0.4625 0.365 0.03833333333333333 0.08333333333333333
0 0.77 0.3516666666666667 0.03333333333333333 0.09666666666666666
0 0.8841666666666667 0.2325 0.03166666666666667 0.10833333333333334
0 0.7958333333333333 0.185 0.045 0.07333333333333333
0 0.8241666666666667 0.1825 0.04833333333333333 0.07833333333333334
0 0.6308333333333334 0.17333333333333334 0.04833333333333333 0.06666666666666667
0 0.5566666666666666 0.15916666666666668 0.05 0.07166666666666667
0 0.855 0.10916666666666666 0.05 0.055
0 0.08583333333333333 0.8841666666666667 0.03166666666666667 0.09833333333333333
0 0.12166666666666667 0.875 0.03666666666666667 0.09666666666666666
0 0.23666666666666666 0.8575 0.02666666666666667 0.08833333333333333
0 0.45166666666666666 0.7391666666666666 0.02666666666666667 0.09166666666666666
0 0.49 0.6216666666666667 0.056666666666666664 0.04666666666666667
0 0.005 0.605 0.01 0.07666666666666666
0 0.4875 0.5416666666666666 0.051666666666666666 0.06
