0 0.8325 0.5616666666666666 0.028333333333333332 0.1
0 0.3416666666666667 0.47 0.04 0.09333333333333334
0 0.29833333333333334 0.4116666666666667 0.056666666666666664 0.05
0 0.32 0.31833333333333336 0.056666666666666664 0.04666666666666667
0 0.24666666666666667 0.27416666666666667 0.0033333333333333335 0.005
0 0.29333333333333333 0.26 0.043333333333333335 0.08333333333333333
0 0.1725 0.2275 0.045 0.08166666666666667
0 0.30583333333333335 0.13833333333333334 0.045 0.08333333333333333
0 0.005 0.1075 0.01 0.03833333333333333
0 0.8008333333333333 0.09916666666666667 0.028333333333333332 0.11833333333333333
0 0.9 0.7758333333333334 0.043333333333333335 0.065
0 0.54 0.6541666666666667 0.03 0.095
0 0.6866666666666666 0.6375 0.03 0.095
0 0.6383333333333333 0.5966666666666667 0.03 0.09666666666666666
