0 0.5583333333333333 0.5 0.02666666666666667 0.06666666666666667
0 0.5966666666666667 0.48833333333333334 0.016666666666666666 0.08333333333333333
0 0.5733333333333334 0.4716666666666667 0.013333333333333334 0.06333333333333334
0 0.6266666666666667 0.4625 0.013333333333333334 0.06833333333333333
0 0.5433333333333333 0.4475 0.02 0.07833333333333334
0 0.5858333333333333 0.43583333333333335 0.015 0.07166666666666667
0 0.5608333333333333 0.43083333333333335 0.025 0.07166666666666667
0 0.6091666666666666 0.425 0.018333333333333333 0.08
0 0.5358333333333334 0.4141666666666667 0.015 0.051666666666666666
0 0.5575 0.39916666666666667 0.021666666666666667 0.04833333333333333
0 0.6008333333333333 0.4041666666666667 0.018333333333333333 0.06833333333333333
0 0.625 0.39416666666666667 0.016666666666666666 0.06833333333333333
0 0.5883333333333334 0.3825 0.02666666666666667 0.06166666666666667
0 0.5558333333333333 0.37 0.025 0.06333333333333334
0 0.6208333333333333 0.3575 0.025 0.041666666666666664
0 0.5866666666666667 0.3408333333333333 0.016666666666666666 0.051666666666666666
0 0.6183333333333333 0.3275 0.023333333333333334 0.035
0 0.6391666666666667 0.3258333333333333 0.021666666666666667 0.07833333333333334
0 0.615 0.31666666666666665 0.03 0.06
0 0.6008333333333333 0.31416666666666665 0.018333333333333333 0.055
0 0.6333333333333333 0.2991666666666667 0.016666666666666666 0.06166666666666667
0 0.6633333333333333 0.275 0.023333333333333334 0.07333333333333333
0 0.5991666666666666 0.2608333333333333 0.025 0.085
0 0.6225 0.25833333333333336 0.028333333333333332 0.06
0 0.64 0.23416666666666666 0.016666666666666666 0.058333333333333334
0 0.62 0.23 0.02 0.056666666666666664
0 0.6116666666666667 0.19666666666666666 0.013333333333333334 0.05333333333333334
0 0.6375 0.18083333333333335 0.018333333333333333 0.07166666666666667
0 0.6275 0.1675 0.018333333333333333 0.065
0 0.009166666666666667 0.023333333333333334 0.018333333333333333 0.04666666666666667
0 0.56 0.7108333333333333 0.02 0.08166666666666667
0 0.58 0.6625 0.023333333333333334 0.06166666666666667
0 0.5883333333333334 0.6633333333333333 0.023333333333333334 0.06
0 0.5583333333333333 0.6533333333333333 0.02666666666666667 0.06333333333333334
0 0.5825 0.6108333333333333 0.025 0.058333333333333334
0 0.5675 0.605 0.03833333333333333 0.06333333333333334
0 0.5641666666666667 0.5866666666666667 0.0016666666666666668 0.0033333333333333335
0 0.6091666666666666 0.5408333333333334 0.021666666666666667 0.07833333333333334
0 0.6266666666666667 0.5166666666666667 0.013333333333333334 0.04666666666666667
0 0.5841666666666666 0.5216666666666666 0.015 0.08333333333333333
