0 0.39166666666666666 0.5158333333333334 0.03666666666666667 0.058333333333333334
0 0.3858333333333333 0.515 0.025 0.06
0 0.37 0.5141666666666667 0.02666666666666667 0.06833333333333333
0 0.3675 0.4216666666666667 0.018333333333333333 0.07666666666666666
0 0.985 0.8025 0.03 0.041666666666666664
0 0.9033333333333333 0.7925 0.04 0.028333333333333332
0 0.445 0.7366666666666667 0.04666666666666667 0.03
0 0.7808333333333334 0.7316666666666667 0.03166666666666667 0.06333333333333334
0 0.4866666666666667 0.7283333333333334 0.04 0.03333333333333333
0 0.545 0.7016666666666667 0.04 0.06
0 0.39 0.6975 0.03666666666666667 0.06166666666666667
0 0.8083333333333333 0.6958333333333333 0.043333333333333335 0.058333333333333334
0 0.4091666666666667 0.6908333333333333 0.03166666666666667 0.06166666666666667
0 0.6358333333333334 0.6641666666666667 0.041666666666666664 0.035
0 0.43 0.6591666666666667 0.03333333333333333 0.075
0 0.6891666666666667 0.6558333333333334 0.041666666666666664 0.03166666666666667
0 0.39416666666666667 0.6525 0.018333333333333333 0.07166666666666667
0 0.6033333333333334 0.6508333333333334 0.04666666666666667 0.035
0 0.4508333333333333 0.6475 0.028333333333333332 0.095
0 0.38 0.6341666666666667 0.02 0.07166666666666667
0 0.48083333333333333 0.6308333333333334 0.03166666666666667 0.055
0 0.6208333333333333 0.6108333333333333 0.041666666666666664 0.035
0 0.4141666666666667 0.605 0.021666666666666667 0.07
0 0.3825 0.57 0.025 0.06666666666666667
