0 0.195 0.5391666666666667 0.07 0.058333333333333334
0 0.16666666666666666 0.475 0.06666666666666667 0.09333333333333334
0 0.13416666666666666 0.47333333333333333 0.03833333333333333 0.10666666666666667
0 0.9783333333333334 0.4658333333333333 0.043333333333333335 0.08166666666666667
0 0.19333333333333333 0.4266666666666667 0.06333333333333334 0.1
0 0.49666666666666665 0.32666666666666666 0.07333333333333333 0.06
0 0.7483333333333333 0.935 0.06 0.07333333333333333
0 0.5958333333333333 0.23833333333333334 0.058333333333333334 0.09666666666666666
0 0.5858333333333333 0.15416666666666667 0.065 0.06166666666666667
0 0.5633333333333334 0.08916666666666667 0.06666666666666667 0.07166666666666667
0 0.49916666666666665 0.07166666666666667 0.06833333333333333 0.06666666666666667
0 0.7783333333333333 0.058333333333333334 0.03 0.11666666666666667
0 0.9108333333333334 0.8575 0.06166666666666667 0.07166666666666667
0 0.52 0.7958333333333333 0.05 0.09166666666666666
0 0.76 0.7541666666666667 0.07 0.058333333333333334
0 0.12583333333333332 0.6958333333333333 0.058333333333333334 0.075
0 0.875 0.6825 0.06666666666666667 0.07166666666666667
0 0.10333333333333333 0.62 0.056666666666666664 0.07333333333333333
0 0.845 0.6066666666666667 0.06666666666666667 0.05
0 0.16416666666666666 0.6066666666666667 0.075 0.06
