0 0.25166666666666665 0.47583333333333333 0.016666666666666666 0.06166666666666667
0 0.785 0.49166666666666664 0.02666666666666667 0.07666666666666666
0 0.27166666666666667 0.5158333333333334 0.02 0.065
0 0.23833333333333334 0.5275 0.016666666666666666 0.055
0 0.25666666666666665 0.5475 0.023333333333333334 0.08166666666666667
0 0.2841666666666667 0.5558333333333333 0.018333333333333333 0.06166666666666667
0 0.2025 0.5675 0.03166666666666667 0.051666666666666666
0 0.22583333333333333 0.5716666666666667 0.03833333333333333 0.06
0 0.26 0.6066666666666667 0.016666666666666666 0.03333333333333333
0 0.27666666666666667 0.6125 0.023333333333333334 0.075
0 0.29 0.6091666666666666 0.02 0.075
0 0.32083333333333336 0.6191666666666666 0.045 0.055
0 0.7025 0.6241666666666666 0.03833333333333333 0.045
0 0.24583333333333332 0.6466666666666666 0.045 0.05
0 0.33916666666666667 0.6458333333333334 0.018333333333333333 0.041666666666666664
0 0.26916666666666667 0.6491666666666667 0.03166666666666667 0.04833333333333333
0 0.7041666666666667 0.6633333333333333 0.03166666666666667 0.04666666666666667
0 0.34 0.6716666666666666 0.02 0.09
0 0.3025 0.6841666666666667 0.015 0.06833333333333333
0 0.3175 0.695 0.018333333333333333 0.07333333333333333
0 0.2833333333333333 0.695 0.02666666666666667 0.07333333333333333
0 0.22583333333333333 0.6975 0.021666666666666667 0.058333333333333334
0 0.7333333333333333 0.7058333333333333 0.02 0.06833333333333333
0 0.3258333333333333 0.7108333333333333 0.018333333333333333 0.075
0 0.7191666666666666 0.7116666666666667 0.025 0.05
0 0.5733333333333334 0.7458333333333333 0.016666666666666666 0.07833333333333334
0 0.33916666666666667 0.7525 0.028333333333333332 0.075
0 0.2866666666666667 0.7533333333333333 0.02 0.06333333333333334
0 0.7291666666666666 0.77 0.021666666666666667 0.06666666666666667
0 0.745 0.7725 0.02 0.065
0 0.31583333333333335 0.7975 0.018333333333333333 0.07833333333333334
0 0.5616666666666666 0.8075 0.03666666666666667 0.03833333333333333
0 0.7541666666666667 0.8266666666666667 0.035 0.043333333333333335
0 0.5875 0.8283333333333334 0.018333333333333333 0.07
0 0.305 0.8308333333333333 0.016666666666666666 0.07833333333333334
0 0.3933333333333333 0.8483333333333334 0.023333333333333334 0.07
0 0.45166666666666666 0.8508333333333333 0.02 0.09166666666666666
0 0.30583333333333335 0.8858333333333334 0.021666666666666667 0.065
0 0.5883333333333334 0.8941666666666667 0.02 0.08166666666666667
0 0.4041666666666667 0.9091666666666667 0.015 0.07166666666666667
0 0.38916666666666666 0.9133333333333333 0.025 0.06333333333333334
0 0.6083333333333333 0.9408333333333333 0.023333333333333334 0.06833333333333333
0 0.41833333333333333 0.9416666666666667 0.02666666666666667 0.06
0 0.295 0.9483333333333334 0.02 0.08
0 0.3933333333333333 0.9625 0.02 0.06166666666666667
0 0.44166666666666665 0.9666666666666667 0.023333333333333334 0.056666666666666664
0 0.6116666666666667 0.9825 0.023333333333333334 0.035
0 0.41333333333333333 0.9858333333333333 0.02 0.028333333333333332
0 0.43 0.985 0.016666666666666666 0.03
0 0.4633333333333333 0.9916666666666667 0.023333333333333334 0.016666666666666666
0 0.45166666666666666 0.9925 0.03 0.015
0 0.4083333333333333 0.9966666666666667 0.02666666666666667 0.006666666666666667
0 0.8025 0.3775 0.03166666666666667 0.04833333333333333
0 0.8541666666666666 0.4075 0.03166666666666667 0.075
0 0.8058333333333333 0.4216666666666667 0.025 0.08
0 0.26 0.4375 0.02 0.075
0 0.8225 0.4508333333333333 0.018333333333333333 0.085
