0 0.5883333333333334 0.44583333333333336 0.03 0.08166666666666667
0 0.5716666666666667 0.4666666666666667 0.02 0.08333333333333333
0 0.555 0.4775 0.03 0.075
0 0.6108333333333333 0.4766666666666667 0.021666666666666667 0.08
0 0.5825 0.49333333333333335 0.018333333333333333 0.06
0 0.7658333333333334 0.505 0.035 0.05
0 0.8025 0.5133333333333333 0.03833333333333333 0.03333333333333333
0 0.6508333333333334 0.515 0.045 0.03666666666666667
0 0.555 0.5191666666666667 0.02 0.055
0 0.8225 0.5208333333333334 0.035 0.045
0 0.7833333333333333 0.54 0.03666666666666667 0.03333333333333333
0 0.3925 0.5875 0.028333333333333332 0.055
0 0.2941666666666667 0.595 0.021666666666666667 0.08333333333333333
0 0.26416666666666666 0.6158333333333333 0.035 0.035
0 0.2725 0.6475 0.021666666666666667 0.055
0 0.225 0.6558333333333334 0.03666666666666667 0.058333333333333334
0 0.25166666666666665 0.6616666666666666 0.023333333333333334 0.06333333333333334
0 0.23 0.6716666666666666 0.03 0.043333333333333335
0 0.2608333333333333 0.6908333333333333 0.018333333333333333 0.07166666666666667
0 0.2783333333333333 0.7025 0.02 0.055
0 0.2375 0.7275 0.015 0.065
0 0.2525 0.7366666666666667 0.021666666666666667 0.07
0 0.21833333333333332 0.7316666666666667 0.02 0.07666666666666666
0 0.8958333333333334 0.7525 0.035 0.041666666666666664
0 0.22416666666666665 0.7816666666666666 0.025 0.06666666666666667
0 0.845 0.7741666666666667 0.03666666666666667 0.035
0 0.5133333333333333 0.16583333333333333 0.02 0.08166666666666667
0 0.49666666666666665 0.2075 0.02 0.055
0 0.49916666666666665 0.245 0.018333333333333333 0.07
0 0.6125 0.24166666666666667 0.041666666666666664 0.04
0 0.6258333333333334 0.26666666666666666 0.041666666666666664 0.03333333333333333
0 0.6491666666666667 0.29 0.041666666666666664 0.03666666666666667
0 0.6583333333333333 0.3333333333333333 0.03 0.056666666666666664
0 0.6008333333333333 0.435 0.025 0.07333333333333333
