0 0.5041666666666667 0.4775 0.065 0.058333333333333334
0 0.5291666666666667 0.6016666666666667 0.06833333333333333 0.056666666666666664
0 0.3458333333333333 0.6525 0.06833333333333333 0.055
0 0.31 0.04666666666666667 0.07333333333333333 0.06333333333333334
0 0.3233333333333333 0.85 0.06666666666666667 0.08333333333333333
0 0.0175 0.9541666666666667 0.035 0.09166666666666666
0 0.43833333333333335 0.12416666666666666 0.07666666666666666 0.055
0 0.021666666666666667 0.01 0.043333333333333335 0.02
0 0.3725 0.23166666666666666 0.06833333333333333 0.06
0 0.49916666666666665 0.3625 0.075 0.07166666666666667
