0 0.5766666666666667 0.2733333333333333 0.03 0.02666666666666667
0 0.55 0.2625 0.03333333333333333 0.03166666666666667
0 0.29 0.25833333333333336 0.023333333333333334 0.07
0 0.31083333333333335 0.25 0.035 0.043333333333333335
0 0.6025 0.25333333333333335 0.028333333333333332 0.03
0 0.5058333333333334 0.24583333333333332 0.03166666666666667 0.03166666666666667
0 0.5308333333333334 0.24416666666666667 0.03166666666666667 0.03166666666666667
0 0.5625 0.23833333333333334 0.03166666666666667 0.02666666666666667
0 0.6258333333333334 0.23833333333333334 0.025 0.05333333333333334
0 0.5433333333333333 0.2175 0.04 0.025
0 0.5883333333333334 0.21083333333333334 0.03666666666666667 0.03166666666666667
0 0.4041666666666667 0.20333333333333334 0.025 0.06
0 0.30833333333333335 0.20083333333333334 0.02 0.055
0 0.6116666666666667 0.2 0.023333333333333334 0.02666666666666667
0 0.6308333333333334 0.2 0.03166666666666667 0.05333333333333334
0 0.5858333333333333 0.2 0.03833333333333333 0.05
0 0.6041666666666666 0.175 0.028333333333333332 0.03
0 0.6358333333333334 0.17083333333333334 0.03166666666666667 0.03166666666666667
0 0.6225 0.175 0.0016666666666666668 0.006666666666666667
0 0.6208333333333333 0.14416666666666667 0.035 0.03166666666666667
0 0.22083333333333333 0.9008333333333334 0.018333333333333333 0.06833333333333333
0 0.21916666666666668 0.9658333333333333 0.021666666666666667 0.06833333333333333
