0 0.3491666666666667 0.5375 0.03166666666666667 0.028333333333333332
0 0.5733333333333334 0.5166666666666667 0.023333333333333334 0.06333333333333334
0 0.31166666666666665 0.5116666666666667 0.03666666666666667 0.03333333333333333
0 0.3333333333333333 0.5066666666666667 0.04 0.03
0 0.6775 0.49416666666666664 0.021666666666666667 0.055
0 0.06666666666666667 0.07333333333333333 0.04 0.06333333333333334
0 0.3825 0.6641666666666667 0.035 0.028333333333333332
0 0.37666666666666665 0.6425 0.0033333333333333335 0.0016666666666666668
0 0.37666666666666665 0.6366666666666667 0.03 0.02666666666666667
0 0.35833333333333334 0.6225 0.03333333333333333 0.028333333333333332
0 0.3325 0.6158333333333333 0.021666666666666667 0.055
0 0.4033333333333333 0.6166666666666667 0.03666666666666667 0.03333333333333333
0 0.3725 0.5941666666666666 0.028333333333333332 0.035
0 0.3725 0.5941666666666666 0.028333333333333332 0.035
0 0.3925 0.5966666666666667 0.035 0.03333333333333333
0 0.43 0.5858333333333333 0.03666666666666667 0.03166666666666667
0 0.36666666666666664 0.5716666666666667 0.043333333333333335 0.03666666666666667
0 0.3258333333333333 0.5708333333333333 0.028333333333333332 0.041666666666666664
0 0.3333333333333333 0.5866666666666667 0.01 0.006666666666666667
0 0.4025 0.5675 0.035 0.028333333333333332
0 0.3441666666666667 0.5641666666666667 0.025 0.028333333333333332
0 0.7041666666666667 0.555 0.03166666666666667 0.06333333333333334
0 0.37666666666666665 0.5425 0.03666666666666667 0.028333333333333332
0 0.6783333333333333 0.5441666666666667 0.03666666666666667 0.03166666666666667
0 0.32083333333333336 0.54 0.03166666666666667 0.03
