0 0.6175 0.7375 0.041666666666666664 0.125
0 0.35333333333333333 0.7708333333333334 0.03666666666666667 0.145
0 0.3958333333333333 0.9241666666666667 0.041666666666666664 0.12833333333333333
0 0.0375 0.9841666666666666 0.03166666666666667 0.03166666666666667
0 0.6925 0.09083333333333334 0.045 0.12166666666666667
0 0.4683333333333333 0.1475 0.05333333333333334 0.10166666666666667
0 0.4191666666666667 0.1575 0.03833333333333333 0.12166666666666667
0 0.6175 0.23083333333333333 0.03166666666666667 0.12833333333333333
0 0.5666666666666667 0.2475 0.03 0.115
0 0.465 0.26166666666666666 0.03333333333333333 0.12666666666666668
0 0.6616666666666666 0.39916666666666667 0.05333333333333334 0.105
