0 0.5383333333333333 0.043333333333333335 0.03666666666666667 0.03666666666666667
0 0.5116666666666667 0.04416666666666667 0.023333333333333334 0.055
0 0.5525 0.5183333333333333 0.045 0.05
0 0.5841666666666666 0.5308333333333334 0.035 0.04833333333333333
0 0.5491666666666667 0.555 0.025 0.07666666666666666
0 0.5766666666666667 0.5666666666666667 0.023333333333333334 0.04666666666666667
0 0.5958333333333333 0.57 0.03166666666666667 0.043333333333333335
0 0.565 0.5691666666666667 0.02 0.058333333333333334
0 0.8283333333333334 0.5925 0.04 0.065
0 0.8608333333333333 0.6 0.021666666666666667 0.08
0 0.5966666666666667 0.0525 0.023333333333333334 0.07166666666666667
0 0.5633333333333334 0.62 0.02 0.056666666666666664
0 0.8258333333333333 0.625 0.025 0.07666666666666666
0 0.8358333333333333 0.6416666666666667 0.03166666666666667 0.07
0 0.45666666666666667 0.65 0.023333333333333334 0.07666666666666666
0 0.7666666666666667 0.6925 0.043333333333333335 0.058333333333333334
0 0.965 0.75 0.03666666666666667 0.043333333333333335
0 0.9808333333333333 0.7633333333333333 0.03166666666666667 0.056666666666666664
0 0.31833333333333336 0.7625 0.02 0.085
0 0.5366666666666666 0.07583333333333334 0.023333333333333334 0.058333333333333334
0 0.31333333333333335 0.8141666666666667 0.02 0.07833333333333334
0 0.3433333333333333 0.8233333333333334 0.03 0.03
0 0.2925 0.8258333333333333 0.025 0.06166666666666667
0 0.2775 0.8425 0.025 0.04833333333333333
0 0.2925 0.8783333333333333 0.018333333333333333 0.056666666666666664
0 0.24583333333333332 0.8791666666666667 0.041666666666666664 0.035
0 0.28 0.8958333333333334 0.02666666666666667 0.06166666666666667
0 0.22333333333333333 0.9 0.03333333333333333 0.03666666666666667
0 0.26916666666666667 0.9133333333333333 0.021666666666666667 0.03666666666666667
0 0.24083333333333334 0.9108333333333334 0.03166666666666667 0.035
0 0.5141666666666667 0.09 0.021666666666666667 0.06
0 0.2608333333333333 0.9491666666666667 0.021666666666666667 0.07166666666666667
0 0.24833333333333332 0.9616666666666667 0.016666666666666666 0.07666666666666666
0 0.4841666666666667 0.10666666666666667 0.021666666666666667 0.07333333333333333
0 0.49916666666666665 0.14416666666666667 0.015 0.10833333333333334
0 0.48583333333333334 0.16 0.015 0.06333333333333334
0 0.5458333333333333 0.02 0.041666666666666664 0.04
