0 0.8641666666666666 0.47333333333333333 0.03166666666666667 0.06666666666666667
0 0.18416666666666667 0.5341666666666667 0.035 0.03166666666666667
0 0.17166666666666666 0.5575 0.03666666666666667 0.025
0 0.18666666666666668 0.5741666666666667 0.03 0.025
0 0.21 0.5858333333333333 0.03333333333333333 0.028333333333333332
0 0.18333333333333332 0.5975 0.03 0.025
0 0.16916666666666666 0.6183333333333333 0.035 0.02666666666666667
0 0.2025 0.6316666666666667 0.03833333333333333 0.03
0 0.5091666666666667 0.6391666666666667 0.0016666666666666668 0.0016666666666666668
0 0.12583333333333332 0.6475 0.018333333333333333 0.035
0 0.15666666666666668 0.6558333333333334 0.02 0.058333333333333334
0 0.16916666666666666 0.6608333333333334 0.025 0.028333333333333332
0 0.1425 0.7108333333333333 0.0016666666666666668 0.005
0 0.195 0.6816666666666666 0.023333333333333334 0.03666666666666667
0 0.135 0.6941666666666667 0.023333333333333334 0.051666666666666666
0 0.19666666666666666 0.7083333333333334 0.03 0.043333333333333335
0 0.17166666666666666 0.7108333333333333 0.03333333333333333 0.03833333333333333
0 0.275 0.7283333333333334 0.023333333333333334 0.056666666666666664
0 0.9891666666666666 0.041666666666666664 0.021666666666666667 0.07333333333333333
0 0.20833333333333334 0.7541666666666667 0.023333333333333334 0.07166666666666667
0 0.16083333333333333 0.7475 0.028333333333333332 0.041666666666666664
0 0.29333333333333333 0.7558333333333334 0.023333333333333334 0.058333333333333334
0 0.17416666666666666 0.7583333333333333 0.035 0.03
0 0.1425 0.7583333333333333 0.018333333333333333 0.07333333333333333
0 0.26916666666666667 0.7691666666666667 0.03166666666666667 0.03166666666666667
0 0.25916666666666666 0.7816666666666666 0.03166666666666667 0.03333333333333333
0 0.25416666666666665 0.7966666666666666 0.03166666666666667 0.03333333333333333
0 0.2875 0.8083333333333333 0.028333333333333332 0.043333333333333335
0 0.15333333333333332 0.8091666666666667 0.02 0.058333333333333334
0 0.16333333333333333 0.82 0.02 0.04666666666666667
0 0.17083333333333334 0.8608333333333333 0.03166666666666667 0.07833333333333334
0 0.305 0.8891666666666667 0.016666666666666666 0.075
0 0.16333333333333333 0.8966666666666666 0.02666666666666667 0.05
0 0.1825 0.9275 0.025 0.04833333333333333
0 0.2025 0.9558333333333333 0.021666666666666667 0.07833333333333334
0 0.7425 0.07666666666666666 0.021666666666666667 0.04
0 0.7866666666666666 0.0875 0.016666666666666666 0.06833333333333333
0 0.7591666666666667 0.08833333333333333 0.018333333333333333 0.06333333333333334
0 0.9983333333333333 0.10916666666666666 0.0033333333333333335 0.011666666666666667
0 0.7525 0.11583333333333333 0.025 0.045
0 0.7383333333333333 0.13 0.013333333333333334 0.02666666666666667
0 0.7541666666666667 0.14833333333333334 0.028333333333333332 0.04
0 0.7766666666666666 0.15 0.023333333333333334 0.05
0 0.23166666666666666 0.16166666666666665 0.013333333333333334 0.02666666666666667
0 0.935 0.16666666666666666 0.023333333333333334 0.06666666666666667
0 0.8016666666666666 0.175 0.02 0.04666666666666667
0 0.7358333333333333 0.18083333333333335 0.021666666666666667 0.028333333333333332
0 0.23 0.19416666666666665 0.023333333333333334 0.045
0 0.7758333333333334 0.2 0.028333333333333332 0.07666666666666666
0 0.8041666666666667 0.205 0.025 0.04666666666666667
0 0.7125 0.21666666666666667 0.021666666666666667 0.06
0 0.8383333333333334 0.2175 0.02 0.07166666666666667
0 0.2225 0.22916666666666666 0.028333333333333332 0.03833333333333333
0 0.24916666666666668 0.24 0.028333333333333332 0.03
0 0.2991666666666667 0.255 0.035 0.04
0 0.825 0.25333333333333335 0.013333333333333334 0.07333333333333333
0 0.21583333333333332 0.2575 0.028333333333333332 0.035
0 0.8133333333333334 0.2575 0.016666666666666666 0.06833333333333333
0 0.24083333333333334 0.27 0.028333333333333332 0.03
0 0.835 0.2833333333333333 0.013333333333333334 0.056666666666666664
0 0.855 0.28833333333333333 0.023333333333333334 0.06666666666666667
0 0.21166666666666667 0.29333333333333333 0.02666666666666667 0.056666666666666664
0 0.225 0.2966666666666667 0.03333333333333333 0.04
0 0.8033333333333333 0.2966666666666667 0.023333333333333334 0.056666666666666664
0 0.8275 0.30833333333333335 0.021666666666666667 0.03666666666666667
0 0.8258333333333333 0.31833333333333336 0.021666666666666667 0.043333333333333335
0 0.8041666666666667 0.335 0.011666666666666667 0.04666666666666667
0 0.48833333333333334 0.33666666666666667 0.02666666666666667 0.07333333333333333
0 0.8441666666666666 0.3516666666666667 0.021666666666666667 0.05333333333333334
0 0.8858333333333334 0.3641666666666667 0.018333333333333333 0.051666666666666666
0 0.8225 0.36083333333333334 0.025 0.07166666666666667
0 0.8383333333333334 0.3725 0.02 0.065
0 0.87 0.375 0.016666666666666666 0.07333333333333333
0 0.8541666666666666 0.4075 0.021666666666666667 0.065
0 0.8358333333333333 0.4091666666666667 0.021666666666666667 0.085
0 0.25166666666666665 0.43666666666666665 0.03 0.06333333333333334
