0 0.8733333333333333 0.55 0.043333333333333335 0.05
0 0.31333333333333335 0.55 0.04 0.06333333333333334
0 0.7925 0.5416666666666666 0.015 0.056666666666666664
0 0.8708333333333333 0.5208333333333334 0.028333333333333332 0.025
0 0.7691666666666667 0.5158333333333334 0.03166666666666667 0.041666666666666664
0 0.5108333333333334 0.5166666666666667 0.041666666666666664 0.03
0 0.2783333333333333 0.5066666666666667 0.02666666666666667 0.03333333333333333
0 0.30333333333333334 0.5058333333333334 0.03666666666666667 0.041666666666666664
0 0.7733333333333333 0.48833333333333334 0.023333333333333334 0.05333333333333334
0 0.365 0.4825 0.02666666666666667 0.08166666666666667
0 0.7358333333333333 0.4775 0.045 0.045
0 0.30916666666666665 0.4725 0.03166666666666667 0.03833333333333333
0 0.27666666666666667 0.4666666666666667 0.016666666666666666 0.05
0 0.7483333333333333 0.4691666666666667 0.02666666666666667 0.045
0 0.30333333333333334 0.45666666666666667 0.02 0.05333333333333334
0 0.2916666666666667 0.44 0.02 0.06
0 0.2633333333333333 0.43833333333333335 0.016666666666666666 0.08
0 0.3233333333333333 0.4325 0.02 0.035
0 0.7125 0.43 0.035 0.04666666666666667
0 0.2866666666666667 0.415 0.013333333333333334 0.06333333333333334
0 0.30333333333333334 0.4041666666666667 0.016666666666666666 0.055
0 0.41 0.4058333333333333 0.02 0.085
0 0.27416666666666667 0.3975 0.015 0.07166666666666667
0 0.32 0.395 0.016666666666666666 0.06
0 0.2966666666666667 0.37083333333333335 0.016666666666666666 0.06166666666666667
0 0.42083333333333334 0.36083333333333334 0.018333333333333333 0.06833333333333333
0 0.2833333333333333 0.3525 0.016666666666666666 0.058333333333333334
0 0.26666666666666666 0.34833333333333333 0.016666666666666666 0.07
0 0.7216666666666667 0.33916666666666667 0.03666666666666667 0.055
0 0.255 0.335 0.016666666666666666 0.07666666666666666
0 0.41083333333333333 0.31416666666666665 0.018333333333333333 0.07166666666666667
0 0.2991666666666667 0.30583333333333335 0.021666666666666667 0.07833333333333334
0 0.5 0.30333333333333334 0.03 0.07
0 0.7825 0.2841666666666667 0.021666666666666667 0.085
0 0.2783333333333333 0.2758333333333333 0.03 0.06166666666666667
0 0.26916666666666667 0.26416666666666666 0.021666666666666667 0.08166666666666667
0 0.2733333333333333 0.19166666666666668 0.023333333333333334 0.06
0 0.27166666666666667 0.1775 0.02666666666666667 0.085
0 0.2658333333333333 0.12416666666666666 0.018333333333333333 0.058333333333333334
0 0.2791666666666667 0.08666666666666667 0.018333333333333333 0.07
0 0.2625 0.1 0.021666666666666667 0.09666666666666666
0 0.7633333333333333 0.095 0.023333333333333334 0.08333333333333333
0 0.8533333333333334 0.9441666666666667 0.03333333333333333 0.075
0 0.25166666666666665 0.07666666666666666 0.02 0.08
0 0.7416666666666667 0.06166666666666667 0.03 0.07333333333333333
0 0.7116666666666667 0.045 0.04 0.06
0 0.2758333333333333 0.03333333333333333 0.021666666666666667 0.05333333333333334
0 0.6583333333333333 0.03166666666666667 0.03666666666666667 0.05
0 0.7208333333333333 0.02 0.028333333333333332 0.04
0 0.7391666666666666 0.0225 0.025 0.045
0 0.7241666666666666 0.005 0.0016666666666666668 0.0033333333333333335
0 0.8391666666666666 0.8933333333333333 0.03833333333333333 0.056666666666666664
0 0.8283333333333334 0.8391666666666666 0.016666666666666666 0.055
0 0.7833333333333333 0.765 0.02666666666666667 0.05
0 0.7241666666666666 0.7566666666666667 0.035 0.04666666666666667
0 0.8016666666666666 0.7516666666666667 0.016666666666666666 0.06
0 0.8141666666666667 0.7391666666666666 0.025 0.055
0 0.5966666666666667 0.735 0.03333333333333333 0.02
0 0.6825 0.7375 0.04833333333333333 0.04833333333333333
0 0.7858333333333334 0.7316666666666667 0.021666666666666667 0.05
0 0.6183333333333333 0.7183333333333334 0.03666666666666667 0.04
0 0.24083333333333334 0.7158333333333333 0.018333333333333333 0.085
0 0.22333333333333333 0.71 0.02 0.06333333333333334
0 0.5933333333333334 0.7108333333333333 0.04 0.06833333333333333
0 0.7641666666666667 0.7008333333333333 0.021666666666666667 0.07166666666666667
0 0.785 0.6916666666666667 0.02666666666666667 0.056666666666666664
0 0.8216666666666667 0.6866666666666666 0.02 0.04666666666666667
0 0.6216666666666667 0.6725 0.04666666666666667 0.041666666666666664
0 0.22666666666666666 0.67 0.02 0.06333333333333334
0 0.7408333333333333 0.6666666666666666 0.028333333333333332 0.04666666666666667
0 0.7558333333333334 0.6483333333333333 0.028333333333333332 0.04
0 0.715 0.6475 0.03666666666666667 0.06166666666666667
0 0.7808333333333334 0.6475 0.025 0.051666666666666666
0 0.23916666666666667 0.6391666666666667 0.021666666666666667 0.06166666666666667
0 0.3233333333333333 0.6275 0.03333333333333333 0.028333333333333332
0 0.5841666666666666 0.6175 0.03166666666666667 0.065
0 0.73 0.61 0.04 0.03333333333333333
0 0.2675 0.6033333333333334 0.035 0.05
0 0.68 0.5891666666666666 0.04 0.03166666666666667
0 0.5491666666666667 0.5833333333333334 0.03833333333333333 0.02666666666666667
0 0.7933333333333333 0.5858333333333333 0.02666666666666667 0.028333333333333332
0 0.51 0.56 0.04 0.03666666666666667
0 0.6533333333333333 0.5616666666666666 0.03666666666666667 0.03
0 0.2675 0.5541666666666667 0.028333333333333332 0.055
0 0.2916666666666667 0.55 0.03333333333333333 0.043333333333333335
0 0.5333333333333333 0.5533333333333333 0.04 0.03666666666666667
0 0.7766666666666666 0.5491666666666667 0.03333333333333333 0.041666666666666664
