0 0.34833333333333333 0.5125 0.03333333333333333 0.11833333333333333
0 0.7616666666666667 0.48583333333333334 0.07666666666666666 0.051666666666666666
0 0.645 0.47583333333333333 0.07 0.051666666666666666
0 0.6925 0.44583333333333336 0.028333333333333332 0.125
0 0.4025 0.2833333333333333 0.035 0.10333333333333333
0 0.19166666666666668 0.14583333333333334 0.03 0.12166666666666667
0 0.315 0.03 0.03333333333333333 0.06
0 0.23833333333333334 0.7558333333333334 0.08 0.055
0 0.006666666666666667 0.9833333333333333 0.013333333333333334 0.03333333333333333
0 0.6833333333333333 0.7025 0.07333333333333333 0.06166666666666667
0 0.7383333333333333 0.5816666666666667 0.07 0.06333333333333334
0 0.49666666666666665 0.575 0.07 0.05333333333333334
0 0.5616666666666666 0.555 0.06 0.07333333333333333
0 0.6608333333333334 0.5383333333333333 0.06833333333333333 0.056666666666666664
