0 0.4033333333333333 0.5041666666666667 0.07 0.051666666666666666
0 0.8475 0.9575 0.045 0.085
0 0.3016666666666667 0.45416666666666666 0.07666666666666666 0.051666666666666666
0 0.42 0.43916666666666665 0.06666666666666667 0.04833333333333333
0 0.37166666666666665 0.4066666666666667 0.03333333333333333 0.12333333333333334
0 0.7166666666666667 0.36833333333333335 0.03666666666666667 0.11666666666666667
0 0.7641666666666667 0.365 0.035 0.12666666666666668
0 0.6666666666666666 0.235 0.03333333333333333 0.11
0 0.8775 0.09666666666666666 0.03166666666666667 0.11666666666666667
0 0.755 0.0125 0.03 0.025
0 0.6575 0.985 0.04833333333333333 0.03
0 0.8333333333333334 0.7208333333333333 0.07666666666666666 0.055
0 0.38333333333333336 0.6716666666666666 0.07 0.06333333333333334
0 0.3275 0.5608333333333333 0.065 0.08833333333333333
0 0.57 0.5433333333333333 0.07333333333333333 0.05333333333333334
0 0.5075 0.5133333333333333 0.055 0.10333333333333333
