0 0.29583333333333334 0.48083333333333333 0.041666666666666664 0.028333333333333332
0 0.6091666666666666 0.49166666666666664 0.021666666666666667 0.06333333333333334
0 0.585 0.49666666666666665 0.02 0.07666666666666666
0 0.5958333333333333 0.5108333333333334 0.011666666666666667 0.075
0 0.6366666666666667 0.5133333333333333 0.016666666666666666 0.06333333333333334
0 0.5341666666666667 0.5308333333333334 0.028333333333333332 0.051666666666666666
0 0.6066666666666667 0.5291666666666667 0.013333333333333334 0.058333333333333334
0 0.6183333333333333 0.54 0.013333333333333334 0.04666666666666667
0 0.55 0.5441666666666667 0.02666666666666667 0.058333333333333334
0 0.6275 0.5541666666666667 0.015 0.051666666666666666
0 0.6425 0.555 0.018333333333333333 0.056666666666666664
0 0.5033333333333333 0.5558333333333333 0.02666666666666667 0.03833333333333333
0 0.585 0.5575 0.016666666666666666 0.058333333333333334
0 0.5316666666666666 0.5608333333333333 0.016666666666666666 0.045
0 0.525 0.5808333333333333 0.02 0.07166666666666667
0 0.5925 0.5825 0.015 0.058333333333333334
0 0.6033333333333334 0.5825 0.013333333333333334 0.051666666666666666
0 0.5608333333333333 0.5891666666666666 0.028333333333333332 0.04833333333333333
0 0.615 0.5925 0.013333333333333334 0.055
0 0.5008333333333334 0.6091666666666666 0.018333333333333333 0.06166666666666667
0 0.6225 0.6141666666666666 0.015 0.055
0 0.5591666666666667 0.6216666666666667 0.011666666666666667 0.03333333333333333
0 0.525 0.6266666666666667 0.02 0.04666666666666667
0 0.6008333333333333 0.63 0.018333333333333333 0.05333333333333334
0 0.5166666666666667 0.6333333333333333 0.016666666666666666 0.05
0 0.49166666666666664 0.6391666666666667 0.013333333333333334 0.055
0 0.5708333333333333 0.6575 0.021666666666666667 0.058333333333333334
0 0.6108333333333333 0.6566666666666666 0.015 0.056666666666666664
0 0.5933333333333334 0.6583333333333333 0.03 0.06333333333333334
0 0.5066666666666667 0.6633333333333333 0.016666666666666666 0.04666666666666667
0 0.5258333333333334 0.6741666666666667 0.025 0.03833333333333333
0 0.4975 0.6891666666666667 0.021666666666666667 0.04833333333333333
0 0.5266666666666666 0.7033333333333334 0.03333333333333333 0.03
0 0.0 0.0 0.0 0.0
0 0.9933333333333333 0.05416666666666667 0.013333333333333334 0.025
0 0.5183333333333333 0.7141666666666666 0.023333333333333334 0.03833333333333333
0 0.5133333333333333 0.7508333333333334 0.023333333333333334 0.065
0 0.5491666666666667 0.7516666666666667 0.03166666666666667 0.04666666666666667
0 0.5333333333333333 0.7583333333333333 0.03 0.05333333333333334
0 0.5325 0.785 0.018333333333333333 0.04666666666666667
0 0.555 0.7908333333333334 0.016666666666666666 0.045
0 0.5241666666666667 0.8133333333333334 0.025 0.06666666666666667
0 0.5416666666666666 0.8266666666666667 0.02 0.043333333333333335
0 0.5566666666666666 0.8283333333333334 0.023333333333333334 0.05333333333333334
0 0.5541666666666667 0.8733333333333333 0.025 0.04666666666666667
0 0.6025 0.9266666666666666 0.03166666666666667 0.06666666666666667
0 0.59 0.96 0.02 0.06333333333333334
0 0.6158333333333333 0.9733333333333334 0.035 0.05333333333333334
0 0.8166666666666667 0.09166666666666666 0.02 0.07
0 0.8033333333333333 0.11166666666666666 0.02 0.08
0 0.585 0.11833333333333333 0.03 0.02666666666666667
0 0.5491666666666667 0.1225 0.041666666666666664 0.03166666666666667
0 0.9325 0.1425 0.005 0.005
0 0.5733333333333334 0.14083333333333334 0.03333333333333333 0.025
0 0.5325 0.14333333333333334 0.03833333333333333 0.03
0 0.9441666666666667 0.14916666666666667 0.03166666666666667 0.03833333333333333
0 0.5733333333333334 0.16083333333333333 0.03 0.028333333333333332
0 0.5433333333333333 0.16166666666666665 0.04 0.02666666666666667
0 0.3425 0.2075 0.018333333333333333 0.04833333333333333
0 0.4091666666666667 0.21583333333333332 0.03166666666666667 0.025
0 0.49333333333333335 0.22083333333333333 0.03333333333333333 0.041666666666666664
0 0.44083333333333335 0.23 0.03166666666666667 0.043333333333333335
0 0.37583333333333335 0.22833333333333333 0.03166666666666667 0.043333333333333335
0 0.35333333333333333 0.2375 0.023333333333333334 0.045
0 0.5183333333333333 0.2375 0.023333333333333334 0.03833333333333333
0 0.47 0.24 0.03 0.03333333333333333
0 0.41083333333333333 0.24 0.025 0.03333333333333333
0 0.32 0.24166666666666667 0.023333333333333334 0.043333333333333335
0 0.3858333333333333 0.24583333333333332 0.035 0.03833333333333333
0 0.54 0.25 0.02666666666666667 0.02
0 0.29333333333333333 0.25 0.013333333333333334 0.06
0 0.5033333333333333 0.25583333333333336 0.03666666666666667 0.035
0 0.5608333333333333 0.25666666666666665 0.015 0.016666666666666666
0 0.33166666666666667 0.26666666666666666 0.023333333333333334 0.06666666666666667
0 0.8075 0.26916666666666667 0.03166666666666667 0.04833333333333333
0 0.5525 0.2725 0.041666666666666664 0.03166666666666667
0 0.485 0.27166666666666667 0.03333333333333333 0.03
0 0.31833333333333336 0.2825 0.01 0.041666666666666664
0 0.3075 0.2808333333333333 0.021666666666666667 0.07166666666666667
0 0.5866666666666667 0.2866666666666667 0.023333333333333334 0.03333333333333333
0 0.5566666666666666 0.30083333333333334 0.03 0.055
0 0.5758333333333333 0.30333333333333334 0.028333333333333332 0.03333333333333333
0 0.5358333333333334 0.30666666666666664 0.03833333333333333 0.043333333333333335
0 0.28583333333333333 0.3125 0.015 0.051666666666666666
0 0.5083333333333333 0.32 0.03333333333333333 0.05
0 0.2775 0.33166666666666667 0.025 0.05
0 0.6066666666666667 0.3375 0.03 0.04833333333333333
0 0.2991666666666667 0.335 0.018333333333333333 0.056666666666666664
0 0.5833333333333334 0.3441666666666667 0.023333333333333334 0.045
0 0.6333333333333333 0.35 0.03 0.03666666666666667
0 0.5333333333333333 0.35083333333333333 0.03 0.03166666666666667
0 0.6008333333333333 0.355 0.021666666666666667 0.05333333333333334
0 0.6308333333333334 0.36666666666666664 0.018333333333333333 0.04
0 0.5858333333333333 0.37583333333333335 0.03166666666666667 0.058333333333333334
0 0.2916666666666667 0.375 0.016666666666666666 0.04
0 0.6216666666666667 0.38666666666666666 0.02 0.05333333333333334
0 0.6416666666666667 0.4058333333333333 0.023333333333333334 0.03833333333333333
0 0.6491666666666667 0.43833333333333335 0.03166666666666667 0.03666666666666667
0 0.29833333333333334 0.43916666666666665 0.02666666666666667 0.051666666666666666
0 0.6316666666666667 0.44333333333333336 0.02 0.06
0 0.625 0.4691666666666667 0.016666666666666666 0.058333333333333334
