0 0.17416666666666666 0.5591666666666667 0.03833333333333333 0.06833333333333333
0 0.26166666666666666 0.5508333333333333 0.05333333333333334 0.041666666666666664
0 0.2075 0.5316666666666666 0.021666666666666667 0.056666666666666664
0 0.18333333333333332 0.43583333333333335 0.02666666666666667 0.085
0 0.31083333333333335 0.11333333333333333 0.051666666666666666 0.08
0 0.9216666666666666 0.9608333333333333 0.03333333333333333 0.065
0 0.89 0.9083333333333333 0.03 0.056666666666666664
0 0.8616666666666667 0.84 0.03666666666666667 0.056666666666666664
0 0.71 0.8091666666666667 0.056666666666666664 0.045
0 0.2733333333333333 0.7616666666666667 0.056666666666666664 0.03666666666666667
0 0.61 0.7616666666666667 0.043333333333333335 0.05
0 0.3283333333333333 0.7608333333333334 0.05333333333333334 0.045
0 0.5775 0.7491666666666666 0.035 0.051666666666666666
0 0.38333333333333336 0.7516666666666667 0.05 0.04
0 0.2916666666666667 0.7383333333333333 0.043333333333333335 0.056666666666666664
0 0.4325 0.7216666666666667 0.051666666666666666 0.04666666666666667
0 0.5166666666666667 0.7175 0.05 0.03833333333333333
0 0.5483333333333333 0.6991666666666667 0.043333333333333335 0.041666666666666664
0 0.4075 0.6933333333333334 0.051666666666666666 0.043333333333333335
0 0.4675 0.6841666666666667 0.04833333333333333 0.03833333333333333
0 0.4975 0.6708333333333333 0.055 0.045
0 0.425 0.6516666666666666 0.04666666666666667 0.03666666666666667
