0 0.155 0.5008333333333334 0.03333333333333333 0.041666666666666664
0 0.4075 0.5008333333333334 0.03833333333333333 0.04833333333333333
0 0.15833333333333333 0.49833333333333335 0.04 0.04666666666666667
0 0.43 0.4891666666666667 0.013333333333333334 0.018333333333333333
0 0.1675 0.48083333333333333 0.025 0.065
0 0.145 0.4725 0.02 0.015
0 0.12333333333333334 0.4741666666666667 0.03 0.058333333333333334
0 0.105 0.4675 0.02 0.055
0 0.13666666666666666 0.455 0.03333333333333333 0.02666666666666667
0 0.43583333333333335 0.4533333333333333 0.035 0.043333333333333335
0 0.41583333333333333 0.44916666666666666 0.025 0.065
0 0.13916666666666666 0.43 0.035 0.023333333333333334
0 0.08916666666666667 0.4175 0.021666666666666667 0.07833333333333334
0 0.1175 0.41583333333333333 0.025 0.051666666666666666
0 0.10833333333333334 0.4008333333333333 0.023333333333333334 0.058333333333333334
0 0.38916666666666666 0.3925 0.028333333333333332 0.051666666666666666
0 0.10166666666666667 0.3475 0.016666666666666666 0.065
0 0.12 0.3425 0.02666666666666667 0.058333333333333334
0 0.12083333333333333 0.2966666666666667 0.028333333333333332 0.04666666666666667
0 0.21916666666666668 0.29 0.028333333333333332 0.06333333333333334
0 0.7291666666666666 0.23083333333333333 0.028333333333333332 0.03833333333333333
0 0.8075 0.2225 0.03166666666666667 0.025
0 0.9358333333333333 0.20333333333333334 0.028333333333333332 0.08
0 0.8125 0.19083333333333333 0.028333333333333332 0.045
0 0.8283333333333334 0.19083333333333333 0.043333333333333335 0.055
0 0.37666666666666665 0.18916666666666668 0.04 0.041666666666666664
0 0.9925 0.18666666666666668 0.015 0.056666666666666664
0 0.4008333333333333 0.16583333333333333 0.028333333333333332 0.045
0 0.785 0.16416666666666666 0.03333333333333333 0.075
0 0.3775 0.15583333333333332 0.028333333333333332 0.045
0 0.8358333333333333 0.16 0.028333333333333332 0.04666666666666667
0 0.355 0.14916666666666667 0.03666666666666667 0.041666666666666664
0 0.8025 0.1425 0.041666666666666664 0.045
0 0.38333333333333336 0.1275 0.03666666666666667 0.03833333333333333
0 0.8166666666666667 0.12916666666666668 0.03333333333333333 0.025
0 0.3433333333333333 0.12 0.04 0.03666666666666667
0 0.7966666666666666 0.1125 0.05 0.028333333333333332
0 0.8108333333333333 0.11916666666666667 0.005 0.0016666666666666668
0 0.9941666666666666 0.10583333333333333 0.011666666666666667 0.085
0 0.9416666666666667 0.09416666666666666 0.03666666666666667 0.058333333333333334
0 0.78 0.08666666666666667 0.056666666666666664 0.03
0 0.8241666666666667 0.07833333333333334 0.035 0.023333333333333334
0 0.8075 0.06 0.028333333333333332 0.02666666666666667
0 0.9925 0.03916666666666667 0.015 0.07833333333333334
0 0.9666666666666667 0.0275 0.02666666666666667 0.055
0 0.15083333333333335 0.013333333333333334 0.025 0.02666666666666667
0 0.19916666666666666 0.0125 0.028333333333333332 0.025
0 0.10166666666666667 0.8675 0.03333333333333333 0.045
0 0.09333333333333334 0.8241666666666667 0.02666666666666667 0.051666666666666666
0 0.1075 0.8058333333333333 0.021666666666666667 0.06833333333333333
0 0.08916666666666667 0.7783333333333333 0.018333333333333333 0.06333333333333334
0 0.10583333333333333 0.7641666666666667 0.025 0.04833333333333333
0 0.12416666666666666 0.7583333333333333 0.018333333333333333 0.04666666666666667
0 0.3275 0.74 0.021666666666666667 0.08333333333333333
0 0.1 0.7208333333333333 0.016666666666666666 0.051666666666666666
0 0.8225 0.7133333333333334 0.041666666666666664 0.056666666666666664
0 0.1175 0.6958333333333333 0.021666666666666667 0.065
0 0.10416666666666667 0.6716666666666666 0.015 0.05
0 0.7908333333333334 0.6583333333333333 0.045 0.03333333333333333
0 0.11 0.6275 0.023333333333333334 0.065
0 0.135 0.6283333333333333 0.02 0.06
0 0.8558333333333333 0.5966666666666667 0.035 0.06666666666666667
0 0.12333333333333334 0.5833333333333334 0.02 0.06
0 0.08916666666666667 0.5816666666666667 0.021666666666666667 0.06
0 0.14 0.5716666666666667 0.023333333333333334 0.06666666666666667
0 0.15916666666666668 0.5458333333333333 0.025 0.06166666666666667
0 0.12666666666666668 0.5375 0.016666666666666666 0.065
0 0.11 0.5258333333333334 0.02 0.058333333333333334
0 0.13583333333333333 0.5216666666666666 0.028333333333333332 0.03666666666666667
0 0.09416666666666666 0.52 0.018333333333333333 0.07333333333333333
0 0.41583333333333333 0.5166666666666667 0.03833333333333333 0.03666666666666667
