0 0.6933333333333334 0.3775 0.06333333333333334 0.06166666666666667
0 0.635 0.3333333333333333 0.06666666666666667 0.09
0 0.81 0.2525 0.056666666666666664 0.115
0 0.9166666666666666 0.1925 0.06333333333333334 0.095
0 0.6541666666666667 0.1775 0.07166666666666667 0.07833333333333334
0 0.8341666666666666 0.9183333333333333 0.065 0.05
0 0.9108333333333334 0.08916666666666667 0.035 0.12833333333333333
0 0.6975 0.895 0.06833333333333333 0.1
0 0.6433333333333333 0.8766666666666667 0.04 0.12
0 0.8183333333333334 0.8408333333333333 0.07333333333333333 0.065
0 0.7358333333333333 0.98 0.075 0.04
0 0.6933333333333334 0.7808333333333334 0.07333333333333333 0.09833333333333333
0 0.8891666666666667 0.98 0.028333333333333332 0.04
0 0.66 0.9666666666666667 0.03 0.06666666666666667
0 0.6766666666666666 0.6341666666666667 0.03333333333333333 0.12833333333333333
0 0.8508333333333333 0.96 0.06166666666666667 0.05333333333333334
0 0.6458333333333334 0.5158333333333334 0.051666666666666666 0.12166666666666667
