0 0.4791666666666667 0.5133333333333333 0.021666666666666667 0.07
0 0.49583333333333335 0.5175 0.03166666666666667 0.07833333333333334
0 0.4716666666666667 0.54 0.02 0.06333333333333334
0 0.44083333333333335 0.5466666666666666 0.018333333333333333 0.07333333333333333
0 0.4033333333333333 0.5541666666666667 0.04666666666666667 0.041666666666666664
0 0.2475 0.5558333333333333 0.041666666666666664 0.035
0 0.23 0.565 0.03666666666666667 0.03666666666666667
0 0.30666666666666664 0.5691666666666667 0.04 0.041666666666666664
0 0.5 0.5741666666666667 0.023333333333333334 0.055
0 0.27416666666666667 0.5908333333333333 0.041666666666666664 0.03833333333333333
0 0.6633333333333333 0.6283333333333333 0.02666666666666667 0.06333333333333334
0 0.7666666666666667 0.64 0.02 0.09
0 0.7983333333333333 0.6525 0.04 0.035
0 0.7883333333333333 0.6875 0.023333333333333334 0.058333333333333334
0 0.8391666666666666 0.7016666666666667 0.041666666666666664 0.07666666666666666
0 0.8116666666666666 0.6975 0.023333333333333334 0.06166666666666667
0 0.7666666666666667 0.7058333333333333 0.02666666666666667 0.065
0 0.835 0.7125 0.03333333333333333 0.058333333333333334
0 0.7891666666666667 0.7216666666666667 0.021666666666666667 0.05
0 0.8 0.7383333333333333 0.02 0.06333333333333334
0 0.8266666666666667 0.7658333333333334 0.016666666666666666 0.07166666666666667
0 0.8441666666666666 0.775 0.028333333333333332 0.08333333333333333
0 0.81 0.7741666666666667 0.02 0.075
0 0.14833333333333334 0.8083333333333333 0.04 0.03666666666666667
0 0.8408333333333333 0.825 0.025 0.06666666666666667
0 0.19833333333333333 0.8266666666666667 0.03666666666666667 0.03666666666666667
0 0.5366666666666666 0.1925 0.02 0.08166666666666667
0 0.5558333333333333 0.23333333333333334 0.018333333333333333 0.056666666666666664
0 0.43 0.2675 0.04666666666666667 0.035
0 0.5516666666666666 0.275 0.02 0.06666666666666667
0 0.41083333333333333 0.3016666666666667 0.045 0.03333333333333333
0 0.40166666666666667 0.3325 0.04 0.035
0 0.3908333333333333 0.37666666666666665 0.021666666666666667 0.056666666666666664
0 0.4483333333333333 0.4725 0.03 0.08166666666666667
0 0.4625 0.485 0.03166666666666667 0.07666666666666666
