0 0.6825 0.4891666666666667 0.058333333333333334 0.095
0 0.2683333333333333 0.37083333333333335 0.07 0.06833333333333333
0 0.24083333333333334 0.2925 0.06833333333333333 0.07833333333333334
0 0.9933333333333333 0.3025 0.013333333333333334 0.035
0 0.31 0.28583333333333333 0.08 0.055
0 0.2941666666666667 0.22 0.075 0.06666666666666667
0 0.31916666666666665 0.13916666666666666 0.065 0.11166666666666666
0 0.2825 0.13416666666666666 0.041666666666666664 0.12166666666666667
0 0.3475 0.09416666666666666 0.055 0.11166666666666666
0 0.5891666666666666 0.02666666666666667 0.075 0.05333333333333334
0 0.6933333333333334 0.9225 0.06666666666666667 0.08166666666666667
0 0.6533333333333333 0.87 0.06666666666666667 0.056666666666666664
0 0.8016666666666666 0.8641666666666666 0.07666666666666666 0.06833333333333333
0 0.6475 0.8166666666666667 0.06833333333333333 0.056666666666666664
0 0.3225 0.7241666666666666 0.03166666666666667 0.11166666666666666
0 0.7008333333333333 0.6516666666666666 0.07166666666666667 0.05333333333333334
0 0.93 0.6341666666666667 0.06333333333333334 0.09166666666666666
0 0.735 0.9758333333333333 0.06666666666666667 0.04833333333333333
