0 0.015833333333333335 0.02666666666666667 0.03166666666666667 0.03
0 0.38166666666666665 0.4658333333333333 0.02 0.04833333333333333
0 0.3933333333333333 0.4766666666666667 0.016666666666666666 0.05333333333333334
0 0.4191666666666667 0.4825 0.021666666666666667 0.058333333333333334
0 0.36916666666666664 0.49833333333333335 0.015 0.05
0 0.39916666666666667 0.4975 0.015 0.065
0 0.41 0.5075 0.013333333333333334 0.055
0 0.3858333333333333 0.5175 0.011666666666666667 0.03833333333333333
0 0.37916666666666665 0.53 0.011666666666666667 0.05
0 0.45166666666666666 0.5341666666666667 0.02 0.06833333333333333
0 0.4925 0.5375 0.021666666666666667 0.04833333333333333
0 0.4625 0.5391666666666667 0.011666666666666667 0.045
0 0.42 0.5425 0.016666666666666666 0.06166666666666667
0 0.4008333333333333 0.5575 0.015 0.051666666666666666
0 0.38916666666666666 0.5583333333333333 0.011666666666666667 0.05333333333333334
0 0.4925 0.565 0.028333333333333332 0.05333333333333334
0 0.3725 0.5641666666666667 0.015 0.07166666666666667
0 0.47333333333333333 0.5691666666666667 0.016666666666666666 0.07166666666666667
0 0.43583333333333335 0.5716666666666667 0.015 0.07
0 0.41333333333333333 0.5783333333333334 0.013333333333333334 0.06333333333333334
0 0.4475 0.5933333333333334 0.021666666666666667 0.06333333333333334
0 0.38 0.5991666666666666 0.013333333333333334 0.051666666666666666
0 0.40166666666666667 0.6016666666666667 0.016666666666666666 0.056666666666666664
0 0.4241666666666667 0.6033333333333334 0.015 0.056666666666666664
0 0.49583333333333335 0.6108333333333333 0.018333333333333333 0.06833333333333333
0 0.4766666666666667 0.6275 0.013333333333333334 0.06833333333333333
0 0.4075 0.6433333333333333 0.025 0.043333333333333335
0 0.4608333333333333 0.6466666666666666 0.021666666666666667 0.04666666666666667
0 0.49916666666666665 0.6408333333333334 0.025 0.051666666666666666
0 0.43416666666666665 0.6483333333333333 0.015 0.06
0 0.3883333333333333 0.6508333333333334 0.02 0.06166666666666667
0 0.4216666666666667 0.6575 0.013333333333333334 0.04833333333333333
0 0.405 0.6633333333333333 0.03 0.05
0 0.45666666666666667 0.6766666666666666 0.03 0.03333333333333333
0 0.4666666666666667 0.6966666666666667 0.02666666666666667 0.06333333333333334
0 0.19166666666666668 0.04833333333333333 0.02 0.06
0 0.44916666666666666 0.71 0.021666666666666667 0.04
0 0.4608333333333333 0.7433333333333333 0.021666666666666667 0.06
0 0.43166666666666664 0.76 0.02666666666666667 0.043333333333333335
0 0.43583333333333335 0.785 0.028333333333333332 0.043333333333333335
0 0.4575 0.7925 0.021666666666666667 0.06833333333333333
0 0.4375 0.8083333333333333 0.025 0.04666666666666667
0 0.4558333333333333 0.8275 0.025 0.051666666666666666
0 0.4058333333333333 0.8433333333333334 0.028333333333333332 0.03333333333333333
0 0.4266666666666667 0.8433333333333334 0.03 0.03
0 0.20833333333333334 0.0675 0.02 0.07833333333333334
0 0.4275 0.865 0.025 0.03666666666666667
0 0.445 0.8675 0.023333333333333334 0.03166666666666667
0 0.39416666666666667 0.8741666666666666 0.025 0.035
0 0.3858333333333333 0.8775 0.0016666666666666668 0.005
0 0.41333333333333333 0.905 0.03333333333333333 0.05
0 0.4091666666666667 0.9341666666666667 0.025 0.051666666666666666
0 0.38 0.9458333333333333 0.02666666666666667 0.04833333333333333
0 0.4175 0.1 0.03166666666666667 0.02666666666666667
0 0.075 0.105 0.03333333333333333 0.05
0 0.4575 0.11083333333333334 0.041666666666666664 0.041666666666666664
0 0.07166666666666667 0.11416666666666667 0.02666666666666667 0.03166666666666667
0 0.445 0.12416666666666666 0.03666666666666667 0.045
0 0.4125 0.12666666666666668 0.03166666666666667 0.02666666666666667
0 0.4325 0.14333333333333334 0.03833333333333333 0.03333333333333333
0 0.3958333333333333 0.15166666666666667 0.03166666666666667 0.03333333333333333
0 0.6591666666666667 0.18583333333333332 0.021666666666666667 0.028333333333333332
0 0.64 0.19666666666666666 0.03 0.02666666666666667
0 0.5175 0.21083333333333334 0.035 0.04833333333333333
0 0.6641666666666667 0.21166666666666667 0.028333333333333332 0.02666666666666667
0 0.6858333333333333 0.21166666666666667 0.025 0.06
0 0.5558333333333333 0.21083333333333334 0.035 0.035
0 0.48833333333333334 0.215 0.02666666666666667 0.04
0 0.5191666666666667 0.22083333333333333 0.035 0.028333333333333332
0 0.6775 0.22166666666666668 0.018333333333333333 0.016666666666666666
0 0.7066666666666667 0.22833333333333333 0.016666666666666666 0.07666666666666666
0 0.4666666666666667 0.23166666666666666 0.02666666666666667 0.02
0 0.5291666666666667 0.24166666666666667 0.03166666666666667 0.03666666666666667
0 0.20416666666666666 0.24083333333333334 0.03166666666666667 0.051666666666666666
0 0.49333333333333335 0.2475 0.03333333333333333 0.03833333333333333
0 0.4508333333333333 0.25333333333333335 0.041666666666666664 0.03
0 0.5016666666666667 0.2575 0.02666666666666667 0.03833333333333333
0 0.42916666666666664 0.2608333333333333 0.008333333333333333 0.015
0 0.4658333333333333 0.2708333333333333 0.021666666666666667 0.04833333333333333
0 0.44666666666666666 0.2833333333333333 0.023333333333333334 0.043333333333333335
0 0.43083333333333335 0.2816666666666667 0.028333333333333332 0.03333333333333333
0 0.4008333333333333 0.295 0.025 0.03
0 0.7033333333333334 0.2975 0.02 0.055
0 0.715 0.2991666666666667 0.016666666666666666 0.051666666666666666
0 0.4425 0.31333333333333335 0.025 0.03666666666666667
0 0.39416666666666667 0.29583333333333334 0.0016666666666666668 0.0016666666666666668
0 0.4225 0.32166666666666666 0.025 0.043333333333333335
0 0.7225 0.32 0.021666666666666667 0.05
0 0.37333333333333335 0.3308333333333333 0.02666666666666667 0.03833333333333333
0 0.4075 0.33166666666666667 0.028333333333333332 0.05333333333333334
0 0.375 0.3433333333333333 0.02 0.04
0 0.7091666666666666 0.3475 0.015 0.03833333333333333
0 0.38333333333333336 0.3616666666666667 0.023333333333333334 0.05
0 0.7 0.38083333333333336 0.02 0.058333333333333334
0 0.3575 0.3858333333333333 0.028333333333333332 0.035
0 0.39166666666666666 0.4141666666666667 0.03666666666666667 0.028333333333333332
0 0.35583333333333333 0.41583333333333333 0.03166666666666667 0.028333333333333332
0 0.43 0.43166666666666664 0.03 0.056666666666666664
0 0.6883333333333334 0.43666666666666665 0.016666666666666666 0.07666666666666666
0 0.4008333333333333 0.44583333333333336 0.018333333333333333 0.041666666666666664
0 0.3566666666666667 0.44416666666666665 0.03666666666666667 0.045
0 0.4216666666666667 0.45 0.03 0.04
0 0.36833333333333335 0.45416666666666666 0.02666666666666667 0.04833333333333333
