0 0.5408333333333334 0.9525 0.035 0.035
0 0.5133333333333333 0.95 0.023333333333333334 0.05333333333333334
0 0.5541666666666667 0.47833333333333333 0.045 0.05
0 0.5858333333333333 0.465 0.035 0.05
0 0.5508333333333333 0.43916666666666665 0.021666666666666667 0.075
0 0.5783333333333334 0.43 0.023333333333333334 0.04666666666666667
0 0.5966666666666667 0.425 0.03 0.043333333333333335
0 0.5666666666666667 0.42583333333333334 0.02 0.058333333333333334
0 0.8291666666666667 0.4033333333333333 0.03833333333333333 0.06333333333333334
0 0.8616666666666667 0.3958333333333333 0.023333333333333334 0.07833333333333334
0 0.5991666666666666 0.945 0.021666666666666667 0.07
0 0.565 0.37583333333333335 0.02 0.055
0 0.8275 0.36916666666666664 0.025 0.06833333333333333
0 0.8375 0.3525 0.03166666666666667 0.065
0 0.4583333333333333 0.3458333333333333 0.023333333333333334 0.07833333333333334
0 0.7691666666666667 0.30333333333333334 0.041666666666666664 0.06
0 0.9675 0.24583333333333332 0.035 0.041666666666666664
0 0.9808333333333333 0.23416666666666666 0.03166666666666667 0.058333333333333334
0 0.32083333333333336 0.23416666666666666 0.018333333333333333 0.085
0 0.5383333333333333 0.9191666666666667 0.023333333333333334 0.058333333333333334
0 0.315 0.17333333333333334 0.02 0.06333333333333334
0 0.345 0.17166666666666666 0.03 0.03
0 0.295 0.16916666666666666 0.023333333333333334 0.06166666666666667
0 0.2791666666666667 0.15333333333333332 0.025 0.04666666666666667
0 0.2941666666666667 0.11666666666666667 0.018333333333333333 0.05333333333333334
0 0.24833333333333332 0.11666666666666667 0.04 0.03666666666666667
0 0.2808333333333333 0.1 0.025 0.06
0 0.225 0.09666666666666666 0.03333333333333333 0.03666666666666667
0 0.27 0.08166666666666667 0.02 0.03666666666666667
0 0.2425 0.08416666666666667 0.03166666666666667 0.035
0 0.515 0.9066666666666666 0.023333333333333334 0.056666666666666664
0 0.2625 0.04666666666666667 0.021666666666666667 0.07333333333333333
0 0.25 0.035 0.016666666666666666 0.07
0 0.4866666666666667 0.8883333333333333 0.023333333333333334 0.07333333333333333
0 0.5008333333333334 0.8583333333333333 0.015 0.11
0 0.4866666666666667 0.8366666666666667 0.013333333333333334 0.06333333333333334
0 0.5475 0.9783333333333334 0.041666666666666664 0.043333333333333335
