0 0.6008333333333333 0.5125 0.015 0.058333333333333334
0 0.565 0.51 0.016666666666666666 0.07666666666666666
0 0.5783333333333334 0.5108333333333334 0.02 0.07833333333333334
0 0.5508333333333333 0.5033333333333333 0.021666666666666667 0.07666666666666666
0 0.6216666666666667 0.4716666666666667 0.023333333333333334 0.05
0 0.6066666666666667 0.465 0.023333333333333334 0.02666666666666667
0 0.555 0.45666666666666667 0.016666666666666666 0.05333333333333334
0 0.5891666666666666 0.44916666666666666 0.03166666666666667 0.04833333333333333
0 0.6033333333333334 0.43833333333333335 0.02 0.043333333333333335
0 0.5708333333333333 0.43166666666666664 0.021666666666666667 0.06333333333333334
0 0.5725 0.4041666666666667 0.0016666666666666668 0.0016666666666666668
0 0.6175 0.4141666666666667 0.015 0.06166666666666667
0 0.6308333333333334 0.39166666666666666 0.021666666666666667 0.07666666666666666
0 0.6091666666666666 0.38916666666666666 0.021666666666666667 0.058333333333333334
0 0.5708333333333333 0.37666666666666665 0.018333333333333333 0.06666666666666667
0 0.5958333333333333 0.4033333333333333 0.0016666666666666668 0.0033333333333333335
0 0.585 0.3616666666666667 0.02 0.06333333333333334
0 0.5683333333333334 0.3283333333333333 0.023333333333333334 0.08
0 0.5866666666666667 0.32166666666666666 0.02666666666666667 0.03666666666666667
0 0.6116666666666667 0.31583333333333335 0.016666666666666666 0.06833333333333333
0 0.5641666666666667 0.29583333333333334 0.021666666666666667 0.08166666666666667
0 0.5458333333333333 0.2891666666666667 0.028333333333333332 0.058333333333333334
0 0.5875 0.2816666666666667 0.018333333333333333 0.06333333333333334
0 0.6041666666666666 0.2708333333333333 0.025 0.06166666666666667
0 0.5783333333333334 0.2575 0.013333333333333334 0.055
0 0.5525 0.2475 0.035 0.058333333333333334
0 0.5566666666666666 0.2425 0.02666666666666667 0.04833333333333333
0 0.6083333333333333 0.2225 0.023333333333333334 0.051666666666666666
0 0.5916666666666667 0.22083333333333333 0.02 0.058333333333333334
0 0.5516666666666666 0.2275 0.0033333333333333335 0.0016666666666666668
0 0.6141666666666666 0.1725 0.028333333333333332 0.06166666666666667
0 0.6033333333333334 0.1625 0.02666666666666667 0.051666666666666666
0 0.58 0.16 0.04 0.056666666666666664
0 0.6725 0.11583333333333333 0.03166666666666667 0.075
0 0.5558333333333333 0.7183333333333334 0.015 0.08
0 0.5391666666666667 0.6966666666666667 0.015 0.07
0 0.5283333333333333 0.6666666666666666 0.013333333333333334 0.056666666666666664
0 0.555 0.625 0.013333333333333334 0.07333333333333333
0 0.5758333333333333 0.5416666666666666 0.018333333333333333 0.06666666666666667
0 0.6141666666666666 0.535 0.015 0.06333333333333334
0 0.5908333333333333 0.5208333333333334 0.011666666666666667 0.06833333333333333
