0 0.6275 0.5475 0.03166666666666667 0.06833333333333333
0 0.6075 0.5408333333333334 0.035 0.03166666666666667
0 0.7966666666666666 0.5166666666666667 0.016666666666666666 0.056666666666666664
0 0.69 0.5141666666666667 0.03666666666666667 0.03833333333333333
0 0.17916666666666667 0.5058333333333334 0.025 0.07166666666666667
0 0.6616666666666666 0.4975 0.016666666666666666 0.065
0 0.7233333333333334 0.4925 0.03666666666666667 0.035
0 0.7591666666666667 0.4875 0.041666666666666664 0.03166666666666667
0 0.16 0.48833333333333334 0.02 0.05333333333333334
0 0.7083333333333334 0.4816666666666667 0.03333333333333333 0.04
0 0.6391666666666667 0.4725 0.025 0.075
0 0.785 0.4675 0.03 0.055
0 0.65 0.4675 0.02 0.075
0 0.735 0.4666666666666667 0.03 0.03333333333333333
0 0.6933333333333334 0.4658333333333333 0.03333333333333333 0.028333333333333332
0 0.6741666666666667 0.4658333333333333 0.028333333333333332 0.04833333333333333
0 0.755 0.4525 0.03333333333333333 0.028333333333333332
0 0.7083333333333334 0.44666666666666666 0.04 0.02666666666666667
0 0.7933333333333333 0.43583333333333335 0.016666666666666666 0.07166666666666667
0 0.85 0.43583333333333335 0.03333333333333333 0.041666666666666664
0 0.7308333333333333 0.43416666666666665 0.03166666666666667 0.03166666666666667
0 0.76 0.42833333333333334 0.03333333333333333 0.03333333333333333
0 0.07833333333333334 0.9708333333333333 0.02 0.058333333333333334
0 0.15916666666666668 0.4225 0.015 0.06166666666666667
0 0.77 0.4141666666666667 0.03333333333333333 0.028333333333333332
0 0.18 0.4058333333333333 0.03333333333333333 0.058333333333333334
0 0.06 0.97 0.023333333333333334 0.06
0 0.67 0.405 0.023333333333333334 0.06666666666666667
0 0.6883333333333334 0.4025 0.023333333333333334 0.055
0 0.7108333333333333 0.3958333333333333 0.035 0.035
0 0.8116666666666666 0.3958333333333333 0.03 0.045
0 0.7433333333333333 0.395 0.023333333333333334 0.03
0 0.78 0.3975 0.03333333333333333 0.028333333333333332
0 0.8725 0.37666666666666665 0.028333333333333332 0.06333333333333334
0 0.8516666666666667 0.37416666666666665 0.03 0.03166666666666667
0 0.8308333333333333 0.37333333333333335 0.035 0.05
0 0.7958333333333333 0.36666666666666664 0.035 0.02666666666666667
0 0.6725 0.35 0.028333333333333332 0.04666666666666667
0 0.86 0.34833333333333333 0.03333333333333333 0.03
0 0.65 0.345 0.03666666666666667 0.06
0 0.8025 0.3441666666666667 0.03166666666666667 0.025
0 0.83 0.33916666666666667 0.03333333333333333 0.03166666666666667
0 0.7508333333333334 0.31083333333333335 0.04833333333333333 0.04833333333333333
0 0.8033333333333333 0.31 0.043333333333333335 0.03
0 0.0575 0.9633333333333334 0.021666666666666667 0.06
0 0.38166666666666665 0.014166666666666666 0.016666666666666666 0.028333333333333332
0 0.08833333333333333 0.9241666666666667 0.016666666666666666 0.08166666666666667
0 0.07083333333333333 0.9133333333333333 0.018333333333333333 0.06666666666666667
0 0.06 0.9116666666666666 0.016666666666666666 0.056666666666666664
0 0.0575 0.9016666666666666 0.025 0.07666666666666666
0 0.085 0.8725 0.016666666666666666 0.065
0 0.056666666666666664 0.8466666666666667 0.02 0.05333333333333334
0 0.10583333333333333 0.8458333333333333 0.028333333333333332 0.065
0 0.0775 0.8441666666666666 0.025 0.058333333333333334
0 0.07166666666666667 0.8391666666666666 0.013333333333333334 0.03166666666666667
0 0.07833333333333334 0.9925 0.013333333333333334 0.015
0 0.10333333333333333 0.7666666666666667 0.02666666666666667 0.06333333333333334
0 0.5891666666666666 0.6083333333333333 0.035 0.07
0 0.135 0.5608333333333333 0.02666666666666667 0.07166666666666667
0 0.645 0.5575 0.03 0.075
