0 0.3466666666666667 0.5108333333333334 0.043333333333333335 0.125
0 0.395 0.04083333333333333 0.03 0.08166666666666667
0 0.6158333333333333 0.625 0.035 0.11666666666666667
0 0.49333333333333335 0.05333333333333334 0.03333333333333333 0.10666666666666667
0 0.5658333333333333 0.6983333333333334 0.045 0.12666666666666668
0 0.9266666666666666 0.8058333333333333 0.05 0.13833333333333334
0 0.9083333333333333 0.8991666666666667 0.06 0.12166666666666667
0 0.6983333333333334 0.9675 0.03 0.065
0 0.96 0.975 0.04666666666666667 0.05
0 0.3625 0.17166666666666666 0.03833333333333333 0.14666666666666667
0 0.3175 0.21916666666666668 0.051666666666666666 0.115
