0 0.3125 0.5225 0.025 0.06166666666666667
0 0.024166666666666666 0.5225 0.028333333333333332 0.07833333333333334
0 0.3375 0.49583333333333335 0.028333333333333332 0.045
0 0.28583333333333333 0.49166666666666664 0.025 0.07
0 0.3125 0.485 0.028333333333333332 0.056666666666666664
0 0.02 0.46 0.03 0.08
0 0.28833333333333333 0.4508333333333333 0.016666666666666666 0.051666666666666666
0 0.31666666666666665 0.4475 0.023333333333333334 0.06166666666666667
0 0.6916666666666667 0.43666666666666665 0.03333333333333333 0.06333333333333334
0 0.7208333333333333 0.42833333333333334 0.018333333333333333 0.04
0 0.29833333333333334 0.4216666666666667 0.016666666666666666 0.06333333333333334
0 0.25083333333333335 0.41333333333333333 0.028333333333333332 0.07
0 0.7033333333333334 0.41 0.02 0.056666666666666664
0 0.2866666666666667 0.4025 0.016666666666666666 0.041666666666666664
0 0.6883333333333334 0.39416666666666667 0.02666666666666667 0.058333333333333334
0 0.7458333333333333 0.39166666666666666 0.021666666666666667 0.056666666666666664
0 0.7316666666666667 0.385 0.016666666666666666 0.06333333333333334
0 0.02666666666666667 0.9833333333333333 0.05333333333333334 0.03333333333333333
0 0.30583333333333335 0.3775 0.018333333333333333 0.07833333333333334
0 0.6683333333333333 0.37583333333333335 0.02 0.065
0 0.6533333333333333 0.37083333333333335 0.013333333333333334 0.065
0 0.7691666666666667 0.36833333333333335 0.035 0.07
0 0.7058333333333333 0.36333333333333334 0.021666666666666667 0.05
0 0.2608333333333333 0.36083333333333334 0.041666666666666664 0.041666666666666664
0 0.22833333333333333 0.3541666666666667 0.02666666666666667 0.04833333333333333
0 0.7166666666666667 0.3475 0.02666666666666667 0.06166666666666667
0 0.6883333333333334 0.345 0.016666666666666666 0.06333333333333334
0 0.2916666666666667 0.3383333333333333 0.016666666666666666 0.08
0 0.7425 0.3425 0.025 0.055
0 0.9258333333333333 0.335 0.035 0.06333333333333334
0 0.9508333333333333 0.33166666666666667 0.028333333333333332 0.06
0 0.15416666666666667 0.3275 0.03166666666666667 0.035
0 0.675 0.32416666666666666 0.02 0.058333333333333334
0 0.22 0.325 0.04 0.08333333333333333
0 0.7233333333333334 0.30666666666666664 0.02 0.05333333333333334
0 0.6925 0.305 0.021666666666666667 0.056666666666666664
0 0.9283333333333333 0.30333333333333334 0.023333333333333334 0.05
0 0.8766666666666667 0.29583333333333334 0.03 0.051666666666666666
0 0.6558333333333334 0.2966666666666667 0.018333333333333333 0.06333333333333334
0 0.8933333333333333 0.2891666666666667 0.03 0.045
0 0.8841666666666667 0.29 0.0016666666666666668 0.0033333333333333335
0 0.6766666666666666 0.2708333333333333 0.013333333333333334 0.045
0 0.13833333333333334 0.2725 0.03333333333333333 0.065
0 0.9233333333333333 0.2625 0.04 0.04833333333333333
0 0.7083333333333334 0.26416666666666666 0.02 0.06166666666666667
0 0.7208333333333333 0.26 0.021666666666666667 0.05333333333333334
0 0.6616666666666666 0.2608333333333333 0.02 0.07833333333333334
0 0.6916666666666667 0.25833333333333336 0.02 0.05
0 0.7883333333333333 0.25 0.03666666666666667 0.056666666666666664
0 0.8675 0.24583333333333332 0.03166666666666667 0.041666666666666664
0 0.805 0.2425 0.04 0.03833333333333333
0 0.8791666666666667 0.23833333333333334 0.035 0.043333333333333335
0 0.6825 0.25583333333333336 0.0016666666666666668 0.0016666666666666668
0 0.1325 0.23166666666666666 0.021666666666666667 0.06666666666666667
0 0.7516666666666667 0.22916666666666666 0.03 0.028333333333333332
0 0.84 0.2275 0.02 0.058333333333333334
0 0.6466666666666666 0.225 0.013333333333333334 0.06666666666666667
0 0.9075 0.22416666666666665 0.045 0.041666666666666664
0 0.6683333333333333 0.2225 0.016666666666666666 0.06166666666666667
0 0.10833333333333334 0.20916666666666667 0.02666666666666667 0.051666666666666666
0 0.6875 0.21083333333333334 0.03166666666666667 0.041666666666666664
0 0.7116666666666667 0.2025 0.03333333333333333 0.058333333333333334
0 0.7941666666666667 0.205 0.03166666666666667 0.05
0 0.7583333333333333 0.19833333333333333 0.043333333333333335 0.03666666666666667
0 0.8491666666666666 0.20166666666666666 0.025 0.056666666666666664
0 0.665 0.17666666666666667 0.02666666666666667 0.03333333333333333
0 0.8166666666666667 0.17833333333333334 0.02666666666666667 0.05333333333333334
0 0.6841666666666667 0.18 0.028333333333333332 0.04
0 0.10666666666666667 0.16833333333333333 0.03 0.07333333333333333
0 0.7991666666666667 0.16583333333333333 0.025 0.041666666666666664
0 0.7741666666666667 0.16 0.041666666666666664 0.03333333333333333
0 0.7466666666666667 0.16 0.03666666666666667 0.05333333333333334
0 0.66 0.15333333333333332 0.03333333333333333 0.03666666666666667
0 0.8308333333333333 0.1525 0.021666666666666667 0.06833333333333333
0 0.01 0.9541666666666667 0.02 0.035
0 0.016666666666666666 0.9408333333333333 0.03333333333333333 0.065
0 0.043333333333333335 0.85 0.05333333333333334 0.03333333333333333
0 0.3025 0.8016666666666666 0.045 0.03333333333333333
0 0.31916666666666665 0.7575 0.015 0.075
0 0.2941666666666667 0.7458333333333333 0.025 0.06833333333333333
0 0.3566666666666667 0.7233333333333334 0.02 0.07
0 0.325 0.7258333333333333 0.023333333333333334 0.06166666666666667
0 0.34 0.6825 0.016666666666666666 0.07833333333333334
0 0.29583333333333334 0.6858333333333333 0.021666666666666667 0.065
0 0.021666666666666667 0.9883333333333333 0.043333333333333335 0.023333333333333334
0 0.31416666666666665 0.6791666666666667 0.018333333333333333 0.058333333333333334
0 0.30583333333333335 0.6575 0.018333333333333333 0.06166666666666667
0 0.15916666666666668 0.6441666666666667 0.021666666666666667 0.075
0 0.006666666666666667 0.6525 0.013333333333333334 0.08166666666666667
0 0.29 0.6458333333333334 0.023333333333333334 0.04833333333333333
0 0.35083333333333333 0.6366666666666667 0.018333333333333333 0.08333333333333333
0 0.32416666666666666 0.6333333333333333 0.018333333333333333 0.08
0 0.28583333333333333 0.6141666666666666 0.025 0.051666666666666666
0 0.009166666666666667 0.5875 0.018333333333333333 0.051666666666666666
0 0.30666666666666664 0.5941666666666666 0.02 0.06833333333333333
0 0.3358333333333333 0.5883333333333334 0.018333333333333333 0.07333333333333333
0 0.31333333333333335 0.5541666666666667 0.023333333333333334 0.045
0 0.2916666666666667 0.5516666666666666 0.023333333333333334 0.06666666666666667
0 0.006666666666666667 0.5475 0.013333333333333334 0.055
0 0.3375 0.5475 0.025 0.058333333333333334
