0 0.12583333333333332 0.4683333333333333 0.018333333333333333 0.06
0 0.19916666666666666 0.034166666666666665 0.021666666666666667 0.051666666666666666
0 0.6616666666666666 0.8175 0.03333333333333333 0.08166666666666667
0 0.6866666666666666 0.8375 0.043333333333333335 0.06833333333333333
0 0.7225 0.845 0.035 0.08666666666666667
0 0.6708333333333333 0.8691666666666666 0.03166666666666667 0.041666666666666664
0 0.7166666666666667 0.8583333333333333 0.0033333333333333335 0.006666666666666667
0 0.875 0.9041666666666667 0.023333333333333334 0.065
0 0.715 0.9033333333333333 0.02 0.08333333333333333
0 0.7808333333333334 0.905 0.03833333333333333 0.04666666666666667
0 0.6825 0.91 0.041666666666666664 0.056666666666666664
0 0.845 0.92 0.04 0.04666666666666667
0 0.8691666666666666 0.9166666666666666 0.03166666666666667 0.09
0 0.8016666666666666 0.935 0.043333333333333335 0.03666666666666667
0 0.825 0.9466666666666667 0.03 0.03333333333333333
0 0.7625 0.965 0.035 0.03333333333333333
0 0.7933333333333333 0.9675 0.03333333333333333 0.035
0 0.8341666666666666 0.9675 0.035 0.03833333333333333
0 0.8825 0.9741666666666666 0.021666666666666667 0.051666666666666666
0 0.8583333333333333 0.98 0.02666666666666667 0.04
0 0.785 0.9891666666666666 0.03 0.021666666666666667
0 0.8575 0.9858333333333333 0.025 0.028333333333333332
0 0.8316666666666667 0.9891666666666666 0.02666666666666667 0.021666666666666667
0 0.8075 0.9891666666666666 0.028333333333333332 0.021666666666666667
0 0.8583333333333333 0.9866666666666667 0.02666666666666667 0.02666666666666667
0 0.7575 0.9908333333333333 0.018333333333333333 0.018333333333333333
0 0.9016666666666666 0.9891666666666666 0.006666666666666667 0.008333333333333333
0 0.165 0.07166666666666667 0.03 0.06333333333333334
0 0.18583333333333332 0.08333333333333333 0.021666666666666667 0.06333333333333334
0 0.185 0.08416666666666667 0.02 0.06166666666666667
0 0.2025 0.07833333333333334 0.018333333333333333 0.08
0 0.14416666666666667 0.10333333333333333 0.025 0.05
0 0.18916666666666668 0.11833333333333333 0.018333333333333333 0.06333333333333334
0 0.19583333333333333 0.145 0.018333333333333333 0.056666666666666664
0 0.1525 0.145 0.018333333333333333 0.043333333333333335
0 0.17333333333333334 0.15583333333333332 0.02666666666666667 0.045
0 0.13833333333333334 0.165 0.016666666666666666 0.05
0 0.19666666666666666 0.18166666666666667 0.03333333333333333 0.06666666666666667
0 0.17666666666666667 0.19083333333333333 0.023333333333333334 0.058333333333333334
0 0.21083333333333334 0.21083333333333334 0.03833333333333333 0.045
0 0.14416666666666667 0.215 0.025 0.06666666666666667
0 0.1925 0.0075 0.018333333333333333 0.015
0 0.15583333333333332 0.2275 0.021666666666666667 0.058333333333333334
0 0.12916666666666668 0.2275 0.021666666666666667 0.065
0 0.20416666666666666 0.245 0.041666666666666664 0.06
0 0.17 0.2608333333333333 0.016666666666666666 0.04833333333333333
0 0.13 0.27416666666666667 0.03 0.045
0 0.17083333333333334 0.27166666666666667 0.015 0.03333333333333333
0 0.11083333333333334 0.2891666666666667 0.021666666666666667 0.045
0 0.1525 0.2833333333333333 0.021666666666666667 0.04
0 0.13333333333333333 0.29833333333333334 0.023333333333333334 0.04
0 0.17583333333333334 0.3 0.021666666666666667 0.06
0 0.15416666666666667 0.31583333333333335 0.025 0.051666666666666666
0 0.11 0.31083333333333335 0.023333333333333334 0.04833333333333333
0 0.1525 0.3441666666666667 0.011666666666666667 0.041666666666666664
0 0.13166666666666665 0.33666666666666667 0.02666666666666667 0.05333333333333334
0 0.17333333333333334 0.33916666666666667 0.02666666666666667 0.04833333333333333
0 0.115 0.3441666666666667 0.02 0.058333333333333334
0 0.13083333333333333 0.3775 0.025 0.051666666666666666
0 0.09916666666666667 0.375 0.025 0.05333333333333334
0 0.14333333333333334 0.39 0.02 0.06
0 0.115 0.4025 0.016666666666666666 0.051666666666666666
0 0.12583333333333332 0.4266666666666667 0.018333333333333333 0.04666666666666667
0 0.13833333333333334 0.4483333333333333 0.02 0.06
