0 0.575 0.5366666666666666 0.03 0.03
0 0.49416666666666664 0.5341666666666667 0.035 0.03166666666666667
0 0.5491666666666667 0.5316666666666666 0.03166666666666667 0.04
0 0.6158333333333333 0.5283333333333333 0.028333333333333332 0.03666666666666667
0 0.7333333333333333 0.5241666666666667 0.016666666666666666 0.065
0 0.75 0.5083333333333333 0.02 0.05
0 0.5291666666666667 0.5075 0.03166666666666667 0.025
0 0.6016666666666667 0.5075 0.04 0.028333333333333332
0 0.6416666666666667 0.5058333333333334 0.03333333333333333 0.028333333333333332
0 0.5 0.5016666666666667 0.05333333333333334 0.04
0 0.44666666666666666 0.5008333333333334 0.05333333333333334 0.03833333333333333
0 0.7675 0.5 0.025 0.056666666666666664
0 0.44416666666666665 0.5166666666666667 0.005 0.0033333333333333335
0 0.42333333333333334 0.485 0.02666666666666667 0.056666666666666664
0 0.49 0.4791666666666667 0.016666666666666666 0.051666666666666666
0 0.6216666666666667 0.4816666666666667 0.03666666666666667 0.03333333333333333
0 0.6516666666666666 0.4741666666666667 0.02666666666666667 0.03166666666666667
0 0.5183333333333333 0.4675 0.03666666666666667 0.028333333333333332
0 0.47 0.4608333333333333 0.03333333333333333 0.03166666666666667
0 0.45166666666666666 0.455 0.03 0.05
0 0.6591666666666667 0.44 0.028333333333333332 0.043333333333333335
0 0.7158333333333333 0.42 0.018333333333333333 0.04666666666666667
0 0.4841666666666667 0.4116666666666667 0.025 0.056666666666666664
0 0.45416666666666666 0.4116666666666667 0.018333333333333333 0.06666666666666667
0 0.6625 0.4066666666666667 0.028333333333333332 0.056666666666666664
0 0.4725 0.4008333333333333 0.018333333333333333 0.058333333333333334
0 0.6533333333333333 0.3875 0.016666666666666666 0.07833333333333334
0 0.6816666666666666 0.38083333333333336 0.016666666666666666 0.06166666666666667
0 0.4325 0.37333333333333335 0.03166666666666667 0.05333333333333334
0 0.49333333333333335 0.36666666666666664 0.023333333333333334 0.04
0 0.45416666666666666 0.365 0.025 0.06666666666666667
0 0.4741666666666667 0.3566666666666667 0.015 0.043333333333333335
0 0.48833333333333334 0.33916666666666667 0.013333333333333334 0.055
0 0.45 0.30416666666666664 0.02 0.075
0 0.43666666666666665 0.2916666666666667 0.016666666666666666 0.07
0 0.42 0.2841666666666667 0.016666666666666666 0.07833333333333334
0 0.4666666666666667 0.2791666666666667 0.02666666666666667 0.08166666666666667
0 0.4483333333333333 0.2475 0.016666666666666666 0.055
0 0.4608333333333333 0.21833333333333332 0.015 0.06
0 0.43333333333333335 0.21583333333333332 0.016666666666666666 0.06166666666666667
0 0.41583333333333333 0.2125 0.018333333333333333 0.065
0 0.44916666666666666 0.18916666666666668 0.015 0.06166666666666667
0 0.43666666666666665 0.16083333333333333 0.013333333333333334 0.051666666666666666
0 0.9025 0.06666666666666667 0.045 0.04
0 0.955 0.0275 0.03 0.055
0 0.855 0.009166666666666667 0.03666666666666667 0.018333333333333333
0 0.505 0.86 0.023333333333333334 0.05333333333333334
0 0.5008333333333334 0.8333333333333334 0.015 0.03333333333333333
0 0.48583333333333334 0.8066666666666666 0.035 0.07
0 0.5233333333333333 0.785 0.02666666666666667 0.05
0 0.3416666666666667 0.78 0.04 0.04666666666666667
0 0.3775 0.7775 0.028333333333333332 0.028333333333333332
0 0.4116666666666667 0.77 0.023333333333333334 0.02666666666666667
0 0.5125 0.7691666666666667 0.021666666666666667 0.06166666666666667
0 0.5458333333333333 0.755 0.041666666666666664 0.03
0 0.34 0.7516666666666667 0.03333333333333333 0.03333333333333333
0 0.37916666666666665 0.75 0.03166666666666667 0.05
0 0.39416666666666667 0.75 0.028333333333333332 0.03333333333333333
0 0.43166666666666664 0.7441666666666666 0.03666666666666667 0.028333333333333332
0 0.32083333333333336 0.7458333333333333 0.035 0.028333333333333332
0 0.4716666666666667 0.725 0.02666666666666667 0.023333333333333334
0 0.5475 0.7225 0.041666666666666664 0.041666666666666664
0 0.42583333333333334 0.7225 0.03166666666666667 0.025
0 0.4425 0.7091666666666666 0.035 0.03166666666666667
0 0.38416666666666666 0.7158333333333333 0.03166666666666667 0.051666666666666666
0 0.5775 0.7 0.028333333333333332 0.023333333333333334
0 0.5483333333333333 0.6975 0.03333333333333333 0.04833333333333333
0 0.41583333333333333 0.6933333333333334 0.028333333333333332 0.023333333333333334
0 0.4525 0.6925 0.035 0.035
0 0.4766666666666667 0.6883333333333334 0.03 0.03
0 0.51 0.6841666666666667 0.03333333333333333 0.028333333333333332
0 0.5266666666666666 0.6741666666666667 0.03666666666666667 0.028333333333333332
0 0.4175 0.6733333333333333 0.028333333333333332 0.03333333333333333
0 0.3983333333333333 0.6683333333333333 0.03 0.02666666666666667
0 0.4483333333333333 0.6683333333333333 0.03333333333333333 0.02666666666666667
0 0.48833333333333334 0.6641666666666667 0.03666666666666667 0.028333333333333332
0 0.7016666666666667 0.6483333333333333 0.03666666666666667 0.05
0 0.42 0.6441666666666667 0.04 0.028333333333333332
0 0.5083333333333333 0.6383333333333333 0.043333333333333335 0.03333333333333333
0 0.4558333333333333 0.6333333333333333 0.03166666666666667 0.043333333333333335
0 0.7033333333333334 0.6133333333333333 0.03 0.06333333333333334
0 0.9325 0.61 0.041666666666666664 0.06333333333333334
0 0.46416666666666667 0.6033333333333334 0.03166666666666667 0.04666666666666667
0 0.7258333333333333 0.5841666666666666 0.018333333333333333 0.058333333333333334
0 0.4091666666666667 0.5866666666666667 0.03833333333333333 0.03666666666666667
0 0.4508333333333333 0.5858333333333333 0.035 0.035
0 0.6108333333333333 0.5841666666666666 0.03166666666666667 0.025
0 0.4891666666666667 0.5725 0.035 0.028333333333333332
0 0.5966666666666667 0.5658333333333333 0.043333333333333335 0.03166666666666667
0 0.5066666666666667 0.56 0.03333333333333333 0.03333333333333333
0 0.43416666666666665 0.5591666666666667 0.028333333333333332 0.028333333333333332
0 0.4475 0.5575 0.035 0.051666666666666666
0 0.42833333333333334 0.5591666666666667 0.04 0.028333333333333332
0 0.9625 0.5641666666666667 0.028333333333333332 0.06166666666666667
0 0.7483333333333333 0.5558333333333333 0.02666666666666667 0.058333333333333334
0 0.5275 0.555 0.03166666666666667 0.043333333333333335
0 0.475 0.5525 0.02666666666666667 0.03166666666666667
0 0.40166666666666667 0.5525 0.03333333333333333 0.03833333333333333
0 0.635 0.5391666666666667 0.03333333333333333 0.03166666666666667
0 0.43916666666666665 0.5341666666666667 0.041666666666666664 0.03166666666666667
0 0.5291666666666667 0.535 0.03166666666666667 0.03
