0 0.9575 0.44166666666666665 0.035 0.13666666666666666
0 0.6158333333333333 0.49666666666666665 0.028333333333333332 0.14
0 0.9941666666666666 0.5233333333333333 0.011666666666666667 0.1
0 0.7458333333333333 0.6366666666666667 0.028333333333333332 0.13666666666666666
0 0.9541666666666667 0.6475 0.055 0.13166666666666665
0 0.405 0.019166666666666665 0.02666666666666667 0.03833333333333333
0 0.9058333333333334 0.6841666666666667 0.04833333333333333 0.14833333333333334
0 0.24166666666666667 0.014166666666666666 0.02666666666666667 0.028333333333333332
0 0.8225 0.7816666666666666 0.045 0.15666666666666668
0 0.7933333333333333 0.7933333333333333 0.04 0.14333333333333334
0 0.1475 0.03333333333333333 0.041666666666666664 0.06666666666666667
0 0.8291666666666667 0.9733333333333334 0.028333333333333332 0.05333333333333334
0 0.09916666666666667 0.03916666666666667 0.035 0.07833333333333334
0 0.07166666666666667 0.07833333333333334 0.03333333333333333 0.09
0 0.16416666666666666 0.09 0.041666666666666664 0.12333333333333334
0 0.36333333333333334 0.11916666666666667 0.03333333333333333 0.12166666666666667
0 0.6241666666666666 0.16083333333333333 0.028333333333333332 0.11166666666666666
0 0.9283333333333333 0.23583333333333334 0.03333333333333333 0.12833333333333333
0 0.17333333333333334 0.25416666666666665 0.04 0.115
