0 0.24833333333333332 0.51 0.016666666666666666 0.06333333333333334
0 0.8008333333333333 0.5083333333333333 0.021666666666666667 0.08333333333333333
0 0.815 0.47583333333333333 0.023333333333333334 0.08166666666666667
0 0.26916666666666667 0.4708333333333333 0.021666666666666667 0.065
0 0.255 0.44666666666666666 0.03 0.07333333333333333
0 0.28 0.4266666666666667 0.016666666666666666 0.06666666666666667
0 0.2 0.4266666666666667 0.03 0.05333333333333334
0 0.21916666666666668 0.42333333333333334 0.03166666666666667 0.056666666666666664
0 0.24166666666666667 0.41583333333333333 0.016666666666666666 0.08166666666666667
0 0.7866666666666666 0.4058333333333333 0.02666666666666667 0.085
0 0.25416666666666665 0.38 0.018333333333333333 0.03666666666666667
0 0.285 0.37416666666666665 0.02 0.075
0 0.2708333333333333 0.3725 0.025 0.08166666666666667
0 0.23666666666666666 0.3441666666666667 0.043333333333333335 0.055
0 0.26416666666666666 0.3375 0.035 0.058333333333333334
0 0.31166666666666665 0.3375 0.023333333333333334 0.08833333333333333
0 0.69 0.315 0.04 0.056666666666666664
0 0.3325 0.30416666666666664 0.021666666666666667 0.085
0 0.2175 0.29 0.021666666666666667 0.06333333333333334
0 0.27166666666666667 0.28833333333333333 0.03666666666666667 0.06
0 0.295 0.2866666666666667 0.016666666666666666 0.07333333333333333
0 0.3175 0.265 0.018333333333333333 0.07666666666666666
0 0.6966666666666667 0.25916666666666666 0.03333333333333333 0.055
0 0.275 0.23666666666666666 0.02666666666666667 0.056666666666666664
0 0.7225 0.23 0.018333333333333333 0.08
0 0.32916666666666666 0.22833333333333333 0.03166666666666667 0.07666666666666666
0 0.2966666666666667 0.22 0.016666666666666666 0.06333333333333334
0 0.7083333333333334 0.21416666666666667 0.023333333333333334 0.03833333333333333
0 0.715 0.17083333333333334 0.023333333333333334 0.065
0 0.30083333333333334 0.165 0.018333333333333333 0.07666666666666666
0 0.7325 0.16166666666666665 0.018333333333333333 0.06333333333333334
0 0.285 0.14 0.016666666666666666 0.06666666666666667
0 0.3775 0.13083333333333333 0.021666666666666667 0.06166666666666667
0 0.5675 0.12833333333333333 0.018333333333333333 0.09
0 0.7383333333333333 0.11416666666666667 0.03666666666666667 0.04833333333333333
0 0.2891666666666667 0.08 0.021666666666666667 0.07
0 0.38916666666666666 0.058333333333333334 0.021666666666666667 0.06666666666666667
0 0.585 0.055 0.016666666666666666 0.06
0 0.5716666666666667 0.0425 0.02 0.085
0 0.2775 0.034166666666666665 0.021666666666666667 0.06833333333333333
0 0.4025 0.0275 0.021666666666666667 0.055
0 0.445 0.029166666666666667 0.016666666666666666 0.058333333333333334
0 0.375 0.0225 0.016666666666666666 0.045
0 0.59 0.013333333333333334 0.016666666666666666 0.02666666666666667
0 0.3908333333333333 0.011666666666666667 0.018333333333333333 0.023333333333333334
0 0.4275 0.0075 0.021666666666666667 0.015
0 0.2625 0.5375 0.018333333333333333 0.06833333333333333
0 0.8075 0.5425 0.021666666666666667 0.045
0 0.8608333333333333 0.5441666666666667 0.0016666666666666668 0.0016666666666666668
0 0.8508333333333333 0.52 0.03166666666666667 0.07666666666666666
