0 0.5575 0.46166666666666667 0.035 0.03
0 0.5241666666666667 0.47333333333333333 0.025 0.07
0 0.6466666666666666 0.4741666666666667 0.02 0.055
0 0.5033333333333333 0.47583333333333333 0.023333333333333334 0.06833333333333333
0 0.59 0.4791666666666667 0.04 0.03833333333333333
0 0.6308333333333334 0.48083333333333333 0.03833333333333333 0.041666666666666664
0 0.5508333333333333 0.48333333333333334 0.035 0.03
0 0.6625 0.48583333333333334 0.021666666666666667 0.055
0 0.6008333333333333 0.495 0.03833333333333333 0.02666666666666667
0 0.68 0.49916666666666665 0.016666666666666666 0.055
0 0.5566666666666666 0.5058333333333334 0.043333333333333335 0.03166666666666667
0 0.016666666666666666 0.5133333333333333 0.016666666666666666 0.05333333333333334
0 0.6425 0.5108333333333334 0.035 0.018333333333333333
0 0.5891666666666666 0.52 0.035 0.03
0 0.5208333333333334 0.5225 0.028333333333333332 0.051666666666666666
0 0.04 0.5283333333333333 0.043333333333333335 0.06333333333333334
0 0.65 0.5283333333333333 0.03333333333333333 0.02666666666666667
0 0.6233333333333333 0.5283333333333333 0.03333333333333333 0.043333333333333335
0 0.6783333333333333 0.5391666666666667 0.03666666666666667 0.051666666666666666
0 0.5441666666666667 0.5425 0.025 0.045
0 0.4975 0.5441666666666667 0.018333333333333333 0.06833333333333333
0 0.585 0.5433333333333333 0.03333333333333333 0.03333333333333333
0 0.6183333333333333 0.5458333333333333 0.043333333333333335 0.035
0 0.7525 0.5483333333333333 0.025 0.08
0 0.5208333333333334 0.5641666666666667 0.021666666666666667 0.06833333333333333
0 0.6616666666666666 0.5566666666666666 0.04 0.03333333333333333
0 0.66 0.5733333333333334 0.03333333333333333 0.02666666666666667
0 0.5391666666666667 0.5858333333333333 0.028333333333333332 0.065
0 0.6458333333333334 0.5891666666666666 0.041666666666666664 0.04833333333333333
0 0.6783333333333333 0.595 0.03666666666666667 0.03333333333333333
0 0.61 0.6116666666666667 0.04666666666666667 0.03333333333333333
0 0.65 0.6141666666666666 0.03666666666666667 0.045
0 0.505 0.6316666666666667 0.023333333333333334 0.06333333333333334
0 0.485 0.6583333333333333 0.02666666666666667 0.06
0 0.4866666666666667 0.6941666666666667 0.03666666666666667 0.06833333333333333
0 0.01 0.885 0.02 0.06
0 0.24916666666666668 0.9641666666666666 0.03166666666666667 0.07166666666666667
0 0.495 0.37 0.043333333333333335 0.04
0 0.005833333333333334 0.38333333333333336 0.011666666666666667 0.07666666666666666
0 0.49833333333333335 0.41 0.023333333333333334 0.04666666666666667
0 0.5566666666666666 0.42083333333333334 0.04 0.035
0 0.5158333333333334 0.43 0.021666666666666667 0.06
0 0.5941666666666666 0.43666666666666665 0.03833333333333333 0.04666666666666667
0 0.010833333333333334 0.44166666666666665 0.021666666666666667 0.07
0 0.6216666666666667 0.44333333333333336 0.03 0.04666666666666667
0 0.5783333333333334 0.45166666666666666 0.03666666666666667 0.03666666666666667
0 0.015833333333333335 0.4525 0.018333333333333333 0.058333333333333334
0 0.04083333333333333 0.45416666666666666 0.028333333333333332 0.06833333333333333
