0 0.37333333333333335 0.4608333333333333 0.016666666666666666 0.06833333333333333
0 0.4141666666666667 0.48083333333333333 0.015 0.058333333333333334
0 0.395 0.48 0.02 0.05333333333333334
0 0.5758333333333333 0.48 0.015 0.03666666666666667
0 0.5858333333333333 0.4866666666666667 0.021666666666666667 0.05
0 0.6133333333333333 0.49583333333333335 0.023333333333333334 0.045
0 0.5941666666666666 0.5141666666666667 0.018333333333333333 0.065
0 0.5591666666666667 0.5266666666666666 0.015 0.056666666666666664
0 0.4241666666666667 0.53 0.015 0.06
0 0.3983333333333333 0.5291666666666667 0.02666666666666667 0.065
0 0.4125 0.5358333333333334 0.021666666666666667 0.055
0 0.5458333333333333 0.5375 0.015 0.058333333333333334
0 0.5766666666666667 0.5458333333333333 0.016666666666666666 0.058333333333333334
0 0.6091666666666666 0.5525 0.025 0.058333333333333334
0 0.4375 0.5566666666666666 0.018333333333333333 0.07666666666666666
0 0.54 0.5733333333333334 0.016666666666666666 0.06
0 0.48833333333333334 0.575 0.016666666666666666 0.04666666666666667
0 0.4533333333333333 0.58 0.016666666666666666 0.06333333333333334
0 0.5841666666666666 0.5883333333333334 0.015 0.056666666666666664
0 0.5308333333333334 0.5866666666666667 0.018333333333333333 0.06
0 0.555 0.5891666666666666 0.016666666666666666 0.065
0 0.5625 0.5958333333333333 0.015 0.04833333333333333
0 0.42916666666666664 0.5925 0.025 0.04833333333333333
0 0.5041666666666667 0.605 0.018333333333333333 0.06
0 0.5708333333333333 0.6125 0.015 0.058333333333333334
0 0.525 0.6091666666666666 0.023333333333333334 0.058333333333333334
0 0.4866666666666667 0.6125 0.02666666666666667 0.055
0 0.5883333333333334 0.6158333333333333 0.02 0.04833333333333333
0 0.605 0.615 0.016666666666666666 0.05333333333333334
0 0.4508333333333333 0.6291666666666667 0.018333333333333333 0.06833333333333333
0 0.43 0.63 0.03333333333333333 0.05
0 0.5466666666666666 0.6366666666666667 0.016666666666666666 0.06
0 0.46416666666666667 0.6566666666666666 0.021666666666666667 0.06
0 0.5175 0.6541666666666667 0.015 0.07166666666666667
0 0.5608333333333333 0.6516666666666666 0.015 0.05333333333333334
0 0.6108333333333333 0.6591666666666667 0.015 0.058333333333333334
0 0.49 0.66 0.02666666666666667 0.06666666666666667
0 0.48 0.6666666666666666 0.02 0.06
0 0.5966666666666667 0.665 0.02 0.06333333333333334
0 0.5075 0.67 0.015 0.07333333333333333
0 0.47 0.6783333333333333 0.01 0.016666666666666666
0 0.5425 0.6758333333333333 0.018333333333333333 0.055
0 0.58 0.6833333333333333 0.02666666666666667 0.06333333333333334
0 0.53 0.6875 0.016666666666666666 0.06833333333333333
0 0.5658333333333333 0.7033333333333334 0.035 0.05
0 0.6158333333333333 0.7058333333333333 0.035 0.045
0 0.9508333333333333 0.7333333333333333 0.021666666666666667 0.056666666666666664
0 0.5741666666666667 0.7408333333333333 0.025 0.035
0 0.9383333333333334 0.7733333333333333 0.023333333333333334 0.056666666666666664
0 0.9566666666666667 0.7866666666666666 0.016666666666666666 0.056666666666666664
0 0.9366666666666666 0.8258333333333333 0.02666666666666667 0.055
0 0.9508333333333333 0.8358333333333333 0.005 0.018333333333333333
0 0.9741666666666666 0.8358333333333333 0.0016666666666666668 0.008333333333333333
0 0.9858333333333333 0.8891666666666667 0.0016666666666666668 0.0016666666666666668
0 0.9908333333333333 0.8675 0.018333333333333333 0.051666666666666666
0 0.9616666666666667 0.8816666666666667 0.03 0.04
0 0.9825 0.8691666666666666 0.0016666666666666668 0.0016666666666666668
0 0.97 0.9225 0.03666666666666667 0.045
0 0.9941666666666666 0.9491666666666667 0.011666666666666667 0.10166666666666667
0 0.9925 0.9866666666666667 0.015 0.02666666666666667
0 0.3825 0.4091666666666667 0.018333333333333333 0.07166666666666667
0 0.39916666666666667 0.45 0.015 0.06
0 0.6158333333333333 0.4508333333333333 0.018333333333333333 0.058333333333333334
