0 0.42833333333333334 0.5483333333333333 0.04 0.11666666666666667
0 0.68 0.5366666666666666 0.03333333333333333 0.11333333333333333
0 0.15166666666666667 0.5175 0.07333333333333333 0.085
0 0.35833333333333334 0.45916666666666667 0.07333333333333333 0.06833333333333333
0 0.45416666666666666 0.455 0.07833333333333334 0.05333333333333334
0 0.4525 0.2075 0.07166666666666667 0.06833333333333333
0 0.37583333333333335 0.10333333333333333 0.03833333333333333 0.13333333333333333
0 0.08833333333333333 0.07583333333333334 0.04666666666666667 0.12166666666666667
0 0.8525 0.04833333333333333 0.041666666666666664 0.09666666666666666
0 0.8983333333333333 0.035 0.056666666666666664 0.07
0 0.7241666666666666 0.008333333333333333 0.03166666666666667 0.016666666666666666
0 0.1875 0.695 0.055 0.11333333333333333
0 0.25333333333333335 0.5975 0.05333333333333334 0.10833333333333334
0 0.3566666666666667 0.5591666666666667 0.07 0.075
