0 0.32166666666666666 0.4675 0.07666666666666666 0.07833333333333334
0 0.16916666666666666 0.4266666666666667 0.065 0.08
0 0.6558333333333334 0.4216666666666667 0.04833333333333333 0.11666666666666667
0 0.7008333333333333 0.41333333333333333 0.041666666666666664 0.13333333333333333
0 0.5025 0.36833333333333335 0.055 0.10333333333333333
0 0.3475 0.36583333333333334 0.045 0.115
0 0.6725 0.2991666666666667 0.03166666666666667 0.11833333333333333
0 0.555 0.27 0.07 0.06333333333333334
0 0.7008333333333333 0.20333333333333334 0.051666666666666666 0.08666666666666667
0 0.1125 0.18916666666666668 0.058333333333333334 0.11166666666666666
0 0.9266666666666666 0.96 0.05 0.08
0 0.6958333333333333 0.08833333333333333 0.04833333333333333 0.08666666666666667
0 0.9 0.9125 0.07 0.07833333333333334
0 0.9675 0.8891666666666667 0.065 0.055
0 0.6391666666666667 0.7525 0.051666666666666666 0.105
0 0.05 0.7066666666666667 0.05333333333333334 0.09666666666666666
0 0.0575 0.9925 0.035 0.015
0 0.7966666666666666 0.9883333333333333 0.06333333333333334 0.023333333333333334
0 0.13583333333333333 0.9816666666666667 0.03833333333333333 0.03666666666666667
0 0.7333333333333333 0.555 0.06 0.07333333333333333
