0 0.2725 0.5208333333333334 0.021666666666666667 0.07833333333333334
0 0.25333333333333335 0.9716666666666667 0.023333333333333334 0.056666666666666664
0 0.3283333333333333 0.43166666666666664 0.03 0.06666666666666667
0 0.5775 0.4116666666666667 0.021666666666666667 0.07666666666666666
0 0.44 0.3725 0.016666666666666666 0.085
0 0.5841666666666666 0.3491666666666667 0.018333333333333333 0.055
0 0.4008333333333333 0.32916666666666666 0.018333333333333333 0.08833333333333333
0 0.285 0.9625 0.013333333333333334 0.058333333333333334
0 0.38666666666666666 0.3175 0.013333333333333334 0.055
0 0.43166666666666664 0.30583333333333335 0.016666666666666666 0.08166666666666667
0 0.5983333333333334 0.29083333333333333 0.03 0.08166666666666667
0 0.4241666666666667 0.2816666666666667 0.015 0.08
0 0.445 0.28 0.016666666666666666 0.07333333333333333
0 0.4075 0.26916666666666667 0.021666666666666667 0.065
0 0.2966666666666667 0.9608333333333333 0.02 0.06166666666666667
0 0.38916666666666666 0.24583333333333332 0.025 0.06833333333333333
0 0.4091666666666667 0.2375 0.015 0.045
0 0.44 0.21833333333333332 0.016666666666666666 0.08
0 0.42583333333333334 0.20666666666666667 0.018333333333333333 0.06333333333333334
0 0.6333333333333333 0.1875 0.02666666666666667 0.07166666666666667
0 0.43083333333333335 0.16833333333333333 0.015 0.08
0 0.44 0.145 0.02 0.07333333333333333
0 0.42083333333333334 0.12666666666666668 0.015 0.07666666666666666
0 0.645 0.11916666666666667 0.03 0.07166666666666667
0 0.6658333333333334 0.11666666666666667 0.03166666666666667 0.056666666666666664
0 0.23166666666666666 0.9291666666666667 0.02666666666666667 0.058333333333333334
0 0.435 0.07333333333333333 0.016666666666666666 0.08
0 0.6833333333333333 0.05 0.02666666666666667 0.08
0 0.4008333333333333 0.04416666666666667 0.015 0.06833333333333333
0 0.41833333333333333 0.03833333333333333 0.016666666666666666 0.07666666666666666
0 0.6766666666666666 0.0275 0.03333333333333333 0.055
0 0.6825 0.010833333333333334 0.0016666666666666668 0.005
0 0.6908333333333333 0.0075 0.011666666666666667 0.015
0 0.4033333333333333 0.0075 0.02 0.015
0 0.2825 0.9166666666666666 0.018333333333333333 0.04
0 0.8475 0.9091666666666667 0.011666666666666667 0.03166666666666667
0 0.25 0.9141666666666667 0.02666666666666667 0.075
0 0.29083333333333333 0.885 0.021666666666666667 0.04
0 0.30833333333333335 0.89 0.016666666666666666 0.07333333333333333
0 0.8391666666666666 0.8875 0.028333333333333332 0.07833333333333334
0 0.28 0.885 0.013333333333333334 0.03
0 0.2816666666666667 0.8491666666666666 0.02 0.041666666666666664
0 0.31666666666666665 0.8475 0.016666666666666666 0.07166666666666667
0 0.295 0.8375 0.016666666666666666 0.058333333333333334
0 0.7891666666666667 0.8316666666666667 0.021666666666666667 0.07333333333333333
0 0.2608333333333333 0.83 0.025 0.07333333333333333
0 0.3016666666666667 0.81 0.02 0.07333333333333333
0 0.3233333333333333 0.7991666666666667 0.023333333333333334 0.075
0 0.3358333333333333 0.7891666666666667 0.021666666666666667 0.045
0 0.27 0.7725 0.03333333333333333 0.065
0 0.7766666666666666 0.7766666666666666 0.013333333333333334 0.043333333333333335
0 0.3025 0.755 0.018333333333333333 0.07
0 0.6841666666666667 0.7483333333333333 0.028333333333333332 0.07333333333333333
0 0.24166666666666667 0.7458333333333333 0.023333333333333334 0.07833333333333334
0 0.28583333333333333 0.7391666666666666 0.018333333333333333 0.051666666666666666
0 0.3225 0.7341666666666666 0.018333333333333333 0.058333333333333334
0 0.7691666666666667 0.7291666666666666 0.018333333333333333 0.07833333333333334
0 0.30916666666666665 0.72 0.015 0.07333333333333333
0 0.775 0.7041666666666667 0.02 0.08166666666666667
0 0.6875 0.6991666666666667 0.025 0.051666666666666666
0 0.32416666666666666 0.6925 0.035 0.07166666666666667
0 0.2991666666666667 0.6825 0.015 0.04833333333333333
0 0.22083333333333333 0.6741666666666667 0.018333333333333333 0.06833333333333333
0 0.7083333333333334 0.65 0.016666666666666666 0.06666666666666667
0 0.6933333333333334 0.6525 0.016666666666666666 0.055
0 0.2991666666666667 0.6341666666666667 0.021666666666666667 0.058333333333333334
0 0.2816666666666667 0.6183333333333333 0.016666666666666666 0.05
0 0.7025 0.5958333333333333 0.021666666666666667 0.041666666666666664
0 0.72 0.5891666666666666 0.03 0.055
0 0.28583333333333333 0.5691666666666667 0.018333333333333333 0.06166666666666667
0 0.7225 0.555 0.035 0.043333333333333335
