0 0.7641666666666667 0.4658333333333333 0.018333333333333333 0.06833333333333333
0 0.6275 0.04416666666666667 0.041666666666666664 0.035
0 0.46166666666666667 0.4875 0.03666666666666667 0.028333333333333332
0 0.7891666666666667 0.49 0.008333333333333333 0.03333333333333333
0 0.7808333333333334 0.49 0.021666666666666667 0.07
0 0.6766666666666666 0.49333333333333335 0.02 0.07
0 0.8108333333333333 0.5 0.03166666666666667 0.06
0 0.43916666666666665 0.5291666666666667 0.0016666666666666668 0.0016666666666666668
0 0.43416666666666665 0.5183333333333333 0.035 0.03
0 0.6591666666666667 0.5266666666666666 0.015 0.04666666666666667
0 0.6408333333333334 0.54 0.021666666666666667 0.05333333333333334
0 0.6625 0.5633333333333334 0.021666666666666667 0.04
0 0.6225 0.5633333333333334 0.015 0.023333333333333334
0 0.6425 0.5683333333333334 0.025 0.043333333333333335
0 0.6016666666666667 0.5833333333333334 0.02 0.05
0 0.6233333333333333 0.5925 0.013333333333333334 0.03833333333333333
0 0.645 0.6008333333333333 0.013333333333333334 0.035
0 0.6066666666666667 0.6041666666666666 0.023333333333333334 0.051666666666666666
0 0.6283333333333333 0.6108333333333333 0.023333333333333334 0.03833333333333333
0 0.5758333333333333 0.6275 0.021666666666666667 0.03166666666666667
0 0.5133333333333333 0.6241666666666666 0.023333333333333334 0.041666666666666664
0 0.495 0.6266666666666667 0.023333333333333334 0.03666666666666667
0 0.605 0.6433333333333333 0.023333333333333334 0.043333333333333335
0 0.5358333333333334 0.6441666666666667 0.025 0.041666666666666664
0 0.4741666666666667 0.6441666666666667 0.021666666666666667 0.04833333333333333
0 0.62 0.6466666666666666 0.02666666666666667 0.03
0 0.5883333333333334 0.6491666666666667 0.016666666666666666 0.051666666666666666
0 0.5483333333333333 0.6525 0.03333333333333333 0.035
0 0.5691666666666667 0.6575 0.025 0.035
0 0.5 0.6658333333333334 0.04 0.03833333333333333
0 0.4741666666666667 0.6716666666666666 0.025 0.04
0 0.5233333333333333 0.6858333333333333 0.03666666666666667 0.03166666666666667
0 0.4558333333333333 0.6866666666666666 0.015 0.05
0 0.56 0.6891666666666667 0.03666666666666667 0.028333333333333332
0 0.4475 0.7541666666666667 0.0016666666666666668 0.0016666666666666668
0 0.44 0.7358333333333333 0.016666666666666666 0.06833333333333333
0 0.6583333333333333 0.265 0.023333333333333334 0.03333333333333333
0 0.6391666666666667 0.27166666666666667 0.018333333333333333 0.023333333333333334
0 0.7308333333333333 0.41583333333333333 0.018333333333333333 0.055
0 0.7633333333333333 0.4125 0.016666666666666666 0.051666666666666666
0 0.7466666666666667 0.43833333333333335 0.02 0.07
0 0.7791666666666667 0.43416666666666665 0.015 0.045
0 0.7158333333333333 0.46 0.03166666666666667 0.03666666666666667
