0 0.425 0.4675 0.023333333333333334 0.06166666666666667
0 0.07666666666666666 0.4741666666666667 0.03 0.06166666666666667
0 0.09333333333333334 0.4716666666666667 0.03 0.03333333333333333
0 0.065 0.4766666666666667 0.02666666666666667 0.06333333333333334
0 0.8883333333333333 0.4825 0.023333333333333334 0.058333333333333334
0 0.035 0.4866666666666667 0.02 0.06666666666666667
0 0.059166666666666666 0.5166666666666667 0.028333333333333332 0.06333333333333334
0 0.0475 0.5475 0.021666666666666667 0.055
0 0.7675 0.5725 0.0016666666666666668 0.0016666666666666668
0 0.049166666666666664 0.021666666666666667 0.035 0.043333333333333335
0 0.07166666666666667 0.5666666666666667 0.02666666666666667 0.04
0 0.0425 0.57 0.025 0.06666666666666667
0 0.7508333333333334 0.5725 0.045 0.03833333333333333
0 0.46 0.575 0.043333333333333335 0.03
0 0.7241666666666666 0.5983333333333334 0.045 0.03333333333333333
0 0.06666666666666667 0.5983333333333334 0.03 0.04666666666666667
0 0.7583333333333333 0.5983333333333334 0.04 0.043333333333333335
0 0.6683333333333333 0.6116666666666667 0.03 0.04
0 0.155 0.6133333333333333 0.03 0.06666666666666667
0 0.8741666666666666 0.6166666666666667 0.028333333333333332 0.08333333333333333
0 0.9366666666666666 0.6183333333333333 0.02666666666666667 0.06333333333333334
0 0.7508333333333334 0.64 0.018333333333333333 0.043333333333333335
0 0.7633333333333333 0.635 0.04 0.06333333333333334
0 0.07416666666666667 0.6408333333333334 0.028333333333333332 0.051666666666666666
0 0.7358333333333333 0.6466666666666666 0.015 0.06666666666666667
0 0.7758333333333334 0.6616666666666666 0.025 0.056666666666666664
0 0.7391666666666666 0.6316666666666667 0.0016666666666666668 0.0033333333333333335
0 0.24333333333333335 0.6791666666666667 0.02 0.07833333333333334
0 0.9433333333333334 0.6833333333333333 0.023333333333333334 0.07333333333333333
0 0.7483333333333333 0.685 0.03333333333333333 0.03666666666666667
0 0.7541666666666667 0.7025 0.035 0.021666666666666667
0 0.8883333333333333 0.7108333333333333 0.03666666666666667 0.06166666666666667
0 0.7758333333333334 0.7208333333333333 0.035 0.055
0 0.7483333333333333 0.7225 0.04 0.025
0 0.7783333333333333 0.7283333333333334 0.03 0.04
0 0.9116666666666666 0.7333333333333333 0.02666666666666667 0.06333333333333334
0 0.25083333333333335 0.74 0.018333333333333333 0.06333333333333334
0 0.21666666666666667 0.745 0.03 0.06333333333333334
0 0.735 0.7475 0.05 0.03833333333333333
0 0.7566666666666667 0.7616666666666667 0.02666666666666667 0.016666666666666666
0 0.7725 0.7658333333333334 0.021666666666666667 0.03833333333333333
0 0.09416666666666666 0.8816666666666667 0.025 0.07333333333333333
0 0.9541666666666667 0.91 0.025 0.06
0 0.09 0.9391666666666667 0.03333333333333333 0.07833333333333334
0 0.025 0.0675 0.02666666666666667 0.07833333333333334
0 0.7566666666666667 0.1 0.006666666666666667 0.013333333333333334
0 0.7616666666666667 0.12 0.04 0.07666666666666666
0 0.25083333333333335 0.15166666666666667 0.021666666666666667 0.08333333333333333
0 0.7833333333333333 0.23416666666666666 0.03333333333333333 0.06833333333333333
0 0.04083333333333333 0.24666666666666667 0.025 0.03
0 0.0625 0.26916666666666667 0.021666666666666667 0.07166666666666667
0 0.06666666666666667 0.30333333333333334 0.023333333333333334 0.06333333333333334
0 0.0525 0.3433333333333333 0.0016666666666666668 0.006666666666666667
0 0.020833333333333332 0.32416666666666666 0.018333333333333333 0.07166666666666667
0 0.0925 0.34 0.025 0.06
0 0.06 0.3425 0.016666666666666666 0.065
0 0.03916666666666667 0.355 0.018333333333333333 0.056666666666666664
0 0.07333333333333333 0.3616666666666667 0.016666666666666666 0.05
0 0.05583333333333333 0.36583333333333334 0.0016666666666666668 0.0016666666666666668
0 0.1025 0.37 0.021666666666666667 0.07
0 0.36916666666666664 0.3725 0.041666666666666664 0.041666666666666664
0 0.058333333333333334 0.37333333333333335 0.023333333333333334 0.03666666666666667
0 0.33916666666666667 0.39416666666666667 0.015 0.075
0 0.09166666666666666 0.4 0.016666666666666666 0.08
0 0.07916666666666666 0.4116666666666667 0.018333333333333333 0.06
0 0.065 0.4125 0.013333333333333334 0.055
0 0.4033333333333333 0.4141666666666667 0.043333333333333335 0.045
0 0.05 0.4116666666666667 0.023333333333333334 0.05333333333333334
0 0.03166666666666667 0.4175 0.02 0.06833333333333333
0 0.42333333333333334 0.4225 0.016666666666666666 0.03166666666666667
0 0.1075 0.4216666666666667 0.025 0.02666666666666667
0 0.39916666666666667 0.4425 0.035 0.06166666666666667
0 0.10166666666666667 0.4525 0.023333333333333334 0.03166666666666667
0 0.04583333333333333 0.4525 0.018333333333333333 0.055
