0 0.9675 0.475 0.041666666666666664 0.09333333333333334
0 0.9041666666666667 0.5291666666666667 0.058333333333333334 0.09166666666666666
0 0.4866666666666667 0.5341666666666667 0.03666666666666667 0.10833333333333334
0 0.975 0.5466666666666666 0.05 0.05333333333333334
0 0.9466666666666667 0.6108333333333333 0.07666666666666666 0.065
0 0.795 0.7075 0.03 0.135
0 0.7825 0.805 0.06833333333333333 0.05333333333333334
0 0.8075 0.8575 0.058333333333333334 0.06833333333333333
0 0.5983333333333334 0.8808333333333334 0.03 0.115
0 0.35083333333333333 0.9308333333333333 0.06166666666666667 0.06833333333333333
0 0.285 0.9558333333333333 0.03 0.08833333333333333
0 0.2275 0.14416666666666667 0.055 0.085
0 0.8975 0.44 0.051666666666666666 0.09666666666666666
