0 0.19833333333333333 0.4675 0.03333333333333333 0.055
0 0.875 0.49416666666666664 0.03333333333333333 0.03166666666666667
0 0.19583333333333333 0.5033333333333333 0.025 0.04666666666666667
0 0.21916666666666668 0.5125 0.025 0.045
0 0.8633333333333333 0.53 0.03333333333333333 0.03333333333333333
0 0.19583333333333333 0.535 0.025 0.03333333333333333
0 0.24333333333333335 0.535 0.03 0.04
0 0.8375 0.5425 0.03833333333333333 0.03166666666666667
0 0.22166666666666668 0.5416666666666666 0.04 0.05333333333333334
0 0.8975 0.5508333333333333 0.028333333333333332 0.06166666666666667
0 0.8541666666666666 0.5575 0.03166666666666667 0.028333333333333332
0 0.23583333333333334 0.5575 0.021666666666666667 0.028333333333333332
0 0.20666666666666667 0.5633333333333334 0.04 0.02666666666666667
0 0.24666666666666667 0.5808333333333333 0.043333333333333335 0.03833333333333333
0 0.2175 0.5891666666666666 0.035 0.035
0 0.24833333333333332 0.03833333333333333 0.02 0.05
0 0.8675 0.6008333333333333 0.028333333333333332 0.06166666666666667
0 0.24083333333333334 0.6141666666666666 0.041666666666666664 0.035
0 0.8891666666666667 0.6266666666666667 0.025 0.07333333333333333
0 0.895 0.6441666666666667 0.013333333333333334 0.03833333333333333
0 0.8666666666666667 0.6566666666666666 0.016666666666666666 0.03666666666666667
0 0.7491666666666666 0.6941666666666667 0.025 0.055
0 0.8766666666666667 0.69 0.016666666666666666 0.043333333333333335
0 0.8575 0.6916666666666667 0.021666666666666667 0.04666666666666667
0 0.8916666666666667 0.6991666666666667 0.02 0.058333333333333334
0 0.875 0.7191666666666666 0.016666666666666666 0.065
0 0.7358333333333333 0.7291666666666666 0.03166666666666667 0.03166666666666667
0 0.7641666666666667 0.7525 0.018333333333333333 0.011666666666666667
0 0.8141666666666667 0.7366666666666667 0.025 0.07
0 0.7675 0.7375 0.025 0.045
0 0.8625 0.7483333333333333 0.018333333333333333 0.06333333333333334
0 0.7716666666666666 0.7558333333333334 0.023333333333333334 0.041666666666666664
0 0.8808333333333334 0.7608333333333334 0.025 0.058333333333333334
0 0.745 0.765 0.023333333333333334 0.03666666666666667
0 0.875 0.7833333333333333 0.016666666666666666 0.056666666666666664
0 0.8641666666666666 0.8158333333333333 0.035 0.06833333333333333
0 0.86 0.8183333333333334 0.02666666666666667 0.06666666666666667
0 0.8341666666666666 0.8266666666666667 0.03166666666666667 0.056666666666666664
0 0.8741666666666666 0.8358333333333333 0.028333333333333332 0.058333333333333334
0 0.7183333333333334 0.8491666666666666 0.016666666666666666 0.06833333333333333
0 0.8308333333333333 0.8733333333333333 0.03833333333333333 0.056666666666666664
0 0.8508333333333333 0.8791666666666667 0.03166666666666667 0.045
0 0.8191666666666667 0.9175 0.03833333333333333 0.055
0 0.24583333333333332 0.06666666666666667 0.021666666666666667 0.04666666666666667
0 0.8041666666666667 0.9441666666666667 0.028333333333333332 0.07166666666666667
0 0.22916666666666666 0.0725 0.018333333333333333 0.075
0 0.2608333333333333 0.08 0.015 0.05
0 0.23833333333333334 0.1125 0.02666666666666667 0.04833333333333333
0 0.25166666666666665 0.1275 0.023333333333333334 0.03166666666666667
0 0.2225 0.15666666666666668 0.021666666666666667 0.08
0 0.2925 0.16 0.021666666666666667 0.07333333333333333
0 0.8408333333333333 0.1675 0.021666666666666667 0.041666666666666664
0 0.8475 0.19333333333333333 0.035 0.04
0 0.21333333333333335 0.21416666666666667 0.02 0.08833333333333333
0 0.6983333333333334 0.22 0.04 0.043333333333333335
0 0.03 0.22416666666666665 0.03 0.058333333333333334
0 0.8675 0.245 0.03166666666666667 0.07666666666666666
0 0.865 0.2733333333333333 0.02666666666666667 0.056666666666666664
0 0.8425 0.28833333333333333 0.03166666666666667 0.05
0 0.55 0.30333333333333334 0.04 0.03666666666666667
0 0.13916666666666666 0.30583333333333335 0.021666666666666667 0.075
0 0.12083333333333333 0.3125 0.021666666666666667 0.06166666666666667
0 0.155 0.31583333333333335 0.03 0.04833333333333333
0 0.8883333333333333 0.3175 0.02666666666666667 0.045
0 0.8683333333333333 0.3383333333333333 0.023333333333333334 0.07333333333333333
0 0.12333333333333334 0.36333333333333334 0.03 0.043333333333333335
0 0.09916666666666667 0.37166666666666665 0.028333333333333332 0.06333333333333334
0 0.1775 0.37333333333333335 0.018333333333333333 0.07333333333333333
0 0.19083333333333333 0.38333333333333336 0.018333333333333333 0.056666666666666664
0 0.7791666666666667 0.3933333333333333 0.03166666666666667 0.06666666666666667
0 0.20166666666666666 0.43 0.03333333333333333 0.07
0 0.08916666666666667 0.42916666666666664 0.021666666666666667 0.058333333333333334
0 0.14666666666666667 0.445 0.03 0.07333333333333333
0 0.18083333333333335 0.4608333333333333 0.021666666666666667 0.041666666666666664
