0 0.6491666666666667 0.4483333333333333 0.018333333333333333 0.08
0 0.6558333333333334 0.016666666666666666 0.03166666666666667 0.03333333333333333
0 0.17166666666666666 0.4825 0.03666666666666667 0.06166666666666667
0 0.15833333333333333 0.49166666666666664 0.023333333333333334 0.07666666666666666
0 0.155 0.5175 0.02666666666666667 0.065
0 0.1825 0.5391666666666667 0.03166666666666667 0.058333333333333334
0 0.18166666666666667 0.5458333333333333 0.03333333333333333 0.06833333333333333
0 0.21083333333333334 0.5583333333333333 0.028333333333333332 0.07
0 0.165 0.5791666666666667 0.03 0.055
0 0.1525 0.59 0.028333333333333332 0.07333333333333333
0 0.6975 0.028333333333333332 0.03166666666666667 0.056666666666666664
0 0.14666666666666667 0.6491666666666667 0.023333333333333334 0.07166666666666667
0 0.175 0.655 0.03666666666666667 0.043333333333333335
0 0.6183333333333333 0.6608333333333334 0.02666666666666667 0.08833333333333333
0 0.6008333333333333 0.6775 0.03166666666666667 0.07166666666666667
0 0.17083333333333334 0.6825 0.028333333333333332 0.055
0 0.5725 0.6958333333333333 0.045 0.06833333333333333
0 0.16666666666666666 0.7158333333333333 0.03 0.045
0 0.5033333333333333 0.7166666666666667 0.03666666666666667 0.06333333333333334
0 0.5741666666666667 0.7283333333333334 0.028333333333333332 0.043333333333333335
0 0.10416666666666667 0.0375 0.028333333333333332 0.065
0 0.5866666666666667 0.7408333333333333 0.023333333333333334 0.058333333333333334
0 0.18083333333333335 0.7483333333333333 0.041666666666666664 0.03
0 0.5575 0.77 0.03166666666666667 0.043333333333333335
0 0.185 0.7741666666666667 0.04 0.035
0 0.18333333333333332 0.8066666666666666 0.03333333333333333 0.05333333333333334
0 0.20833333333333334 0.81 0.03333333333333333 0.056666666666666664
0 0.1775 0.8166666666666667 0.028333333333333332 0.07
0 0.6591666666666667 0.04666666666666667 0.035 0.03
0 0.205 0.8758333333333334 0.03 0.058333333333333334
0 0.6491666666666667 0.9416666666666667 0.028333333333333332 0.08666666666666667
0 0.6425 0.9883333333333333 0.021666666666666667 0.023333333333333334
0 0.5741666666666667 0.9925 0.018333333333333333 0.015
0 0.115 0.06416666666666666 0.023333333333333334 0.075
0 0.6216666666666667 0.07083333333333333 0.03333333333333333 0.051666666666666666
0 0.6483333333333333 0.09083333333333334 0.02 0.065
0 0.4533333333333333 0.095 0.043333333333333335 0.04666666666666667
0 0.6025 0.10333333333333333 0.03833333333333333 0.03
0 0.5658333333333333 0.1125 0.035 0.03166666666666667
0 0.13916666666666666 0.11666666666666667 0.03166666666666667 0.06
0 0.6666666666666666 0.12416666666666666 0.02 0.03833333333333333
0 0.4866666666666667 0.135 0.03 0.08666666666666667
0 0.3883333333333333 0.1325 0.043333333333333335 0.041666666666666664
0 0.43416666666666665 0.13833333333333334 0.045 0.043333333333333335
0 0.5383333333333333 0.14416666666666667 0.03666666666666667 0.03166666666666667
0 0.14916666666666667 0.165 0.035 0.05
0 0.6533333333333333 0.16916666666666666 0.02666666666666667 0.03166666666666667
0 0.52 0.16833333333333333 0.03666666666666667 0.03333333333333333
0 0.37 0.17916666666666667 0.03333333333333333 0.058333333333333334
0 0.34833333333333333 0.18 0.02666666666666667 0.07
0 0.6241666666666666 0.19333333333333333 0.028333333333333332 0.056666666666666664
0 0.18083333333333335 0.19583333333333333 0.035 0.07833333333333334
0 0.32916666666666666 0.19416666666666665 0.021666666666666667 0.03833333333333333
0 0.6375 0.20416666666666666 0.025 0.04833333333333333
0 0.7383333333333333 0.20416666666666666 0.04 0.03833333333333333
0 0.17 0.22916666666666666 0.02666666666666667 0.075
0 0.6491666666666667 0.2325 0.021666666666666667 0.058333333333333334
0 0.735 0.2325 0.02666666666666667 0.021666666666666667
0 0.3325 0.23666666666666666 0.03833333333333333 0.04666666666666667
0 0.3575 0.24083333333333334 0.028333333333333332 0.07166666666666667
0 0.6166666666666667 0.24583333333333332 0.03333333333333333 0.03833333333333333
0 0.23166666666666666 0.25083333333333335 0.02 0.07833333333333334
0 0.19166666666666668 0.255 0.023333333333333334 0.06
0 0.3375 0.29333333333333333 0.0016666666666666668 0.006666666666666667
0 0.58 0.011666666666666667 0.023333333333333334 0.023333333333333334
0 0.63 0.2625 0.02 0.058333333333333334
0 0.21083333333333334 0.2625 0.021666666666666667 0.07833333333333334
0 0.3358333333333333 0.2675 0.021666666666666667 0.065
0 0.30916666666666665 0.2708333333333333 0.015 0.085
0 0.7108333333333333 0.009166666666666667 0.011666666666666667 0.018333333333333333
0 0.5783333333333334 0.2808333333333333 0.03666666666666667 0.03833333333333333
0 0.6008333333333333 0.2875 0.03166666666666667 0.045
0 0.6425 0.010833333333333334 0.018333333333333333 0.021666666666666667
0 0.17166666666666666 0.3233333333333333 0.03666666666666667 0.08333333333333333
0 0.5675 0.32 0.035 0.05
0 0.17583333333333334 0.32416666666666666 0.035 0.085
0 0.21583333333333332 0.3308333333333333 0.021666666666666667 0.058333333333333334
0 0.2325 0.3383333333333333 0.018333333333333333 0.056666666666666664
0 0.1625 0.33916666666666667 0.018333333333333333 0.051666666666666666
0 0.2758333333333333 0.345 0.018333333333333333 0.09
0 0.6716666666666666 0.013333333333333334 0.016666666666666666 0.02666666666666667
0 0.2125 0.37166666666666665 0.021666666666666667 0.06
0 0.17 0.38916666666666666 0.03666666666666667 0.065
0 0.5833333333333334 0.39916666666666667 0.03666666666666667 0.051666666666666666
0 0.29 0.4033333333333333 0.02 0.08666666666666667
0 0.3641666666666667 0.4225 0.028333333333333332 0.075
0 0.26916666666666667 0.4275 0.021666666666666667 0.07833333333333334
0 0.17416666666666666 0.4325 0.025 0.06833333333333333
0 0.6858333333333333 0.018333333333333333 0.021666666666666667 0.03666666666666667
0 0.15083333333333335 0.44333333333333336 0.021666666666666667 0.06
