0 0.7258333333333333 0.5058333333333334 0.028333333333333332 0.045
0 0.805 0.49 0.03333333333333333 0.043333333333333335
0 0.7583333333333333 0.48583333333333334 0.03333333333333333 0.028333333333333332
0 0.8291666666666667 0.4816666666666667 0.028333333333333332 0.04666666666666667
0 0.2525 0.48 0.018333333333333333 0.05333333333333334
0 0.7358333333333333 0.4683333333333333 0.018333333333333333 0.056666666666666664
0 0.7908333333333334 0.4725 0.035 0.03833333333333333
0 0.7691666666666667 0.46166666666666667 0.035 0.02666666666666667
0 0.24666666666666667 0.45166666666666666 0.016666666666666666 0.06
0 0.83 0.4483333333333333 0.04 0.04
0 0.8083333333333333 0.4425 0.03 0.018333333333333333
0 0.8608333333333333 0.44 0.03166666666666667 0.03333333333333333
0 0.7691666666666667 0.43666666666666665 0.028333333333333332 0.03333333333333333
0 0.16 0.43583333333333335 0.016666666666666666 0.08166666666666667
0 0.8833333333333333 0.43583333333333335 0.02666666666666667 0.051666666666666666
0 0.7425 0.4325 0.035 0.03166666666666667
0 0.27166666666666667 0.4275 0.03 0.035
0 0.7825 0.4266666666666667 0.025 0.06
0 0.8291666666666667 0.425 0.03166666666666667 0.02666666666666667
0 0.2991666666666667 0.41833333333333333 0.035 0.05333333333333334
0 0.8025 0.4091666666666667 0.035 0.028333333333333332
0 0.8591666666666666 0.4116666666666667 0.028333333333333332 0.04
0 0.2633333333333333 0.40166666666666667 0.023333333333333334 0.04666666666666667
0 0.8366666666666667 0.4025 0.03333333333333333 0.028333333333333332
0 0.8791666666666667 0.4041666666666667 0.028333333333333332 0.045
0 0.7325 0.39666666666666667 0.035 0.043333333333333335
0 0.7558333333333334 0.3983333333333333 0.028333333333333332 0.04
0 0.2875 0.3925 0.035 0.035
0 0.9483333333333334 0.39166666666666666 0.02666666666666667 0.07
0 0.8491666666666666 0.38416666666666666 0.035 0.025
0 0.7591666666666667 0.38083333333333336 0.025 0.041666666666666664
0 0.8 0.38 0.023333333333333334 0.03
0 0.78 0.37916666666666665 0.03 0.041666666666666664
0 0.8183333333333334 0.36666666666666664 0.03666666666666667 0.03333333333333333
0 0.8616666666666667 0.36583333333333334 0.03666666666666667 0.028333333333333332
0 0.23666666666666666 0.35583333333333333 0.023333333333333334 0.058333333333333334
0 0.7375 0.3466666666666667 0.018333333333333333 0.06333333333333334
0 0.2575 0.3475 0.028333333333333332 0.06833333333333333
0 0.7575 0.3416666666666667 0.025 0.05333333333333334
0 0.16583333333333333 0.9375 0.018333333333333333 0.06166666666666667
0 0.7733333333333333 0.335 0.023333333333333334 0.056666666666666664
0 0.715 0.32166666666666666 0.02666666666666667 0.08
0 0.7941666666666667 0.315 0.025 0.06666666666666667
0 0.8125 0.31333333333333335 0.025 0.07
0 0.255 0.30333333333333334 0.02 0.06666666666666667
0 0.7483333333333333 0.29333333333333333 0.023333333333333334 0.04
0 0.7025 0.25083333333333335 0.025 0.06166666666666667
0 0.59 0.2275 0.023333333333333334 0.075
0 0.5833333333333334 0.1875 0.02 0.08166666666666667
0 0.5708333333333333 0.14583333333333334 0.018333333333333333 0.075
0 0.14916666666666667 0.9141666666666667 0.018333333333333333 0.075
0 0.245 0.075 0.02666666666666667 0.07333333333333333
0 0.475 0.013333333333333334 0.023333333333333334 0.02666666666666667
0 0.18333333333333332 0.8783333333333333 0.02 0.07333333333333333
0 0.16833333333333333 0.88 0.016666666666666666 0.05
0 0.155 0.8625 0.03 0.045
0 0.1975 0.8225 0.018333333333333333 0.07166666666666667
0 0.16666666666666666 0.8158333333333333 0.023333333333333334 0.051666666666666666
0 0.17916666666666667 0.8158333333333333 0.021666666666666667 0.045
0 0.16833333333333333 0.9825 0.016666666666666666 0.035
0 0.2 0.7683333333333333 0.023333333333333334 0.056666666666666664
0 0.18666666666666668 0.7566666666666667 0.03 0.056666666666666664
0 0.15083333333333335 0.9791666666666666 0.018333333333333333 0.041666666666666664
0 0.21166666666666667 0.7208333333333333 0.02 0.07833333333333334
0 0.18833333333333332 0.5791666666666667 0.04 0.06166666666666667
0 0.7141666666666666 0.5458333333333333 0.041666666666666664 0.051666666666666666
