0 0.465 0.4866666666666667 0.04 0.04
0 0.5058333333333334 0.5016666666666667 0.021666666666666667 0.08333333333333333
0 0.4575 0.5266666666666666 0.025 0.06666666666666667
0 0.4325 0.5583333333333333 0.03166666666666667 0.06333333333333334
0 0.475 0.5591666666666667 0.04 0.04833333333333333
0 0.865 0.5766666666666667 0.05333333333333334 0.03
0 0.6883333333333334 0.585 0.03333333333333333 0.03333333333333333
0 0.8133333333333334 0.5875 0.05333333333333334 0.03166666666666667
0 0.435 0.5875 0.03666666666666667 0.035
0 0.48833333333333334 0.6 0.02666666666666667 0.06333333333333334
0 0.7233333333333334 0.6041666666666666 0.05 0.03166666666666667
0 0.3908333333333333 0.6358333333333334 0.005 0.005
0 0.4091666666666667 0.6241666666666666 0.045 0.035
0 0.6383333333333333 0.6341666666666667 0.05333333333333334 0.03833333333333333
0 0.675 0.6366666666666667 0.04666666666666667 0.04666666666666667
0 0.495 0.6433333333333333 0.023333333333333334 0.07333333333333333
0 0.5658333333333333 0.6483333333333333 0.03833333333333333 0.05333333333333334
0 0.3541666666666667 0.665 0.03166666666666667 0.06
0 0.4666666666666667 0.6758333333333333 0.03666666666666667 0.07166666666666667
0 0.5733333333333334 0.6941666666666667 0.03 0.06166666666666667
0 0.42583333333333334 0.7091666666666666 0.035 0.04833333333333333
0 0.48083333333333333 0.7166666666666667 0.03166666666666667 0.06333333333333334
0 0.395 0.7183333333333334 0.043333333333333335 0.03666666666666667
0 0.4866666666666667 0.7341666666666666 0.03666666666666667 0.041666666666666664
0 0.5891666666666666 0.7508333333333334 0.041666666666666664 0.051666666666666666
0 0.3616666666666667 0.7516666666666667 0.03333333333333333 0.03666666666666667
0 0.33416666666666667 0.7533333333333333 0.03166666666666667 0.04666666666666667
0 0.5325 0.7566666666666667 0.028333333333333332 0.056666666666666664
0 0.39916666666666667 0.7633333333333333 0.041666666666666664 0.04666666666666667
0 0.37083333333333335 0.7666666666666667 0.03833333333333333 0.043333333333333335
0 0.5966666666666667 0.7725 0.04 0.03166666666666667
0 0.4683333333333333 0.7725 0.03666666666666667 0.035
0 0.55 0.7766666666666666 0.04 0.03666666666666667
0 0.32916666666666666 0.7875 0.03833333333333333 0.03833333333333333
0 0.30083333333333334 0.7841666666666667 0.03166666666666667 0.04833333333333333
0 0.5683333333333334 0.7925 0.03666666666666667 0.025
0 0.3358333333333333 0.8125 0.051666666666666666 0.041666666666666664
0 0.4525 0.8075 0.03833333333333333 0.03833333333333333
0 0.5058333333333334 0.8158333333333333 0.028333333333333332 0.06166666666666667
0 0.3233333333333333 0.8191666666666667 0.03 0.03166666666666667
0 0.5308333333333334 0.8183333333333334 0.03833333333333333 0.03666666666666667
0 0.4716666666666667 0.8216666666666667 0.03333333333333333 0.06666666666666667
0 0.235 0.8316666666666667 0.05333333333333334 0.03666666666666667
0 0.605 0.8366666666666667 0.043333333333333335 0.03333333333333333
0 0.48 0.8533333333333334 0.016666666666666666 0.06
0 0.25 0.8533333333333334 0.03333333333333333 0.02666666666666667
0 0.44 0.8583333333333333 0.03333333333333333 0.06333333333333334
0 0.57 0.86 0.03333333333333333 0.06333333333333334
0 0.6166666666666667 0.8625 0.03333333333333333 0.03166666666666667
0 0.6875 0.935 0.041666666666666664 0.03
0 0.6341666666666667 0.10666666666666667 0.035 0.03
0 0.6016666666666667 0.11583333333333333 0.04666666666666667 0.03166666666666667
0 0.425 0.1575 0.02666666666666667 0.045
0 0.4375 0.18833333333333332 0.021666666666666667 0.05
0 0.2775 0.005 0.021666666666666667 0.01
0 0.4141666666666667 0.195 0.03166666666666667 0.04
0 0.435 0.215 0.03 0.05
0 0.36583333333333334 0.225 0.045 0.03
0 0.45166666666666666 0.225 0.03666666666666667 0.03666666666666667
0 0.405 0.22666666666666666 0.04 0.03666666666666667
0 0.39 0.23083333333333333 0.04 0.03833333333333333
0 0.335 0.23333333333333334 0.04 0.04
0 0.47583333333333333 0.255 0.03833333333333333 0.05
0 0.43333333333333335 0.25916666666666666 0.03666666666666667 0.03166666666666667
0 0.4025 0.265 0.03833333333333333 0.06333333333333334
0 0.37666666666666665 0.2816666666666667 0.016666666666666666 0.04
0 0.4033333333333333 0.2816666666666667 0.04 0.03333333333333333
0 0.44166666666666665 0.3125 0.05 0.058333333333333334
0 0.455 0.31083333333333335 0.02666666666666667 0.041666666666666664
0 0.375 0.3233333333333333 0.04 0.05
