0 0.18 0.3275 0.03333333333333333 0.041666666666666664
0 0.2725 0.2975 0.035 0.03833333333333333
0 0.49916666666666665 0.2675 0.018333333333333333 0.06833333333333333
0 0.7066666666666667 0.2608333333333333 0.02 0.06833333333333333
0 0.6125 0.23666666666666666 0.018333333333333333 0.07
0 0.17166666666666666 0.22583333333333333 0.03 0.055
0 0.6425 0.2125 0.021666666666666667 0.06833333333333333
0 0.305 0.19583333333333333 0.02 0.07166666666666667
0 0.5175 0.19666666666666666 0.018333333333333333 0.07
0 0.2733333333333333 0.14833333333333334 0.023333333333333334 0.06333333333333334
0 0.8333333333333334 0.14083333333333334 0.03333333333333333 0.045
0 0.8566666666666667 0.10916666666666666 0.03666666666666667 0.041666666666666664
0 0.345 0.025833333333333333 0.03 0.051666666666666666
0 0.7725 0.02 0.03833333333333333 0.03333333333333333
0 0.8233333333333334 0.005 0.03666666666666667 0.01
