0 0.41 0.04583333333333333 0.016666666666666666 0.07166666666666667
0 0.5483333333333333 0.5625 0.023333333333333334 0.07833333333333334
0 0.865 0.5608333333333333 0.02 0.055
0 0.8783333333333333 0.575 0.02 0.07666666666666666
0 0.8616666666666667 0.6041666666666666 0.02 0.075
0 0.3958333333333333 0.060833333333333336 0.018333333333333333 0.058333333333333334
0 0.7941666666666667 0.6733333333333333 0.025 0.05
0 0.7725 0.68 0.025 0.056666666666666664
0 0.745 0.6875 0.03 0.045
0 0.8116666666666666 0.69 0.02 0.05333333333333334
0 0.8025 0.6975 0.0016666666666666668 0.0016666666666666668
0 0.7708333333333334 0.7233333333333334 0.021666666666666667 0.07
0 0.7191666666666666 0.7341666666666666 0.018333333333333333 0.04833333333333333
0 0.7366666666666667 0.7516666666666667 0.02 0.07
0 0.7883333333333333 0.755 0.03333333333333333 0.04
0 0.7333333333333333 0.7891666666666667 0.02666666666666667 0.06166666666666667
0 0.39666666666666667 0.07 0.02 0.07666666666666666
0 0.7391666666666666 0.8325 0.035 0.06833333333333333
0 0.7475 0.8616666666666667 0.021666666666666667 0.06666666666666667
0 0.7308333333333333 0.8858333333333334 0.025 0.075
0 0.7525 0.925 0.021666666666666667 0.06666666666666667
0 0.73 0.9341666666666667 0.03 0.06833333333333333
0 0.8375 0.9341666666666667 0.03833333333333333 0.065
0 0.755 0.9708333333333333 0.016666666666666666 0.03833333333333333
0 0.485 0.9683333333333334 0.016666666666666666 0.06333333333333334
0 0.7375 0.9833333333333333 0.021666666666666667 0.03333333333333333
0 0.7508333333333334 0.9833333333333333 0.021666666666666667 0.03333333333333333
0 0.4891666666666667 0.9991666666666666 0.0016666666666666668 0.0016666666666666668
0 0.35083333333333333 0.11166666666666666 0.021666666666666667 0.06333333333333334
0 0.38333333333333336 0.1125 0.02 0.051666666666666666
0 0.9391666666666667 0.1175 0.028333333333333332 0.07833333333333334
0 0.39666666666666667 0.1375 0.02 0.04833333333333333
0 0.3775 0.1725 0.018333333333333333 0.07166666666666667
0 0.39166666666666666 0.18916666666666668 0.023333333333333334 0.075
0 0.3625 0.1925 0.015 0.06166666666666667
0 0.2825 0.19916666666666666 0.015 0.051666666666666666
0 0.3425 0.2225 0.021666666666666667 0.06833333333333333
0 0.36833333333333335 0.23583333333333334 0.023333333333333334 0.055
0 0.2675 0.24 0.021666666666666667 0.07
0 0.3433333333333333 0.26166666666666666 0.023333333333333334 0.07333333333333333
0 0.2808333333333333 0.26416666666666666 0.018333333333333333 0.07833333333333334
0 0.3425 0.2925 0.028333333333333332 0.06833333333333333
0 0.32416666666666666 0.29833333333333334 0.018333333333333333 0.06
0 0.25833333333333336 0.30083333333333334 0.013333333333333334 0.06833333333333333
0 0.27166666666666667 0.30916666666666665 0.02 0.085
0 0.30333333333333334 0.3225 0.023333333333333334 0.045
0 0.325 0.3425 0.016666666666666666 0.028333333333333332
0 0.2725 0.3875 0.0016666666666666668 0.0016666666666666668
0 0.30416666666666664 0.35 0.028333333333333332 0.03666666666666667
0 0.30916666666666665 0.38166666666666665 0.035 0.06333333333333334
0 0.28 0.38083333333333336 0.02666666666666667 0.055
0 0.32916666666666666 0.0375 0.025 0.075
0 0.2575 0.40166666666666667 0.021666666666666667 0.07666666666666666
0 0.23833333333333334 0.4083333333333333 0.023333333333333334 0.05
0 0.37 0.4558333333333333 0.02 0.07833333333333334
0 0.8666666666666667 0.4666666666666667 0.023333333333333334 0.06666666666666667
0 0.4533333333333333 0.4766666666666667 0.02666666666666667 0.07666666666666666
0 0.43916666666666665 0.48583333333333334 0.015 0.04833333333333333
0 0.41833333333333333 0.4925 0.02 0.051666666666666666
0 0.8625 0.5041666666666667 0.021666666666666667 0.058333333333333334
