0 0.4691666666666667 0.575 0.03166666666666667 0.07333333333333333
0 0.4525 0.5775 0.035 0.035
0 0.4775 0.6175 0.015 0.06833333333333333
0 0.435 0.6141666666666666 0.03666666666666667 0.041666666666666664
0 0.4425 0.6341666666666667 0.03166666666666667 0.04833333333333333
0 0.4575 0.64 0.025 0.056666666666666664
0 0.1775 0.6583333333333333 0.025 0.08333333333333333
0 0.4633333333333333 0.6741666666666667 0.02 0.06166666666666667
0 0.16333333333333333 0.685 0.02 0.08666666666666667
0 0.19583333333333333 0.6958333333333333 0.025 0.065
0 0.18583333333333332 0.7233333333333334 0.028333333333333332 0.04666666666666667
0 0.255 0.7525 0.043333333333333335 0.045
0 0.725 0.8291666666666667 0.02 0.08833333333333333
0 0.6425 0.8408333333333333 0.04833333333333333 0.055
0 0.745 0.8666666666666667 0.023333333333333334 0.06666666666666667
0 0.6825 0.895 0.035 0.03
0 0.7658333333333334 0.9075 0.025 0.058333333333333334
0 0.06416666666666666 0.9108333333333334 0.03833333333333333 0.07833333333333334
0 0.7316666666666667 0.9125 0.02666666666666667 0.08166666666666667
0 0.7483333333333333 0.9391666666666667 0.02666666666666667 0.07166666666666667
0 0.7866666666666666 0.9458333333333333 0.03666666666666667 0.06166666666666667
0 0.8275 0.9566666666666667 0.03833333333333333 0.03666666666666667
0 0.7591666666666667 0.9633333333333334 0.021666666666666667 0.06666666666666667
0 0.8016666666666666 0.9658333333333333 0.02 0.06833333333333333
0 0.12333333333333334 0.9766666666666667 0.03666666666666667 0.04666666666666667
0 0.7791666666666667 0.9866666666666667 0.018333333333333333 0.02666666666666667
0 0.81 0.9983333333333333 0.0033333333333333335 0.0033333333333333335
0 0.515 0.11416666666666667 0.02666666666666667 0.075
0 0.43583333333333335 0.12916666666666668 0.018333333333333333 0.08166666666666667
0 0.5091666666666667 0.14666666666666667 0.028333333333333332 0.06666666666666667
0 0.535 0.15833333333333333 0.016666666666666666 0.07
0 0.51 0.19 0.02 0.1
0 0.5308333333333334 0.225 0.018333333333333333 0.08333333333333333
0 0.42 0.24416666666666667 0.05333333333333334 0.04833333333333333
0 0.5433333333333333 0.29083333333333333 0.02 0.085
0 0.5583333333333333 0.3225 0.03 0.07833333333333334
