0 0.37416666666666665 0.53 0.018333333333333333 0.06
0 0.5266666666666666 0.5166666666666667 0.023333333333333334 0.05333333333333334
0 0.48833333333333334 0.5208333333333334 0.04 0.028333333333333332
0 0.4058333333333333 0.5175 0.03166666666666667 0.041666666666666664
0 0.3975 0.5083333333333333 0.03833333333333333 0.03666666666666667
0 0.43333333333333335 0.5083333333333333 0.03 0.04666666666666667
0 0.4708333333333333 0.49833333333333335 0.045 0.02666666666666667
0 0.39916666666666667 0.48083333333333333 0.03833333333333333 0.028333333333333332
0 0.365 0.4825 0.03666666666666667 0.03833333333333333
0 0.5733333333333334 0.4766666666666667 0.02666666666666667 0.056666666666666664
0 0.5566666666666666 0.475 0.03333333333333333 0.03333333333333333
0 0.4691666666666667 0.4741666666666667 0.035 0.028333333333333332
0 0.505 0.4725 0.02666666666666667 0.041666666666666664
0 0.43583333333333335 0.47 0.03166666666666667 0.04
0 0.4608333333333333 0.4583333333333333 0.035 0.05333333333333334
0 0.35333333333333333 0.455 0.03333333333333333 0.03333333333333333
0 0.4008333333333333 0.4508333333333333 0.035 0.03833333333333333
0 0.41833333333333333 0.4533333333333333 0.03666666666666667 0.03333333333333333
0 0.2991666666666667 0.4483333333333333 0.03166666666666667 0.04
0 0.5116666666666667 0.4475 0.03333333333333333 0.025
0 0.3875 0.44083333333333335 0.03166666666666667 0.035
0 0.5275 0.43083333333333335 0.041666666666666664 0.03833333333333333
0 0.3308333333333333 0.4325 0.03166666666666667 0.035
0 0.3525 0.43416666666666665 0.035 0.03166666666666667
0 0.2808333333333333 0.42083333333333334 0.03833333333333333 0.035
0 0.43916666666666665 0.4225 0.028333333333333332 0.035
0 0.47 0.4141666666666667 0.03666666666666667 0.035
0 0.515 0.43166666666666664 0.0033333333333333335 0.0033333333333333335
0 0.425 0.4125 0.043333333333333335 0.035
0 0.4008333333333333 0.4083333333333333 0.041666666666666664 0.04
0 0.3875 0.405 0.028333333333333332 0.043333333333333335
0 0.3775 0.4 0.035 0.03666666666666667
0 0.35833333333333334 0.3958333333333333 0.02666666666666667 0.03166666666666667
0 0.2891666666666667 0.3908333333333333 0.028333333333333332 0.03166666666666667
0 0.4925 0.38916666666666666 0.035 0.028333333333333332
0 0.45916666666666667 0.3883333333333333 0.025 0.023333333333333334
0 0.31333333333333335 0.3825 0.03 0.04833333333333333
0 0.5316666666666666 0.37666666666666665 0.04 0.023333333333333334
0 0.47833333333333333 0.36666666666666664 0.03 0.02666666666666667
0 0.36833333333333335 0.3675 0.03666666666666667 0.028333333333333332
0 0.39416666666666667 0.365 0.028333333333333332 0.03333333333333333
0 0.41833333333333333 0.365 0.03666666666666667 0.04
0 0.5166666666666667 0.36083333333333334 0.04 0.025
0 0.4608333333333333 0.3566666666666667 0.041666666666666664 0.02666666666666667
0 0.34833333333333333 0.36083333333333334 0.04 0.041666666666666664
0 0.3 0.3575 0.03333333333333333 0.03166666666666667
0 0.5075 0.3408333333333333 0.035 0.025
0 0.3325 0.3408333333333333 0.035 0.03166666666666667
0 0.2925 0.335 0.025 0.03666666666666667
0 0.4325 0.335 0.041666666666666664 0.03
0 0.3975 0.3275 0.035 0.045
0 0.3575 0.3275 0.035 0.03166666666666667
0 0.31916666666666665 0.32416666666666666 0.03166666666666667 0.03166666666666667
0 0.37083333333333335 0.32 0.025 0.03333333333333333
0 0.33666666666666667 0.2991666666666667 0.03333333333333333 0.025
0 0.30666666666666664 0.30083333333333334 0.04 0.041666666666666664
0 0.28833333333333333 0.29333333333333333 0.04 0.04
0 0.37833333333333335 0.2925 0.043333333333333335 0.028333333333333332
0 0.3516666666666667 0.2808333333333333 0.03333333333333333 0.025
0 0.4 0.275 0.04 0.02666666666666667
0 0.25916666666666666 0.27416666666666667 0.03166666666666667 0.045
0 0.32916666666666666 0.26666666666666666 0.028333333333333332 0.02666666666666667
0 0.3675 0.26166666666666666 0.035 0.02666666666666667
0 0.335 0.24333333333333335 0.03333333333333333 0.03666666666666667
0 0.3075 0.2425 0.03166666666666667 0.028333333333333332
0 0.2633333333333333 0.23833333333333334 0.043333333333333335 0.03
0 0.28583333333333333 0.2275 0.041666666666666664 0.028333333333333332
0 0.32916666666666666 0.20083333333333334 0.041666666666666664 0.03166666666666667
0 0.24833333333333332 0.19583333333333333 0.03 0.058333333333333334
0 0.25666666666666665 0.15 0.03666666666666667 0.04
0 0.18166666666666667 0.87 0.03 0.05333333333333334
0 0.14666666666666667 0.84 0.05 0.043333333333333335
0 0.21666666666666667 0.8341666666666666 0.04666666666666667 0.028333333333333332
0 0.6225 0.8116666666666666 0.018333333333333333 0.07666666666666666
0 0.19833333333333333 0.8091666666666667 0.04666666666666667 0.03166666666666667
0 0.12916666666666668 0.7933333333333333 0.028333333333333332 0.056666666666666664
0 0.08666666666666667 0.785 0.04666666666666667 0.043333333333333335
0 0.43083333333333335 0.7841666666666667 0.03833333333333333 0.03833333333333333
0 0.10333333333333333 0.7758333333333334 0.02666666666666667 0.045
0 0.3883333333333333 0.7658333333333334 0.03333333333333333 0.041666666666666664
0 0.6083333333333333 0.7641666666666667 0.02 0.075
0 0.43166666666666664 0.7625 0.023333333333333334 0.03166666666666667
0 0.3875 0.7516666666666667 0.03166666666666667 0.06666666666666667
0 0.595 0.735 0.016666666666666666 0.07
0 0.35333333333333333 0.7225 0.03666666666666667 0.03166666666666667
0 0.3075 0.7008333333333333 0.03833333333333333 0.028333333333333332
0 0.3825 0.6966666666666667 0.025 0.056666666666666664
0 0.35083333333333333 0.6916666666666667 0.03833333333333333 0.03
0 0.4 0.6833333333333333 0.02666666666666667 0.06666666666666667
0 0.0825 0.6816666666666666 0.018333333333333333 0.04666666666666667
0 0.5733333333333334 0.6666666666666666 0.02 0.043333333333333335
0 0.31666666666666665 0.6733333333333333 0.04666666666666667 0.02666666666666667
0 0.5633333333333334 0.6625 0.023333333333333334 0.06833333333333333
0 0.5641666666666667 0.61 0.021666666666666667 0.06666666666666667
0 0.53 0.5783333333333334 0.03 0.03666666666666667
0 0.5225 0.5508333333333333 0.041666666666666664 0.035
0 0.5466666666666666 0.5483333333333333 0.02 0.05333333333333334
