0 0.06 0.5708333333333333 0.04666666666666667 0.19166666666666668
0 0.1025 0.05583333333333333 0.051666666666666666 0.11166666666666666
0 0.43416666666666665 0.7016666666666667 0.04833333333333333 0.19333333333333333
0 0.1875 0.7366666666666667 0.08166666666666667 0.13666666666666666
0 0.7066666666666667 0.7766666666666666 0.05333333333333334 0.18666666666666668
0 0.6341666666666667 0.805 0.058333333333333334 0.18666666666666668
0 0.09666666666666666 0.8416666666666667 0.07666666666666666 0.15666666666666668
0 0.9808333333333333 0.8716666666666667 0.03833333333333333 0.16666666666666666
0 0.615 0.9283333333333333 0.04 0.14333333333333334
0 0.33416666666666667 0.9991666666666666 0.0016666666666666668 0.0016666666666666668
0 0.5625 0.08333333333333333 0.055 0.14333333333333334
0 0.7908333333333334 0.9758333333333333 0.055 0.04833333333333333
0 0.5475 0.9816666666666667 0.03833333333333333 0.03666666666666667
0 0.4841666666666667 0.9866666666666667 0.041666666666666664 0.02666666666666667
0 0.21166666666666667 0.15 0.03666666666666667 0.18333333333333332
0 0.815 0.24083333333333334 0.043333333333333335 0.16166666666666665
0 0.5216666666666666 0.028333333333333332 0.04 0.056666666666666664
