0 0.7875 0.49833333333333335 0.018333333333333333 0.04
0 0.485 0.4875 0.023333333333333334 0.07833333333333334
0 0.8008333333333333 0.4816666666666667 0.018333333333333333 0.07666666666666666
0 0.7841666666666667 0.4575 0.018333333333333333 0.075
0 0.33916666666666667 0.9591666666666666 0.018333333333333333 0.08166666666666667
0 0.72 0.38333333333333336 0.02666666666666667 0.04666666666666667
0 0.6741666666666667 0.37083333333333335 0.028333333333333332 0.04833333333333333
0 0.7 0.37166666666666665 0.02666666666666667 0.06333333333333334
0 0.7375 0.37 0.018333333333333333 0.05
0 0.72 0.3466666666666667 0.023333333333333334 0.056666666666666664
0 0.6975 0.335 0.021666666666666667 0.06666666666666667
0 0.6491666666666667 0.325 0.018333333333333333 0.04666666666666667
0 0.6633333333333333 0.31416666666666665 0.02 0.065
0 0.7141666666666666 0.305 0.03166666666666667 0.03666666666666667
0 0.6608333333333334 0.27166666666666667 0.025 0.056666666666666664
0 0.6616666666666666 0.23416666666666666 0.02 0.058333333333333334
0 0.6783333333333333 0.195 0.02 0.08333333333333333
0 0.655 0.19166666666666668 0.01 0.04
0 0.6758333333333333 0.16166666666666665 0.018333333333333333 0.06666666666666667
0 0.7616666666666667 0.1325 0.03666666666666667 0.058333333333333334
0 0.66 0.13416666666666666 0.02666666666666667 0.06166666666666667
0 0.41333333333333333 0.12666666666666668 0.02 0.08
0 0.4008333333333333 0.1175 0.021666666666666667 0.055
0 0.6825 0.09916666666666667 0.018333333333333333 0.03833333333333333
0 0.3875 0.08333333333333333 0.025 0.07666666666666666
0 0.6658333333333334 0.08333333333333333 0.018333333333333333 0.03666666666666667
0 0.37583333333333335 0.075 0.028333333333333332 0.07666666666666666
0 0.4091666666666667 0.06666666666666667 0.028333333333333332 0.06
0 0.68 0.06416666666666666 0.02 0.075
0 0.43 0.05 0.02666666666666667 0.07
0 0.29583333333333334 0.92 0.018333333333333333 0.06333333333333334
0 0.4 0.018333333333333333 0.023333333333333334 0.03666666666666667
0 0.8575 0.9166666666666666 0.025 0.07666666666666666
0 0.43916666666666665 0.016666666666666666 0.0016666666666666668 0.006666666666666667
0 0.3258333333333333 0.9141666666666667 0.018333333333333333 0.051666666666666666
0 0.4225 0.013333333333333334 0.025 0.02666666666666667
0 0.33916666666666667 0.89 0.018333333333333333 0.04666666666666667
0 0.32083333333333336 0.8558333333333333 0.018333333333333333 0.06833333333333333
0 0.33416666666666667 0.8483333333333334 0.021666666666666667 0.06666666666666667
0 0.30666666666666664 0.8391666666666666 0.013333333333333334 0.058333333333333334
0 0.23 0.8325 0.016666666666666666 0.04833333333333333
0 0.2875 0.8083333333333333 0.021666666666666667 0.06333333333333334
0 0.21666666666666667 0.7933333333333333 0.02 0.06666666666666667
0 0.31166666666666665 0.795 0.023333333333333334 0.056666666666666664
0 0.2775 0.9858333333333333 0.015 0.028333333333333332
0 0.2916666666666667 0.785 0.02 0.056666666666666664
0 0.22833333333333333 0.7716666666666666 0.016666666666666666 0.06666666666666667
0 0.2866666666666667 0.7433333333333333 0.02666666666666667 0.06
0 0.27166666666666667 0.7383333333333333 0.016666666666666666 0.056666666666666664
0 0.20666666666666667 0.7308333333333333 0.013333333333333334 0.06166666666666667
0 0.22083333333333333 0.7233333333333334 0.018333333333333333 0.08333333333333333
0 0.25166666666666665 0.715 0.023333333333333334 0.04666666666666667
0 0.23166666666666666 0.695 0.023333333333333334 0.05
0 0.2708333333333333 0.6966666666666667 0.015 0.03
0 0.25083333333333335 0.6858333333333333 0.028333333333333332 0.035
0 0.22916666666666666 0.6566666666666666 0.025 0.05333333333333334
0 0.255 0.6533333333333333 0.03333333333333333 0.06333333333333334
0 0.20916666666666667 0.6366666666666667 0.021666666666666667 0.07333333333333333
0 0.19 0.6308333333333334 0.023333333333333334 0.04833333333333333
0 0.35 0.97 0.016666666666666666 0.06
0 0.7825 0.5958333333333333 0.025 0.055
0 0.31416666666666665 0.5858333333333333 0.018333333333333333 0.07166666666666667
0 0.395 0.5675 0.023333333333333334 0.075
0 0.38083333333333336 0.5583333333333333 0.015 0.04666666666666667
0 0.785 0.5516666666666666 0.02 0.06
0 0.36083333333333334 0.5458333333333333 0.018333333333333333 0.045
