0 0.5208333333333334 0.5208333333333334 0.018333333333333333 0.075
0 0.5758333333333333 0.5033333333333333 0.018333333333333333 0.07666666666666666
0 0.545 0.49583333333333335 0.016666666666666666 0.058333333333333334
0 0.74 0.4816666666666667 0.04 0.04
0 0.7691666666666667 0.4741666666666667 0.035 0.035
0 0.5241666666666667 0.4725 0.021666666666666667 0.058333333333333334
0 0.7908333333333334 0.4708333333333333 0.03166666666666667 0.051666666666666666
0 0.6291666666666667 0.4666666666666667 0.045 0.03
0 0.7525 0.44583333333333336 0.03166666666666667 0.03166666666666667
0 0.36833333333333335 0.38666666666666666 0.02666666666666667 0.05333333333333334
0 0.2758333333333333 0.38083333333333336 0.018333333333333333 0.07833333333333334
0 0.24666666666666667 0.37916666666666665 0.03666666666666667 0.028333333333333332
0 0.2525 0.3441666666666667 0.018333333333333333 0.058333333333333334
0 0.23583333333333334 0.33416666666666667 0.015 0.06166666666666667
0 0.27166666666666667 0.32666666666666666 0.02666666666666667 0.07
0 0.205 0.315 0.04 0.05333333333333334
0 0.2425 0.2925 0.018333333333333333 0.058333333333333334
0 0.20583333333333334 0.305 0.041666666666666664 0.07
0 0.2625 0.28 0.021666666666666667 0.07
0 0.235 0.25916666666666666 0.023333333333333334 0.065
0 0.22166666666666668 0.2866666666666667 0.0033333333333333335 0.006666666666666667
0 0.8525 0.25083333333333335 0.03833333333333333 0.041666666666666664
0 0.20583333333333334 0.24583333333333332 0.025 0.08166666666666667
0 0.8025 0.2225 0.041666666666666664 0.03166666666666667
0 0.2125 0.24333333333333335 0.0016666666666666668 0.0033333333333333335
0 0.5066666666666667 0.8183333333333334 0.03666666666666667 0.03666666666666667
0 0.47833333333333333 0.8108333333333333 0.023333333333333334 0.06833333333333333
0 0.5308333333333334 0.81 0.03166666666666667 0.06
0 0.51 0.7908333333333334 0.03666666666666667 0.041666666666666664
0 0.46416666666666667 0.7691666666666667 0.018333333333333333 0.07166666666666667
0 0.5183333333333333 0.7541666666666667 0.04 0.03166666666666667
0 0.4666666666666667 0.7233333333333334 0.02 0.056666666666666664
0 0.5558333333333333 0.5633333333333334 0.025 0.06666666666666667
0 0.5366666666666666 0.5408333333333334 0.016666666666666666 0.07166666666666667
0 0.5516666666666666 0.5433333333333333 0.023333333333333334 0.08333333333333333
