0 0.5741666666666667 0.47583333333333333 0.018333333333333333 0.07833333333333334
0 0.5516666666666666 0.4875 0.013333333333333334 0.055
0 0.5908333333333333 0.4875 0.015 0.03833333333333333
0 0.6016666666666667 0.49416666666666664 0.016666666666666666 0.07166666666666667
0 0.5241666666666667 0.5091666666666667 0.018333333333333333 0.075
0 0.5641666666666667 0.5225 0.015 0.06166666666666667
0 0.54 0.5266666666666666 0.023333333333333334 0.06333333333333334
0 0.5891666666666666 0.5483333333333333 0.015 0.06333333333333334
0 0.5191666666666667 0.5433333333333333 0.015 0.05
0 0.5775 0.5508333333333333 0.015 0.06166666666666667
0 0.5383333333333333 0.5566666666666666 0.02 0.05
0 0.6008333333333333 0.5675 0.015 0.055
0 0.5641666666666667 0.5625 0.025 0.065
0 0.5375 0.5791666666666667 0.025 0.065
0 0.5666666666666667 0.6116666666666667 0.016666666666666666 0.05
0 0.5933333333333334 0.615 0.023333333333333334 0.04666666666666667
0 0.6116666666666667 0.6208333333333333 0.023333333333333334 0.04833333333333333
0 0.5908333333333333 0.6341666666666667 0.025 0.058333333333333334
0 0.5808333333333333 0.6458333333333334 0.018333333333333333 0.058333333333333334
0 0.6116666666666667 0.6633333333333333 0.016666666666666666 0.05333333333333334
0 0.6341666666666667 0.6708333333333333 0.021666666666666667 0.06166666666666667
0 0.625 0.6758333333333333 0.013333333333333334 0.06833333333333333
0 0.5758333333333333 0.68 0.021666666666666667 0.08
0 0.5983333333333334 0.6833333333333333 0.023333333333333334 0.05
0 0.6133333333333333 0.7108333333333333 0.013333333333333334 0.04833333333333333
0 0.595 0.7075 0.02 0.051666666666666666
0 0.5875 0.7391666666666666 0.011666666666666667 0.04833333333333333
0 0.6108333333333333 0.7575 0.018333333333333333 0.058333333333333334
0 0.6008333333333333 0.765 0.018333333333333333 0.06333333333333334
0 0.024166666666666666 0.9183333333333333 0.03833333333333333 0.08333333333333333
0 0.5383333333333333 0.27 0.023333333333333334 0.07333333333333333
0 0.5666666666666667 0.31333333333333335 0.02 0.056666666666666664
0 0.5383333333333333 0.3225 0.023333333333333334 0.06166666666666667
0 0.5558333333333333 0.325 0.018333333333333333 0.056666666666666664
0 0.545 0.36916666666666664 0.03666666666666667 0.055
0 0.5833333333333334 0.39916666666666667 0.03666666666666667 0.055
0 0.5566666666666666 0.42083333333333334 0.02 0.058333333333333334
0 0.5875 0.4375 0.021666666666666667 0.06166666666666667
0 0.5625 0.445 0.015 0.07333333333333333
0 0.5416666666666666 0.4483333333333333 0.016666666666666666 0.08333333333333333
