0 0.24583333333333332 0.5491666666666667 0.021666666666666667 0.055
0 0.25916666666666666 0.5466666666666666 0.03833333333333333 0.07
0 0.81 0.5366666666666666 0.03 0.06333333333333334
0 0.7866666666666666 0.5241666666666667 0.02666666666666667 0.055
0 0.8175 0.5166666666666667 0.028333333333333332 0.06333333333333334
0 0.855 0.5125 0.03333333333333333 0.07833333333333334
0 0.7625 0.5008333333333334 0.028333333333333332 0.06833333333333333
0 0.2675 0.4875 0.021666666666666667 0.065
0 0.7841666666666667 0.48833333333333334 0.025 0.03333333333333333
0 0.29083333333333333 0.4866666666666667 0.035 0.043333333333333335
0 0.7383333333333333 0.4825 0.03333333333333333 0.07833333333333334
0 0.8233333333333334 0.4741666666666667 0.02666666666666667 0.085
0 0.7875 0.46416666666666667 0.035 0.045
0 0.8025 0.4575 0.025 0.04833333333333333
0 0.7583333333333333 0.43916666666666665 0.02666666666666667 0.065
0 0.7333333333333333 0.43083333333333335 0.02666666666666667 0.058333333333333334
0 0.62 0.4008333333333333 0.03333333333333333 0.06833333333333333
0 0.61 0.34 0.02 0.08333333333333333
0 0.5925 0.2966666666666667 0.021666666666666667 0.06666666666666667
0 0.20666666666666667 0.9608333333333333 0.023333333333333334 0.06833333333333333
0 0.25833333333333336 0.2425 0.03 0.075
0 0.5 0.16333333333333333 0.03 0.07333333333333333
0 0.21416666666666667 0.015 0.03166666666666667 0.03
0 0.20583333333333334 0.9158333333333334 0.018333333333333333 0.06833333333333333
0 0.2175 0.8791666666666667 0.018333333333333333 0.085
0 0.2 0.7916666666666666 0.02666666666666667 0.07333333333333333
0 0.24166666666666667 0.7758333333333334 0.02 0.065
0 0.20166666666666666 0.7475 0.02666666666666667 0.065
0 0.255 0.74 0.023333333333333334 0.07666666666666666
0 0.7566666666666667 0.7425 0.04 0.058333333333333334
0 0.1825 0.735 0.015 0.06
0 0.22916666666666666 0.7191666666666666 0.021666666666666667 0.075
0 0.7825 0.7191666666666666 0.021666666666666667 0.075
0 0.19666666666666666 0.715 0.02 0.07
0 0.2475 0.7 0.018333333333333333 0.06666666666666667
0 0.86 0.6941666666666667 0.03666666666666667 0.035
0 0.17833333333333334 0.69 0.02 0.05
0 0.8358333333333333 0.6775 0.03833333333333333 0.035
0 0.7725 0.6758333333333333 0.021666666666666667 0.055
0 0.26 0.675 0.02 0.05
0 0.8025 0.6616666666666666 0.035 0.03666666666666667
0 0.8741666666666666 0.6583333333333333 0.03833333333333333 0.05
0 0.16416666666666666 0.6558333333333334 0.018333333333333333 0.075
0 0.7508333333333334 0.6566666666666666 0.021666666666666667 0.06666666666666667
0 0.19583333333333333 0.6525 0.025 0.065
0 0.9008333333333334 0.6516666666666666 0.035 0.04
0 0.2575 0.655 0.021666666666666667 0.08
0 0.9291666666666667 0.6433333333333333 0.028333333333333332 0.043333333333333335
0 0.855 0.6483333333333333 0.03666666666666667 0.03333333333333333
0 0.7691666666666667 0.64 0.03166666666666667 0.05333333333333334
0 0.2791666666666667 0.6291666666666667 0.028333333333333332 0.035
0 0.9033333333333333 0.6225 0.03 0.028333333333333332
0 0.7975 0.6175 0.025 0.051666666666666666
0 0.8666666666666667 0.6166666666666667 0.03333333333333333 0.03666666666666667
0 0.8475 0.6133333333333333 0.028333333333333332 0.04
0 0.7758333333333334 0.6058333333333333 0.03166666666666667 0.06166666666666667
0 0.9283333333333333 0.6116666666666667 0.03 0.04666666666666667
0 0.8225 0.6058333333333333 0.035 0.045
0 0.27416666666666667 0.6008333333333333 0.025 0.051666666666666666
0 0.8841666666666667 0.5991666666666666 0.035 0.03166666666666667
0 0.9933333333333333 0.5933333333333334 0.013333333333333334 0.07333333333333333
0 0.2991666666666667 0.5941666666666666 0.03833333333333333 0.03833333333333333
0 0.17083333333333334 0.5825 0.025 0.06166666666666667
0 0.7908333333333334 0.5658333333333333 0.028333333333333332 0.058333333333333334
0 0.7708333333333334 0.5616666666666666 0.028333333333333332 0.056666666666666664
0 0.8525 0.5583333333333333 0.03166666666666667 0.056666666666666664
0 0.3641666666666667 0.5566666666666666 0.035 0.05333333333333334
