0 0.5208333333333334 0.49583333333333335 0.018333333333333333 0.06833333333333333
0 0.5358333333333334 0.49666666666666665 0.021666666666666667 0.06666666666666667
0 0.5058333333333334 0.5158333333333334 0.018333333333333333 0.09166666666666666
0 0.5533333333333333 0.5291666666666667 0.02 0.08833333333333333
0 0.8041666666666667 0.5366666666666666 0.03166666666666667 0.056666666666666664
0 0.7775 0.5525 0.028333333333333332 0.06833333333333333
0 0.8141666666666667 0.5633333333333334 0.03166666666666667 0.06
0 0.5133333333333333 0.5633333333333334 0.02 0.06666666666666667
0 0.7866666666666666 0.5841666666666666 0.03333333333333333 0.03833333333333333
0 0.6875 0.6191666666666666 0.04833333333333333 0.035
0 0.2375 0.6908333333333333 0.021666666666666667 0.09166666666666666
0 0.3308333333333333 0.7091666666666666 0.03166666666666667 0.03166666666666667
0 0.21166666666666667 0.7158333333333333 0.03666666666666667 0.03166666666666667
0 0.18916666666666668 0.7575 0.025 0.058333333333333334
0 0.21083333333333334 0.7608333333333334 0.021666666666666667 0.06166666666666667
0 0.22916666666666666 0.7675 0.028333333333333332 0.07166666666666667
0 0.1475 0.7966666666666666 0.041666666666666664 0.06
0 0.215 0.8083333333333333 0.023333333333333334 0.05
0 0.19833333333333333 0.8066666666666666 0.02 0.07
0 0.16 0.8075 0.03666666666666667 0.04833333333333333
0 0.8866666666666667 0.8225 0.04 0.035
0 0.1875 0.8241666666666667 0.025 0.075
0 0.8416666666666667 0.8458333333333333 0.04 0.045
0 0.17833333333333334 0.8525 0.016666666666666666 0.065
0 0.16 0.8675 0.023333333333333334 0.08166666666666667
0 0.1675 0.9166666666666666 0.025 0.07
0 0.44583333333333336 0.11833333333333333 0.03166666666666667 0.06
0 0.45166666666666666 0.14833333333333334 0.02 0.07333333333333333
0 0.4266666666666667 0.1525 0.016666666666666666 0.07166666666666667
0 0.4716666666666667 0.17416666666666666 0.03 0.065
0 0.4425 0.19833333333333333 0.018333333333333333 0.07333333333333333
0 0.4658333333333333 0.22083333333333333 0.028333333333333332 0.06166666666666667
0 0.7708333333333334 0.2625 0.035 0.08166666666666667
0 0.4708333333333333 0.2733333333333333 0.03166666666666667 0.056666666666666664
0 0.7866666666666666 0.345 0.03 0.08333333333333333
0 0.5216666666666666 0.42583333333333334 0.04666666666666667 0.035
0 0.5125 0.445 0.04833333333333333 0.03666666666666667
