0 0.4675 0.3958333333333333 0.041666666666666664 0.13833333333333334
0 0.4666666666666667 0.2658333333333333 0.07333333333333333 0.07166666666666667
0 0.43333333333333335 0.19083333333333333 0.07333333333333333 0.058333333333333334
0 0.13333333333333333 0.16083333333333333 0.07 0.105
0 0.49166666666666664 0.13916666666666666 0.04 0.12833333333333333
0 0.22333333333333333 0.94 0.07666666666666666 0.08333333333333333
0 0.15833333333333333 0.9383333333333334 0.06333333333333334 0.11666666666666667
0 0.285 0.8908333333333334 0.07666666666666666 0.08166666666666667
0 0.36083333333333334 0.8116666666666666 0.06833333333333333 0.09
0 0.21333333333333335 0.8041666666666667 0.07 0.09166666666666666
0 0.4425 0.7825 0.075 0.06833333333333333
0 0.14 0.7666666666666667 0.04666666666666667 0.10333333333333333
0 0.1 0.7475 0.03666666666666667 0.10166666666666667
0 0.5333333333333333 0.6983333333333334 0.03 0.14
0 0.18166666666666667 0.685 0.08 0.05333333333333334
0 0.30916666666666665 0.9791666666666666 0.06166666666666667 0.041666666666666664
0 0.4816666666666667 0.6291666666666667 0.05 0.10833333333333334
0 0.595 0.5808333333333333 0.03666666666666667 0.145
