0 0.5716666666666667 0.7341666666666666 0.03 0.028333333333333332
0 0.5441666666666667 0.7458333333333333 0.03166666666666667 0.03166666666666667
0 0.2791666666666667 0.75 0.025 0.07333333333333333
0 0.30083333333333334 0.7591666666666667 0.035 0.045
0 0.5975 0.755 0.028333333333333332 0.03
0 0.49833333333333335 0.7633333333333333 0.03 0.03333333333333333
0 0.525 0.765 0.03333333333333333 0.03333333333333333
0 0.5558333333333333 0.7708333333333334 0.028333333333333332 0.028333333333333332
0 0.6225 0.77 0.025 0.05333333333333334
0 0.5383333333333333 0.7925 0.04 0.025
0 0.5833333333333334 0.7975 0.03666666666666667 0.03166666666666667
0 0.395 0.8058333333333333 0.02666666666666667 0.065
0 0.29833333333333334 0.8075 0.023333333333333334 0.055
0 0.6066666666666667 0.81 0.023333333333333334 0.02666666666666667
0 0.6258333333333334 0.8116666666666666 0.03166666666666667 0.04666666666666667
0 0.5775 0.8208333333333333 0.03166666666666667 0.03166666666666667
0 0.5991666666666666 0.8358333333333333 0.028333333333333332 0.03166666666666667
0 0.6316666666666667 0.84 0.03333333333333333 0.03
0 0.6425 0.8491666666666666 0.0016666666666666668 0.0016666666666666668
0 0.6158333333333333 0.8666666666666667 0.035 0.03333333333333333
0 0.20916666666666667 0.095 0.021666666666666667 0.06666666666666667
0 0.20666666666666667 0.03166666666666667 0.023333333333333334 0.06333333333333334
