0 0.4175 0.034166666666666665 0.035 0.041666666666666664
0 0.385 0.03333333333333333 0.03 0.06333333333333334
0 0.23166666666666666 0.49166666666666664 0.016666666666666666 0.06333333333333334
0 0.26 0.5075 0.016666666666666666 0.06166666666666667
0 0.24166666666666667 0.5233333333333333 0.02 0.06333333333333334
0 0.5391666666666667 0.0425 0.03166666666666667 0.03833333333333333
0 0.25083333333333335 0.03916666666666667 0.028333333333333332 0.045
0 0.3425 0.04083333333333333 0.018333333333333333 0.075
0 0.2708333333333333 0.041666666666666664 0.028333333333333332 0.04
0 0.20166666666666666 0.6025 0.02 0.065
0 0.5958333333333333 0.6366666666666667 0.035 0.06333333333333334
0 0.5775 0.71 0.021666666666666667 0.07333333333333333
0 0.6666666666666666 0.8 0.04 0.05
0 0.6166666666666667 0.8441666666666666 0.02666666666666667 0.03166666666666667
0 0.6541666666666667 0.8475 0.03833333333333333 0.055
0 0.49166666666666664 0.8591666666666666 0.03 0.08166666666666667
0 0.6258333333333334 0.8833333333333333 0.035 0.03333333333333333
0 0.6541666666666667 0.8825 0.025 0.07833333333333334
0 0.6225 0.9091666666666667 0.03833333333333333 0.035
0 0.58 0.9233333333333333 0.03 0.05
0 0.5275 0.08083333333333333 0.03166666666666667 0.041666666666666664
0 0.31833333333333336 0.08583333333333333 0.016666666666666666 0.075
0 0.28833333333333333 0.08166666666666667 0.03666666666666667 0.04
0 0.2325 0.08833333333333333 0.021666666666666667 0.06
0 0.25916666666666666 0.0875 0.028333333333333332 0.051666666666666666
0 0.5591666666666667 0.09333333333333334 0.045 0.03666666666666667
0 0.2816666666666667 0.1125 0.016666666666666666 0.041666666666666664
0 0.24833333333333332 0.1175 0.03 0.03833333333333333
0 0.29 0.12166666666666667 0.03333333333333333 0.06
0 0.5716666666666667 0.006666666666666667 0.03666666666666667 0.013333333333333334
0 0.65 0.13083333333333333 0.023333333333333334 0.085
0 0.25583333333333336 0.15166666666666667 0.028333333333333332 0.03666666666666667
0 0.235 0.15666666666666668 0.023333333333333334 0.06
0 0.65 0.155 0.016666666666666666 0.04
0 0.2916666666666667 0.16833333333333333 0.02 0.06333333333333334
0 0.25666666666666665 0.17916666666666667 0.02666666666666667 0.045
0 0.28 0.19 0.02 0.07333333333333333
0 0.6366666666666667 0.1975 0.02 0.06166666666666667
0 0.26166666666666666 0.21916666666666668 0.02666666666666667 0.051666666666666666
0 0.5933333333333334 0.018333333333333333 0.03666666666666667 0.03666666666666667
0 0.25 0.23 0.03 0.06
0 0.44333333333333336 0.0175 0.023333333333333334 0.035
0 0.54 0.015833333333333335 0.02666666666666667 0.03166666666666667
0 0.27666666666666667 0.013333333333333334 0.02 0.02666666666666667
0 0.2575 0.011666666666666667 0.035 0.023333333333333334
0 0.23583333333333334 0.26166666666666666 0.015 0.05333333333333334
0 0.25166666666666665 0.2633333333333333 0.02666666666666667 0.04666666666666667
0 0.35333333333333333 0.016666666666666666 0.02 0.03333333333333333
0 0.27416666666666667 0.2841666666666667 0.018333333333333333 0.075
0 0.25583333333333336 0.2966666666666667 0.028333333333333332 0.04666666666666667
0 0.5966666666666667 0.019166666666666665 0.03333333333333333 0.03833333333333333
0 0.215 0.315 0.023333333333333334 0.07
0 0.2525 0.33666666666666667 0.021666666666666667 0.06
0 0.31416666666666665 0.025 0.018333333333333333 0.05
0 0.26666666666666666 0.3375 0.03 0.041666666666666664
0 0.23416666666666666 0.3491666666666667 0.021666666666666667 0.07833333333333334
0 0.5683333333333334 0.3491666666666667 0.03333333333333333 0.041666666666666664
0 0.585 0.35083333333333333 0.03 0.06166666666666667
0 0.49166666666666664 0.35833333333333334 0.02 0.07333333333333333
0 0.5408333333333334 0.365 0.035 0.05333333333333334
0 0.25333333333333335 0.37416666666666665 0.023333333333333334 0.045
0 0.29333333333333333 0.02666666666666667 0.02 0.05333333333333334
0 0.2775 0.3933333333333333 0.028333333333333332 0.056666666666666664
0 0.5583333333333333 0.3933333333333333 0.02666666666666667 0.06
0 0.5366666666666666 0.4025 0.016666666666666666 0.04833333333333333
0 0.24 0.4075 0.02 0.04833333333333333
0 0.5641666666666667 0.028333333333333332 0.028333333333333332 0.04666666666666667
0 0.2675 0.41833333333333333 0.025 0.04666666666666667
0 0.25416666666666665 0.4166666666666667 0.021666666666666667 0.05333333333333334
0 0.5183333333333333 0.43416666666666665 0.023333333333333334 0.06166666666666667
0 0.24 0.44583333333333336 0.02 0.065
0 0.2683333333333333 0.45916666666666667 0.016666666666666666 0.04833333333333333
0 0.2841666666666667 0.4583333333333333 0.018333333333333333 0.06333333333333334
