0 0.7441666666666666 0.5625 0.03166666666666667 0.035
0 0.44666666666666666 0.5641666666666667 0.03333333333333333 0.03833333333333333
0 0.7616666666666667 0.5575 0.02666666666666667 0.041666666666666664
0 0.7066666666666667 0.5291666666666667 0.043333333333333335 0.03833333333333333
0 0.7833333333333333 0.5216666666666666 0.03333333333333333 0.03666666666666667
0 0.15833333333333333 0.059166666666666666 0.04666666666666667 0.045
0 0.775 0.6983333333333334 0.03333333333333333 0.056666666666666664
0 0.5066666666666667 0.6941666666666667 0.03 0.028333333333333332
0 0.4683333333333333 0.6883333333333334 0.03333333333333333 0.02666666666666667
0 0.4875 0.6758333333333333 0.03833333333333333 0.028333333333333332
0 0.82 0.6683333333333333 0.02 0.05
0 0.4241666666666667 0.6741666666666667 0.03833333333333333 0.03833333333333333
0 0.45166666666666666 0.6625 0.03333333333333333 0.028333333333333332
0 0.5241666666666667 0.6583333333333333 0.03166666666666667 0.04666666666666667
0 0.49083333333333334 0.6508333333333334 0.03833333333333333 0.028333333333333332
0 0.5466666666666666 0.6491666666666667 0.03 0.041666666666666664
0 0.7533333333333333 0.6408333333333334 0.02666666666666667 0.058333333333333334
0 0.7975 0.6366666666666667 0.028333333333333332 0.05
0 0.8075 0.6583333333333333 0.008333333333333333 0.0033333333333333335
0 0.4683333333333333 0.6333333333333333 0.03666666666666667 0.03666666666666667
0 0.5233333333333333 0.625 0.02666666666666667 0.05
0 0.43666666666666665 0.6266666666666667 0.02666666666666667 0.043333333333333335
0 0.65 0.6216666666666667 0.02 0.06666666666666667
0 0.505 0.6166666666666667 0.03333333333333333 0.04
0 0.4125 0.6175 0.03166666666666667 0.051666666666666666
0 0.5441666666666667 0.5941666666666666 0.03833333333333333 0.028333333333333332
0 0.775 0.595 0.03666666666666667 0.03666666666666667
0 0.42333333333333334 0.5775 0.03666666666666667 0.058333333333333334
0 0.4008333333333333 0.57 0.03166666666666667 0.056666666666666664
