0 0.38333333333333336 0.4708333333333333 0.05 0.025
0 0.36333333333333334 0.9783333333333334 0.03333333333333333 0.043333333333333335
0 0.33416666666666667 0.9775 0.021666666666666667 0.045
0 0.38666666666666666 0.4166666666666667 0.023333333333333334 0.08333333333333333
0 0.35583333333333333 0.9566666666666667 0.028333333333333332 0.07333333333333333
0 0.365 0.9983333333333333 0.0033333333333333335 0.0033333333333333335
0 0.3458333333333333 0.9708333333333333 0.0016666666666666668 0.0016666666666666668
0 0.34 0.9308333333333333 0.016666666666666666 0.051666666666666666
0 0.8716666666666667 0.91 0.043333333333333335 0.05
0 0.37916666666666665 0.8991666666666667 0.015 0.07166666666666667
0 0.33416666666666667 0.8583333333333333 0.0016666666666666668 0.0033333333333333335
0 0.9766666666666667 0.8725 0.02666666666666667 0.07166666666666667
0 0.8733333333333333 0.87 0.03666666666666667 0.06666666666666667
0 0.9083333333333333 0.8616666666666667 0.043333333333333335 0.04666666666666667
0 0.3383333333333333 0.86 0.03 0.043333333333333335
0 0.9075 0.8608333333333333 0.041666666666666664 0.04833333333333333
0 0.3225 0.8191666666666667 0.0016666666666666668 0.0016666666666666668
0 0.30333333333333334 0.8241666666666667 0.03 0.028333333333333332
0 0.325 0.8241666666666667 0.023333333333333334 0.03833333333333333
0 0.355 0.82 0.02 0.03333333333333333
0 0.2925 0.8183333333333334 0.03166666666666667 0.03666666666666667
0 0.9216666666666666 0.8033333333333333 0.02666666666666667 0.06666666666666667
0 0.3325 0.785 0.015 0.03666666666666667
0 0.3516666666666667 0.7791666666666667 0.016666666666666666 0.045
0 0.36083333333333334 0.7808333333333334 0.035 0.04833333333333333
0 0.31916666666666665 0.7816666666666666 0.021666666666666667 0.05333333333333334
0 0.9533333333333334 0.7783333333333333 0.04 0.04666666666666667
0 0.4658333333333333 0.7666666666666667 0.03166666666666667 0.06
0 0.315 0.9925 0.016666666666666666 0.015
0 0.3475 0.7525 0.015 0.065
0 0.9366666666666666 0.745 0.043333333333333335 0.043333333333333335
0 0.3616666666666667 0.735 0.013333333333333334 0.056666666666666664
0 0.915 0.7316666666666667 0.04 0.04
0 0.38083333333333336 0.7275 0.025 0.051666666666666666
0 0.975 0.7183333333333334 0.04 0.04
0 0.325 0.7033333333333334 0.03 0.06
0 0.37416666666666665 0.6991666666666667 0.018333333333333333 0.06166666666666667
0 0.9325 0.6933333333333334 0.04833333333333333 0.03666666666666667
0 0.3933333333333333 0.6883333333333334 0.02666666666666667 0.03
0 0.3333333333333333 0.9916666666666667 0.02 0.016666666666666666
0 0.4725 0.6833333333333333 0.03833333333333333 0.03666666666666667
0 0.3675 0.6708333333333333 0.018333333333333333 0.065
0 0.3875 0.6425 0.0016666666666666668 0.0016666666666666668
