0 0.15833333333333333 0.06833333333333333 0.02 0.06
0 0.17583333333333334 0.11166666666666666 0.021666666666666667 0.04666666666666667
0 0.1375 0.10916666666666666 0.018333333333333333 0.045
0 0.1525 0.12416666666666666 0.015 0.045
0 0.19333333333333333 0.1475 0.02666666666666667 0.065
0 0.165 0.15416666666666667 0.02666666666666667 0.051666666666666666
0 0.17416666666666666 0.16666666666666666 0.018333333333333333 0.05333333333333334
0 0.1475 0.17 0.018333333333333333 0.04666666666666667
0 0.19833333333333333 0.17666666666666667 0.02 0.05
0 0.16166666666666665 0.20333333333333334 0.016666666666666666 0.03666666666666667
0 0.17583333333333334 0.22583333333333333 0.025 0.055
0 0.2075 0.22833333333333333 0.015 0.043333333333333335
0 0.19416666666666665 0.225 0.021666666666666667 0.056666666666666664
0 0.22416666666666665 0.23916666666666667 0.018333333333333333 0.065
0 0.145 0.27416666666666667 0.03666666666666667 0.028333333333333332
0 0.205 0.2808333333333333 0.023333333333333334 0.058333333333333334
0 0.17416666666666666 0.2916666666666667 0.035 0.02666666666666667
0 0.14083333333333334 0.31916666666666665 0.035 0.035
