0 0.17583333333333334 0.5316666666666666 0.018333333333333333 0.056666666666666664
0 0.9166666666666666 0.5241666666666667 0.04 0.035
0 0.11833333333333333 0.5208333333333334 0.02666666666666667 0.045
0 0.7583333333333333 0.5125 0.03 0.065
0 0.8641666666666666 0.5125 0.035 0.03833333333333333
0 0.095 0.5033333333333333 0.023333333333333334 0.06666666666666667
0 0.18833333333333332 0.5008333333333334 0.02 0.06833333333333333
0 0.17833333333333334 0.4791666666666667 0.023333333333333334 0.055
0 0.20333333333333334 0.45666666666666667 0.02666666666666667 0.06666666666666667
0 0.14666666666666667 0.4525 0.03 0.075
0 0.08333333333333333 0.43916666666666665 0.023333333333333334 0.058333333333333334
0 0.17916666666666667 0.43583333333333335 0.018333333333333333 0.035
0 0.19583333333333333 0.425 0.025 0.05333333333333334
0 0.85 0.4216666666666667 0.03666666666666667 0.05
0 0.19333333333333333 0.39666666666666667 0.023333333333333334 0.04666666666666667
0 0.8433333333333334 0.38166666666666665 0.03333333333333333 0.03333333333333333
0 0.21916666666666668 0.3775 0.028333333333333332 0.051666666666666666
0 0.23666666666666666 0.36583333333333334 0.023333333333333334 0.035
0 0.19333333333333333 0.3616666666666667 0.02666666666666667 0.03
0 0.8758333333333334 0.345 0.021666666666666667 0.06333333333333334
0 0.8525 0.3383333333333333 0.03166666666666667 0.04666666666666667
0 0.205 0.335 0.04 0.02666666666666667
0 0.24666666666666667 0.3225 0.04666666666666667 0.041666666666666664
0 0.21666666666666667 0.30833333333333335 0.03333333333333333 0.03333333333333333
0 0.8616666666666667 0.30583333333333335 0.02666666666666667 0.03833333333333333
0 0.245 0.2925 0.04 0.03833333333333333
0 0.8508333333333333 0.2816666666666667 0.018333333333333333 0.06333333333333334
0 0.8733333333333333 0.26166666666666666 0.01 0.04
0 0.8633333333333333 0.2608333333333333 0.016666666666666666 0.06166666666666667
0 0.8433333333333334 0.24416666666666667 0.013333333333333334 0.035
0 0.8541666666666666 0.22166666666666668 0.015 0.03666666666666667
0 0.7291666666666666 0.215 0.025 0.056666666666666664
0 0.835 0.21833333333333332 0.02 0.05
0 0.8658333333333333 0.2125 0.018333333333333333 0.058333333333333334
0 0.85 0.18916666666666668 0.02 0.058333333333333334
0 0.7158333333333333 0.18083333333333335 0.03166666666666667 0.03166666666666667
0 0.74 0.18416666666666667 0.03 0.055
0 0.7491666666666666 0.17666666666666667 0.025 0.05
0 0.7933333333333333 0.16833333333333333 0.02 0.07666666666666666
0 0.8591666666666666 0.15666666666666668 0.015 0.05333333333333334
0 0.7508333333333334 0.15 0.025 0.03333333333333333
0 0.8383333333333334 0.15083333333333335 0.02 0.051666666666666666
0 0.7258333333333333 0.145 0.025 0.03333333333333333
0 0.85 0.12916666666666668 0.016666666666666666 0.051666666666666666
0 0.8433333333333334 0.1025 0.02 0.055
0 0.8266666666666667 0.09 0.023333333333333334 0.06333333333333334
0 0.8141666666666667 0.0925 0.028333333333333332 0.06166666666666667
0 0.8475 0.08 0.035 0.06
0 0.6975 0.058333333333333334 0.025 0.06333333333333334
0 0.8216666666666667 0.02666666666666667 0.03 0.04
0 0.7991666666666667 0.025833333333333333 0.03833333333333333 0.051666666666666666
0 0.295 0.9841666666666666 0.013333333333333334 0.03166666666666667
0 0.25 0.7883333333333333 0.02 0.03333333333333333
0 0.22583333333333333 0.7566666666666667 0.025 0.056666666666666664
0 0.24416666666666667 0.7525 0.018333333333333333 0.045
0 0.2875 0.7308333333333333 0.021666666666666667 0.07166666666666667
0 0.22416666666666665 0.7091666666666666 0.021666666666666667 0.07833333333333334
0 0.6758333333333333 0.6716666666666666 0.035 0.04666666666666667
0 0.20333333333333334 0.6675 0.02 0.08833333333333333
0 0.845 0.6658333333333334 0.02666666666666667 0.051666666666666666
0 0.03666666666666667 0.665 0.03333333333333333 0.04
0 0.29 0.9666666666666667 0.02666666666666667 0.06666666666666667
0 0.8441666666666666 0.6216666666666667 0.018333333333333333 0.056666666666666664
0 0.8633333333333333 0.6075 0.01 0.025
0 0.1875 0.5975 0.021666666666666667 0.065
0 0.5366666666666666 0.5916666666666667 0.03666666666666667 0.03333333333333333
0 0.8641666666666666 0.5825 0.03166666666666667 0.055
0 0.15666666666666668 0.5808333333333333 0.02666666666666667 0.041666666666666664
0 0.12 0.5725 0.02666666666666667 0.051666666666666666
0 0.19333333333333333 0.5716666666666667 0.02 0.06333333333333334
0 0.8383333333333334 0.565 0.023333333333333334 0.06333333333333334
0 0.8558333333333333 0.5591666666666667 0.018333333333333333 0.055
0 0.13833333333333334 0.5466666666666666 0.02 0.07
