0 0.5625 0.48583333333333334 0.018333333333333333 0.065
0 0.5941666666666666 0.5 0.018333333333333333 0.08333333333333333
0 0.8233333333333334 0.5 0.04 0.043333333333333335
0 0.84 0.515 0.03333333333333333 0.05333333333333334
0 0.5416666666666666 0.5166666666666667 0.02 0.07
0 0.7725 0.5183333333333333 0.035 0.04666666666666667
0 0.8058333333333333 0.54 0.035 0.043333333333333335
0 0.68 0.5525 0.043333333333333335 0.04833333333333333
0 0.26416666666666666 0.635 0.021666666666666667 0.08333333333333333
0 0.23416666666666666 0.645 0.03833333333333333 0.03
0 0.365 0.6483333333333333 0.02 0.06
0 0.23833333333333334 0.6833333333333333 0.02 0.06
0 0.22 0.6925 0.02 0.06166666666666667
0 0.9416666666666667 0.6891666666666667 0.023333333333333334 0.095
0 0.26 0.7075 0.02666666666666667 0.065
0 0.18166666666666667 0.7175 0.04 0.051666666666666666
0 0.185 0.7258333333333333 0.043333333333333335 0.06833333333333333
0 0.23 0.7366666666666667 0.02 0.06333333333333334
0 0.21666666666666667 0.7525 0.023333333333333334 0.06833333333333333
0 0.25083333333333335 0.7491666666666666 0.018333333333333333 0.058333333333333334
0 0.9125 0.77 0.035 0.04666666666666667
0 0.9525 0.7716666666666666 0.028333333333333332 0.09666666666666666
0 0.20583333333333334 0.7833333333333333 0.021666666666666667 0.056666666666666664
0 0.18666666666666668 0.7908333333333334 0.023333333333333334 0.08166666666666667
0 0.8516666666666667 0.795 0.04 0.05
0 0.19333333333333333 0.8433333333333334 0.02666666666666667 0.07
0 0.49416666666666664 0.13166666666666665 0.03166666666666667 0.043333333333333335
0 0.47583333333333333 0.13 0.025 0.07333333333333333
0 0.5191666666666667 0.135 0.03166666666666667 0.043333333333333335
0 0.5083333333333333 0.17666666666666667 0.03666666666666667 0.04666666666666667
0 0.4708333333333333 0.18416666666666667 0.018333333333333333 0.055
0 0.4791666666666667 0.21333333333333335 0.021666666666666667 0.08
0 0.52 0.22333333333333333 0.043333333333333335 0.03333333333333333
0 0.5675 0.3825 0.035 0.06833333333333333
0 0.5691666666666667 0.4141666666666667 0.028333333333333332 0.085
0 0.5525 0.44666666666666666 0.018333333333333333 0.06333333333333334
0 0.5366666666666666 0.46 0.02 0.08333333333333333
