0 0.47333333333333333 0.5308333333333334 0.02666666666666667 0.035
0 0.44166666666666665 0.5216666666666666 0.016666666666666666 0.056666666666666664
0 0.43416666666666665 0.49916666666666665 0.018333333333333333 0.055
0 0.4141666666666667 0.49166666666666664 0.018333333333333333 0.07
0 0.6383333333333333 0.9541666666666667 0.016666666666666666 0.065
0 0.42916666666666664 0.5058333333333334 0.0016666666666666668 0.0016666666666666668
0 0.4575 0.4666666666666667 0.018333333333333333 0.06666666666666667
0 0.44583333333333336 0.4508333333333333 0.011666666666666667 0.055
0 0.44083333333333335 0.44666666666666666 0.018333333333333333 0.05333333333333334
0 0.3908333333333333 0.43333333333333335 0.018333333333333333 0.07
0 0.41833333333333333 0.42916666666666664 0.016666666666666666 0.058333333333333334
0 0.4266666666666667 0.4141666666666667 0.013333333333333334 0.06166666666666667
0 0.4625 0.4033333333333333 0.015 0.07
0 0.4483333333333333 0.3925 0.013333333333333334 0.06166666666666667
0 0.41 0.3825 0.016666666666666666 0.06833333333333333
0 0.43416666666666665 0.3825 0.015 0.058333333333333334
0 0.4225 0.375 0.015 0.05333333333333334
0 0.4608333333333333 0.3425 0.015 0.051666666666666666
0 0.4475 0.345 0.018333333333333333 0.04666666666666667
0 0.6225 0.9433333333333334 0.025 0.07333333333333333
0 0.43333333333333335 0.34 0.02666666666666667 0.03666666666666667
0 0.4 0.31833333333333336 0.023333333333333334 0.05333333333333334
0 0.38 0.3175 0.013333333333333334 0.04833333333333333
0 0.435 0.31416666666666665 0.023333333333333334 0.035
0 0.42916666666666664 0.2991666666666667 0.025 0.058333333333333334
0 0.45666666666666667 0.2991666666666667 0.023333333333333334 0.045
0 0.3975 0.2966666666666667 0.025 0.04666666666666667
0 0.37 0.2866666666666667 0.02 0.07666666666666666
0 0.4241666666666667 0.27416666666666667 0.025 0.045
0 0.455 0.2708333333333333 0.023333333333333334 0.041666666666666664
0 0.3975 0.2733333333333333 0.025 0.043333333333333335
0 0.3875 0.25416666666666665 0.018333333333333333 0.045
0 0.42916666666666664 0.24 0.028333333333333332 0.04
0 0.4608333333333333 0.24083333333333334 0.025 0.028333333333333332
0 0.41333333333333333 0.23666666666666666 0.02666666666666667 0.03666666666666667
0 0.37083333333333335 0.22833333333333333 0.025 0.05
0 0.45666666666666667 0.22583333333333333 0.02666666666666667 0.025
0 0.39666666666666667 0.21166666666666667 0.02666666666666667 0.04666666666666667
0 0.42083333333333334 0.20833333333333334 0.021666666666666667 0.03333333333333333
0 0.4241666666666667 0.18583333333333332 0.028333333333333332 0.035
0 0.44416666666666665 0.13333333333333333 0.03166666666666667 0.06666666666666667
0 0.47333333333333333 0.08833333333333333 0.02666666666666667 0.07333333333333333
0 0.4816666666666667 0.030833333333333334 0.023333333333333334 0.055
0 0.7541666666666667 0.905 0.028333333333333332 0.03666666666666667
0 0.5008333333333334 0.016666666666666666 0.021666666666666667 0.03333333333333333
0 0.45166666666666666 0.8983333333333333 0.03666666666666667 0.03
0 0.39 0.8883333333333333 0.03333333333333333 0.04
0 0.755 0.8916666666666667 0.03 0.06333333333333334
0 0.4166666666666667 0.8741666666666666 0.03333333333333333 0.028333333333333332
0 0.45166666666666666 0.85 0.03 0.02666666666666667
0 0.4325 0.845 0.03166666666666667 0.04
0 0.4675 0.83 0.035 0.02666666666666667
0 0.18166666666666667 0.7983333333333333 0.023333333333333334 0.02666666666666667
0 0.315 0.7883333333333333 0.03 0.04
0 0.2075 0.7841666666666667 0.035 0.025
0 0.2966666666666667 0.7716666666666666 0.03333333333333333 0.02666666666666667
0 0.17916666666666667 0.7733333333333333 0.028333333333333332 0.02666666666666667
0 0.155 0.77 0.02666666666666667 0.06
0 0.1375 0.7691666666666667 0.018333333333333333 0.058333333333333334
0 0.33166666666666667 0.7608333333333334 0.03333333333333333 0.028333333333333332
0 0.16416666666666666 0.7608333333333334 0.021666666666666667 0.015
0 0.6316666666666667 0.7591666666666667 0.03 0.04833333333333333
0 0.3625 0.75 0.025 0.03333333333333333
0 0.38 0.7541666666666667 0.03 0.021666666666666667
0 0.3075 0.745 0.035 0.03333333333333333
0 0.825 0.9783333333333334 0.04 0.03333333333333333
0 0.1225 0.7425 0.015 0.041666666666666664
0 0.34 0.7341666666666666 0.02666666666666667 0.035
0 0.4041666666666667 0.7291666666666666 0.018333333333333333 0.021666666666666667
0 0.39166666666666666 0.7275 0.03333333333333333 0.03166666666666667
0 0.36 0.7233333333333334 0.016666666666666666 0.056666666666666664
0 0.38 0.74 0.0033333333333333335 0.0033333333333333335
0 0.37583333333333335 0.71 0.018333333333333333 0.05
0 0.41083333333333333 0.7025 0.028333333333333332 0.028333333333333332
0 0.11916666666666667 0.7058333333333333 0.015 0.04833333333333333
0 0.43416666666666665 0.6975 0.021666666666666667 0.03166666666666667
0 0.13083333333333333 0.6941666666666667 0.015 0.03833333333333333
0 0.4166666666666667 0.6791666666666667 0.02666666666666667 0.028333333333333332
0 0.395 0.6775 0.02666666666666667 0.025
0 0.1175 0.6725 0.021666666666666667 0.045
0 0.43583333333333335 0.6566666666666666 0.015 0.06666666666666667
0 0.4475 0.65 0.015 0.06
0 0.45416666666666666 0.6483333333333333 0.025 0.06
0 0.13416666666666666 0.6433333333333333 0.021666666666666667 0.056666666666666664
0 0.47583333333333333 0.6266666666666667 0.021666666666666667 0.05333333333333334
0 0.47 0.5975 0.02666666666666667 0.045
0 0.1475 0.5958333333333333 0.041666666666666664 0.045
0 0.45 0.5775 0.03666666666666667 0.03833333333333333
0 0.41333333333333333 0.57 0.02 0.06666666666666667
0 0.4275 0.5691666666666667 0.021666666666666667 0.041666666666666664
0 0.495 0.5533333333333333 0.023333333333333334 0.05
0 0.4841666666666667 0.5525 0.025 0.04833333333333333
0 0.43333333333333335 0.5491666666666667 0.02 0.045
0 0.5133333333333333 0.5383333333333333 0.02 0.05
0 0.4533333333333333 0.535 0.016666666666666666 0.05333333333333334
