0 0.5441666666666667 0.5325 0.021666666666666667 0.058333333333333334
0 0.5083333333333333 0.525 0.02 0.05
0 0.5141666666666667 0.5025 0.018333333333333333 0.051666666666666666
0 0.32666666666666666 0.4975 0.023333333333333334 0.06833333333333333
0 0.35083333333333333 0.4975 0.015 0.055
0 0.5391666666666667 0.49083333333333334 0.025 0.04833333333333333
0 0.3641666666666667 0.4725 0.015 0.08166666666666667
0 0.5208333333333334 0.4766666666666667 0.021666666666666667 0.06
0 0.475 0.4716666666666667 0.016666666666666666 0.06
0 0.4875 0.4725 0.018333333333333333 0.055
0 0.35333333333333333 0.44583333333333336 0.023333333333333334 0.051666666666666666
0 0.5016666666666667 0.4483333333333333 0.013333333333333334 0.056666666666666664
0 0.3775 0.44666666666666666 0.015 0.06333333333333334
0 0.4891666666666667 0.43916666666666665 0.015 0.055
0 0.5325 0.44 0.025 0.043333333333333335
0 0.5216666666666666 0.43583333333333335 0.016666666666666666 0.041666666666666664
0 0.46416666666666667 0.42833333333333334 0.015 0.06
0 0.4116666666666667 0.43333333333333335 0.016666666666666666 0.04666666666666667
0 0.4533333333333333 0.41583333333333333 0.013333333333333334 0.06166666666666667
0 0.4766666666666667 0.4091666666666667 0.02 0.065
0 0.3541666666666667 0.4083333333333333 0.025 0.043333333333333335
0 0.4275 0.4058333333333333 0.015 0.06166666666666667
0 0.505 0.4058333333333333 0.016666666666666666 0.058333333333333334
0 0.4816666666666667 0.41 0.016666666666666666 0.06333333333333334
0 0.41 0.39666666666666667 0.023333333333333334 0.056666666666666664
0 0.37083333333333335 0.38916666666666666 0.015 0.065
0 0.445 0.3958333333333333 0.02 0.058333333333333334
0 0.49083333333333334 0.38416666666666666 0.015 0.055
0 0.525 0.3775 0.016666666666666666 0.051666666666666666
0 0.5091666666666667 0.375 0.021666666666666667 0.04666666666666667
0 0.4666666666666667 0.3625 0.016666666666666666 0.06166666666666667
0 0.385 0.3616666666666667 0.016666666666666666 0.06
0 0.4375 0.355 0.015 0.07
0 0.4083333333333333 0.3541666666666667 0.023333333333333334 0.065
0 0.4 0.3491666666666667 0.02 0.058333333333333334
0 0.48 0.3475 0.013333333333333334 0.055
0 0.42833333333333334 0.3408333333333333 0.016666666666666666 0.06833333333333333
0 0.49833333333333335 0.3458333333333333 0.013333333333333334 0.03166666666666667
0 0.5275 0.33 0.015 0.056666666666666664
0 0.4608333333333333 0.325 0.018333333333333333 0.07
0 0.44916666666666666 0.32166666666666666 0.015 0.07333333333333333
0 0.5133333333333333 0.32666666666666666 0.016666666666666666 0.06666666666666667
0 0.5 0.3175 0.03 0.055
0 0.4816666666666667 0.295 0.03 0.056666666666666664
0 0.53 0.2875 0.03333333333333333 0.045
0 0.4875 0.25666666666666665 0.025 0.03666666666666667
0 0.8583333333333333 0.19416666666666665 0.02 0.055
0 0.8441666666666666 0.1575 0.018333333333333333 0.058333333333333334
0 0.86 0.14083333333333334 0.016666666666666666 0.055
0 0.8383333333333334 0.1075 0.023333333333333334 0.058333333333333334
0 0.88 0.09666666666666666 0.016666666666666666 0.04666666666666667
0 0.8575 0.09083333333333334 0.018333333333333333 0.058333333333333334
0 0.8716666666666667 0.09 0.023333333333333334 0.04666666666666667
0 0.895 0.06666666666666667 0.02 0.043333333333333335
0 0.9141666666666667 0.051666666666666666 0.021666666666666667 0.04666666666666667
0 0.8758333333333334 0.04583333333333333 0.021666666666666667 0.051666666666666666
0 0.865 0.0325 0.03 0.065
0 0.8933333333333333 0.0325 0.023333333333333334 0.051666666666666666
0 0.9133333333333333 0.021666666666666667 0.023333333333333334 0.043333333333333335
0 0.865 0.0125 0.03 0.025
0 0.315 0.6316666666666667 0.016666666666666666 0.06666666666666667
0 0.33 0.6075 0.02 0.065
0 0.32666666666666666 0.5691666666666667 0.02 0.055
0 0.30916666666666665 0.5683333333333334 0.021666666666666667 0.07333333333333333
0 0.35 0.5558333333333333 0.016666666666666666 0.058333333333333334
0 0.33916666666666667 0.5375 0.018333333333333333 0.058333333333333334
