0 0.6275 0.5758333333333333 0.03833333333333333 0.041666666666666664
0 0.5958333333333333 0.5716666666666667 0.03166666666666667 0.03
0 0.48833333333333334 0.57 0.03666666666666667 0.03666666666666667
0 0.25083333333333335 0.565 0.035 0.07333333333333333
0 0.5483333333333333 0.5475 0.02666666666666667 0.045
0 0.405 0.5491666666666667 0.02666666666666667 0.06833333333333333
0 0.5691666666666667 0.5458333333333333 0.025 0.07166666666666667
0 0.5183333333333333 0.5366666666666666 0.03 0.06
0 0.28833333333333333 0.5266666666666666 0.03666666666666667 0.043333333333333335
0 0.6183333333333333 0.5275 0.04 0.055
0 0.6433333333333333 0.515 0.03333333333333333 0.056666666666666664
0 0.6116666666666667 0.49666666666666665 0.02666666666666667 0.05
0 0.31 0.49083333333333334 0.03333333333333333 0.03166666666666667
0 0.2925 0.48833333333333334 0.025 0.04666666666666667
0 0.37166666666666665 0.46416666666666667 0.03666666666666667 0.06166666666666667
0 0.38916666666666666 0.4625 0.03833333333333333 0.06166666666666667
0 0.26666666666666666 0.45666666666666667 0.03666666666666667 0.03666666666666667
0 0.8891666666666667 0.0125 0.018333333333333333 0.025
0 0.5416666666666666 0.63 0.03 0.03
0 0.5866666666666667 0.6241666666666666 0.03 0.028333333333333332
0 0.5658333333333333 0.6133333333333333 0.03166666666666667 0.03333333333333333
0 0.23 0.6141666666666666 0.02 0.058333333333333334
0 0.485 0.6083333333333333 0.03333333333333333 0.05
0 0.6225 0.6083333333333333 0.03833333333333333 0.043333333333333335
0 0.5908333333333333 0.5958333333333333 0.035 0.03166666666666667
0 0.31916666666666665 0.6008333333333333 0.035 0.07166666666666667
0 0.5191666666666667 0.5875 0.035 0.06166666666666667
0 0.5558333333333333 0.5858333333333333 0.035 0.03166666666666667
0 0.2525 0.5808333333333333 0.03166666666666667 0.06166666666666667
