0 0.7225 0.3475 0.08166666666666667 0.055
0 0.25333333333333335 0.2941666666666667 0.07666666666666666 0.065
0 0.19416666666666665 0.17666666666666667 0.06833333333333333 0.09333333333333334
0 0.44916666666666666 0.1625 0.075 0.058333333333333334
0 0.38333333333333336 0.1275 0.056666666666666664 0.10833333333333334
0 0.27166666666666667 0.1175 0.07666666666666666 0.055
0 0.165 0.058333333333333334 0.08333333333333333 0.06
0 0.2925 0.0475 0.07166666666666667 0.051666666666666666
0 0.23916666666666667 0.03833333333333333 0.035 0.07666666666666666
0 0.6108333333333333 0.016666666666666666 0.03166666666666667 0.03333333333333333
0 0.6425 0.013333333333333334 0.03166666666666667 0.02666666666666667
0 0.45666666666666667 0.8991666666666667 0.06 0.105
0 0.36583333333333334 0.8933333333333333 0.085 0.06333333333333334
0 0.37 0.995 0.023333333333333334 0.01
0 0.535 0.735 0.056666666666666664 0.11
0 0.5858333333333333 0.7058333333333333 0.055 0.09833333333333333
0 0.5258333333333334 0.6216666666666667 0.075 0.05333333333333334
0 0.7266666666666667 0.6091666666666666 0.06333333333333334 0.115
0 0.3225 0.97 0.08166666666666667 0.06
0 0.8683333333333333 0.97 0.03666666666666667 0.06
