0 0.6008333333333333 0.4666666666666667 0.028333333333333332 0.023333333333333334
0 0.6383333333333333 0.4708333333333333 0.02666666666666667 0.03833333333333333
0 0.27416666666666667 0.4708333333333333 0.03833333333333333 0.035
0 0.61 0.49333333333333335 0.03 0.03
0 0.6425 0.49916666666666665 0.035 0.028333333333333332
0 0.49166666666666664 0.5075 0.02666666666666667 0.045
0 0.6291666666666667 0.5166666666666667 0.035 0.03333333333333333
0 0.5241666666666667 0.52 0.021666666666666667 0.03
0 0.5841666666666666 0.5208333333333334 0.028333333333333332 0.025
0 0.5625 0.5225 0.035 0.041666666666666664
0 0.5458333333333333 0.5266666666666666 0.025 0.03666666666666667
0 0.6175 0.5325 0.028333333333333332 0.03166666666666667
0 0.6108333333333333 0.5466666666666666 0.03166666666666667 0.023333333333333334
0 0.5008333333333334 0.5525 0.028333333333333332 0.03166666666666667
0 0.5225 0.5516666666666666 0.028333333333333332 0.03333333333333333
0 0.5441666666666667 0.5516666666666666 0.03166666666666667 0.03333333333333333
0 0.5716666666666667 0.555 0.02666666666666667 0.023333333333333334
0 0.5966666666666667 0.5558333333333333 0.03333333333333333 0.03833333333333333
0 0.5816666666666667 0.5766666666666667 0.03666666666666667 0.023333333333333334
0 0.5541666666666667 0.5866666666666667 0.035 0.03
0 0.5316666666666666 0.59 0.02666666666666667 0.03333333333333333
0 0.5141666666666667 0.75 0.005 0.01
0 0.9433333333333334 0.008333333333333333 0.03 0.016666666666666666
0 0.6441666666666667 0.24333333333333335 0.021666666666666667 0.04666666666666667
0 0.645 0.2833333333333333 0.0033333333333333335 0.0033333333333333335
0 0.9775 0.021666666666666667 0.03166666666666667 0.03333333333333333
0 0.62 0.2808333333333333 0.016666666666666666 0.04833333333333333
0 0.6575 0.2925 0.015 0.06166666666666667
0 0.6391666666666667 0.30083333333333334 0.018333333333333333 0.051666666666666666
0 0.6775 0.30833333333333335 0.021666666666666667 0.04
0 0.6083333333333333 0.305 0.013333333333333334 0.03666666666666667
0 0.7 0.31333333333333335 0.03333333333333333 0.03333333333333333
0 0.655 0.31 0.016666666666666666 0.03333333333333333
0 0.625 0.3333333333333333 0.02 0.056666666666666664
0 0.9558333333333333 0.030833333333333334 0.035 0.03166666666666667
0 0.6816666666666666 0.3425 0.023333333333333334 0.041666666666666664
0 0.6416666666666667 0.3433333333333333 0.013333333333333334 0.043333333333333335
0 0.6208333333333333 0.3441666666666667 0.025 0.03833333333333333
0 0.7058333333333333 0.34833333333333333 0.03166666666666667 0.056666666666666664
0 0.9875 0.0325 0.025 0.03166666666666667
0 0.6566666666666666 0.35333333333333333 0.02 0.05333333333333334
0 0.615 0.3725 0.02666666666666667 0.03166666666666667
0 0.69 0.37666666666666665 0.03 0.02666666666666667
0 0.6575 0.3775 0.018333333333333333 0.045
0 0.6383333333333333 0.38416666666666666 0.023333333333333334 0.045
0 0.6475 0.3858333333333333 0.021666666666666667 0.041666666666666664
0 0.7083333333333334 0.3883333333333333 0.03 0.04
0 0.6783333333333333 0.3933333333333333 0.02666666666666667 0.02
0 0.6225 0.39916666666666667 0.028333333333333332 0.028333333333333332
0 0.6666666666666666 0.415 0.02666666666666667 0.03
0 0.6991666666666667 0.4225 0.035 0.041666666666666664
0 0.7175 0.4225 0.028333333333333332 0.03833333333333333
0 0.6525 0.42333333333333334 0.03166666666666667 0.03
0 0.6258333333333334 0.4241666666666667 0.028333333333333332 0.025
0 0.24166666666666667 0.425 0.03 0.05
0 0.6475 0.44666666666666666 0.03166666666666667 0.02666666666666667
0 0.6141666666666666 0.4608333333333333 0.03166666666666667 0.035
0 0.685 0.46 0.03333333333333333 0.043333333333333335
