0 0.31 0.4508333333333333 0.03 0.04833333333333333
0 0.45416666666666666 0.46 0.015 0.05
0 0.4875 0.4558333333333333 0.018333333333333333 0.045
0 0.345 0.4608333333333333 0.013333333333333334 0.041666666666666664
0 0.39416666666666667 0.4791666666666667 0.021666666666666667 0.06833333333333333
0 0.4625 0.48083333333333333 0.011666666666666667 0.045
0 0.33 0.4825 0.016666666666666666 0.07166666666666667
0 0.44 0.4866666666666667 0.02 0.05
0 0.3566666666666667 0.49166666666666664 0.02666666666666667 0.07
0 0.4708333333333333 0.5008333333333334 0.018333333333333333 0.07833333333333334
0 0.4225 0.5008333333333334 0.025 0.07166666666666667
0 0.3491666666666667 0.5041666666666667 0.028333333333333332 0.051666666666666666
0 0.385 0.5083333333333333 0.023333333333333334 0.06666666666666667
0 0.46416666666666667 0.5533333333333333 0.0016666666666666668 0.0033333333333333335
0 0.44333333333333336 0.5233333333333333 0.023333333333333334 0.05333333333333334
0 0.4583333333333333 0.535 0.023333333333333334 0.05333333333333334
0 0.44083333333333335 0.5683333333333334 0.021666666666666667 0.04
0 0.4558333333333333 0.5725 0.028333333333333332 0.041666666666666664
0 0.9783333333333334 0.6075 0.03 0.055
0 0.8208333333333333 0.625 0.018333333333333333 0.04666666666666667
0 0.8083333333333333 0.6558333333333334 0.02 0.051666666666666666
0 0.8258333333333333 0.6675 0.018333333333333333 0.055
0 0.8033333333333333 0.6908333333333333 0.02 0.065
0 0.8408333333333333 0.7166666666666667 0.015 0.03666666666666667
0 0.8325 0.7225 0.018333333333333333 0.045
0 0.8191666666666667 0.7283333333333334 0.021666666666666667 0.06
0 0.86 0.7441666666666666 0.02 0.04833333333333333
0 0.8408333333333333 0.7666666666666667 0.021666666666666667 0.04666666666666667
0 0.8791666666666667 0.7658333333333334 0.018333333333333333 0.041666666666666664
0 0.8533333333333334 0.7666666666666667 0.023333333333333334 0.04666666666666667
0 0.8291666666666667 0.7766666666666666 0.025 0.03666666666666667
0 0.8775 0.7966666666666666 0.021666666666666667 0.05
0 0.8575 0.815 0.025 0.05
0 0.8741666666666666 0.8258333333333333 0.021666666666666667 0.055
0 0.8366666666666667 0.8258333333333333 0.03 0.058333333333333334
0 0.8991666666666667 0.8391666666666666 0.018333333333333333 0.075
0 0.8666666666666667 0.8683333333333333 0.03 0.05
0 0.9083333333333333 0.8683333333333333 0.013333333333333334 0.023333333333333334
0 0.8925 0.8991666666666667 0.018333333333333333 0.04833333333333333
0 0.9116666666666666 0.8958333333333334 0.02 0.04833333333333333
0 0.885 0.9333333333333333 0.023333333333333334 0.06666666666666667
0 0.9083333333333333 0.9341666666666667 0.02 0.058333333333333334
0 0.9008333333333334 0.975 0.018333333333333333 0.05
0 0.8825 0.9791666666666666 0.025 0.041666666666666664
0 0.8966666666666666 0.9883333333333333 0.0033333333333333335 0.006666666666666667
0 0.8858333333333334 0.9891666666666666 0.018333333333333333 0.021666666666666667
0 0.2633333333333333 0.21083333333333334 0.023333333333333334 0.045
0 0.2733333333333333 0.255 0.02 0.05
0 0.29333333333333333 0.26416666666666666 0.016666666666666666 0.06166666666666667
0 0.2866666666666667 0.33 0.0033333333333333335 0.0033333333333333335
0 0.4691666666666667 0.2975 0.011666666666666667 0.06166666666666667
0 0.29 0.305 0.02 0.06
0 0.25583333333333336 0.31 0.018333333333333333 0.05333333333333334
0 0.49916666666666665 0.3125 0.015 0.075
0 0.485 0.335 0.016666666666666666 0.07
0 0.44416666666666665 0.335 0.015 0.05333333333333334
0 0.27166666666666667 0.33916666666666667 0.02 0.075
0 0.29833333333333334 0.34833333333333333 0.013333333333333334 0.05333333333333334
0 0.4716666666666667 0.35583333333333333 0.016666666666666666 0.051666666666666666
0 0.31 0.36333333333333334 0.016666666666666666 0.06666666666666667
0 0.42583333333333334 0.36666666666666664 0.015 0.056666666666666664
0 0.49666666666666665 0.36666666666666664 0.023333333333333334 0.06
0 0.445 0.37916666666666665 0.016666666666666666 0.06166666666666667
0 0.4575 0.38083333333333336 0.015 0.051666666666666666
0 0.43166666666666664 0.3958333333333333 0.013333333333333334 0.051666666666666666
0 0.3625 0.39666666666666667 0.015 0.05
0 0.4141666666666667 0.4 0.015 0.06666666666666667
0 0.325 0.39916666666666667 0.02 0.07166666666666667
0 0.5216666666666666 0.405 0.02666666666666667 0.02666666666666667
0 0.4666666666666667 0.4091666666666667 0.016666666666666666 0.055
0 0.30833333333333335 0.4075 0.03333333333333333 0.055
0 0.45 0.4166666666666667 0.02 0.056666666666666664
0 0.49083333333333334 0.42083333333333334 0.021666666666666667 0.045
0 0.4716666666666667 0.4241666666666667 0.02666666666666667 0.051666666666666666
0 0.42 0.4325 0.016666666666666666 0.058333333333333334
0 0.4008333333333333 0.43416666666666665 0.015 0.06166666666666667
0 0.3575 0.44166666666666665 0.021666666666666667 0.06
0 0.43416666666666665 0.44416666666666665 0.011666666666666667 0.06166666666666667
0 0.37333333333333335 0.44166666666666665 0.016666666666666666 0.06666666666666667
0 0.44583333333333336 0.4475 0.018333333333333333 0.045
