0 0.38083333333333336 0.5566666666666666 0.018333333333333333 0.07333333333333333
0 0.3458333333333333 0.545 0.045 0.03333333333333333
0 0.4191666666666667 0.5408333333333334 0.025 0.055
0 0.43916666666666665 0.5316666666666666 0.021666666666666667 0.056666666666666664
0 0.29 0.5233333333333333 0.043333333333333335 0.03
0 0.26166666666666666 0.5066666666666667 0.04 0.04
0 0.22416666666666665 0.5033333333333333 0.03833333333333333 0.04666666666666667
0 0.2941666666666667 0.5075 0.051666666666666666 0.06166666666666667
0 0.5958333333333333 0.4775 0.025 0.06166666666666667
0 0.6991666666666667 0.465 0.028333333333333332 0.07666666666666666
0 0.7275 0.4608333333333333 0.03833333333333333 0.04833333333333333
0 0.7675 0.4275 0.03833333333333333 0.045
0 0.7166666666666667 0.425 0.02 0.056666666666666664
0 0.6975 0.415 0.028333333333333332 0.08
0 0.74 0.4075 0.023333333333333334 0.06166666666666667
0 0.7741666666666667 0.3858333333333333 0.0016666666666666668 0.0016666666666666668
0 0.7175 0.4008333333333333 0.021666666666666667 0.058333333333333334
0 0.7283333333333334 0.38 0.02 0.07
0 0.7733333333333333 0.3466666666666667 0.02 0.08
0 0.7541666666666667 0.3466666666666667 0.018333333333333333 0.06
0 0.7375 0.33666666666666667 0.021666666666666667 0.07
0 0.7683333333333333 0.2941666666666667 0.023333333333333334 0.065
0 0.10833333333333334 0.2941666666666667 0.04 0.03833333333333333
0 0.16 0.27666666666666667 0.03333333333333333 0.06666666666666667
0 0.4725 0.8908333333333334 0.021666666666666667 0.07166666666666667
0 0.49416666666666664 0.8441666666666666 0.021666666666666667 0.058333333333333334
0 0.35333333333333333 0.8191666666666667 0.043333333333333335 0.035
0 0.49 0.81 0.023333333333333334 0.07333333333333333
0 0.35083333333333333 0.7866666666666666 0.041666666666666664 0.03666666666666667
0 0.34 0.7516666666666667 0.04 0.04
0 0.3333333333333333 0.7133333333333334 0.03333333333333333 0.056666666666666664
0 0.3858333333333333 0.6241666666666666 0.028333333333333332 0.07166666666666667
0 0.40166666666666667 0.6083333333333333 0.03 0.07666666666666666
0 0.43 0.5833333333333334 0.03333333333333333 0.06666666666666667
