0 0.5475 0.42833333333333334 0.021666666666666667 0.04666666666666667
0 0.5325 0.42916666666666664 0.021666666666666667 0.04833333333333333
0 0.5033333333333333 0.44333333333333336 0.016666666666666666 0.07
0 0.5316666666666666 0.4658333333333333 0.02 0.06166666666666667
0 0.5625 0.4658333333333333 0.015 0.06166666666666667
0 0.5208333333333334 0.4708333333333333 0.021666666666666667 0.058333333333333334
0 0.5516666666666666 0.485 0.023333333333333334 0.06
0 0.5791666666666667 0.49166666666666664 0.025 0.06
0 0.5191666666666667 0.5033333333333333 0.021666666666666667 0.05333333333333334
0 0.545 0.5066666666666667 0.016666666666666666 0.07
0 0.5075 0.5425 0.025 0.07166666666666667
0 0.5583333333333333 0.5583333333333333 0.016666666666666666 0.06666666666666667
0 0.4891666666666667 0.5516666666666666 0.015 0.07
0 0.5266666666666666 0.5691666666666667 0.02 0.065
0 0.5025 0.5658333333333333 0.015 0.08166666666666667
0 0.5391666666666667 0.5716666666666667 0.028333333333333332 0.07
0 0.49166666666666664 0.5983333333333334 0.03 0.06
0 0.5125 0.605 0.011666666666666667 0.05
0 0.5241666666666667 0.6108333333333333 0.015 0.058333333333333334
0 0.5441666666666667 0.6166666666666667 0.021666666666666667 0.04666666666666667
0 0.5033333333333333 0.6441666666666667 0.03333333333333333 0.055
0 0.5408333333333334 0.6516666666666666 0.021666666666666667 0.07
0 0.525 0.6591666666666667 0.023333333333333334 0.051666666666666666
0 0.5133333333333333 0.6891666666666667 0.043333333333333335 0.055
0 0.5616666666666666 0.7008333333333333 0.02 0.07166666666666667
0 0.6141666666666666 0.7466666666666667 0.028333333333333332 0.07333333333333333
0 0.5691666666666667 0.7775 0.018333333333333333 0.07833333333333334
0 0.5116666666666667 0.12833333333333333 0.02 0.07333333333333333
0 0.49083333333333334 0.15 0.015 0.07666666666666666
0 0.4791666666666667 0.2075 0.015 0.055
0 0.5033333333333333 0.25333333333333335 0.013333333333333334 0.07666666666666666
0 0.49166666666666664 0.2608333333333333 0.016666666666666666 0.08166666666666667
0 0.5241666666666667 0.33 0.015 0.06333333333333334
0 0.4925 0.33416666666666667 0.018333333333333333 0.075
0 0.55 0.3408333333333333 0.013333333333333334 0.058333333333333334
0 0.56 0.34 0.013333333333333334 0.07
0 0.5391666666666667 0.3675 0.011666666666666667 0.058333333333333334
0 0.51 0.36333333333333334 0.016666666666666666 0.06666666666666667
0 0.5275 0.36916666666666664 0.015 0.07166666666666667
0 0.5533333333333333 0.39416666666666667 0.016666666666666666 0.03833333333333333
0 0.5158333333333334 0.4058333333333333 0.015 0.065
0 0.5666666666666667 0.405 0.023333333333333334 0.06
