0 0.12333333333333334 0.44666666666666666 0.05333333333333334 0.1
0 0.8175 0.6 0.06166666666666667 0.07333333333333333
0 0.4125 0.6533333333333333 0.051666666666666666 0.12
0 0.7816666666666666 0.73 0.03666666666666667 0.14333333333333334
0 0.245 0.73 0.06333333333333334 0.08333333333333333
0 0.74 0.7383333333333333 0.05333333333333334 0.12333333333333334
0 0.58 0.7866666666666666 0.05333333333333334 0.11333333333333333
0 0.4241666666666667 0.7908333333333334 0.045 0.125
0 0.7558333333333334 0.865 0.03166666666666667 0.13
0 0.6366666666666667 0.8925 0.07 0.065
0 0.785 0.9566666666666667 0.05333333333333334 0.08666666666666667
0 0.18666666666666668 0.9575 0.056666666666666664 0.085
0 0.45916666666666667 0.09166666666666666 0.055 0.10666666666666667
0 0.13583333333333333 0.10416666666666667 0.04833333333333333 0.10833333333333334
0 0.2525 0.1125 0.03833333333333333 0.115
0 0.895 0.13833333333333334 0.08333333333333333 0.06333333333333334
0 0.2025 0.135 0.051666666666666666 0.09666666666666666
0 0.9933333333333333 0.16416666666666666 0.013333333333333334 0.058333333333333334
0 0.9758333333333333 0.23083333333333333 0.04833333333333333 0.06166666666666667
0 0.72 0.3975 0.05333333333333334 0.10833333333333334
