0 0.5891666666666666 0.5133333333333333 0.03166666666666667 0.03333333333333333
0 0.6066666666666667 0.5066666666666667 0.03 0.07
0 0.6258333333333334 0.49916666666666665 0.018333333333333333 0.07833333333333334
0 0.7683333333333333 0.49083333333333334 0.016666666666666666 0.051666666666666666
0 0.14333333333333334 0.4891666666666667 0.023333333333333334 0.07166666666666667
0 0.6641666666666667 0.49 0.03166666666666667 0.043333333333333335
0 0.6333333333333333 0.4791666666666667 0.023333333333333334 0.08166666666666667
0 0.175 0.4716666666666667 0.02666666666666667 0.07
0 0.6941666666666667 0.4658333333333333 0.03833333333333333 0.03833333333333333
0 0.7316666666666667 0.4583333333333333 0.04 0.03
0 0.15666666666666668 0.45916666666666667 0.016666666666666666 0.051666666666666666
0 0.6808333333333333 0.45666666666666667 0.035 0.03666666666666667
0 0.7558333333333334 0.44166666666666665 0.028333333333333332 0.05333333333333334
0 0.665 0.44083333333333335 0.03333333333333333 0.03166666666666667
0 0.6166666666666667 0.4425 0.02666666666666667 0.06833333333333333
0 0.7091666666666666 0.43583333333333335 0.035 0.028333333333333332
0 0.6408333333333334 0.4266666666666667 0.018333333333333333 0.07
0 0.6775 0.42583333333333334 0.03166666666666667 0.025
0 0.7233333333333334 0.4216666666666667 0.04 0.03666666666666667
0 0.8083333333333333 0.4216666666666667 0.03333333333333333 0.03333333333333333
0 0.765 0.4141666666666667 0.016666666666666666 0.065
0 0.6241666666666666 0.4033333333333333 0.018333333333333333 0.07
0 0.6866666666666666 0.4083333333333333 0.03333333333333333 0.02666666666666667
0 0.15666666666666668 0.39916666666666667 0.013333333333333334 0.058333333333333334
0 0.7408333333333333 0.39416666666666667 0.035 0.025
0 0.7125 0.3925 0.03166666666666667 0.028333333333333332
0 0.7825 0.37916666666666665 0.028333333333333332 0.04833333333333333
0 0.6583333333333333 0.37833333333333335 0.016666666666666666 0.05333333333333334
0 0.6458333333333334 0.38 0.025 0.06333333333333334
0 0.1775 0.3825 0.035 0.055
0 0.7541666666666667 0.37583333333333335 0.035 0.028333333333333332
0 0.68 0.37333333333333335 0.03 0.03666666666666667
0 0.7183333333333334 0.36916666666666664 0.023333333333333334 0.028333333333333332
0 0.84 0.3591666666666667 0.02666666666666667 0.06166666666666667
0 0.8 0.35333333333333333 0.03333333333333333 0.04666666666666667
0 0.82 0.3516666666666667 0.03 0.03
0 0.7675 0.35 0.035 0.02666666666666667
0 0.6466666666666666 0.32916666666666666 0.02666666666666667 0.045
0 0.7683333333333333 0.32916666666666666 0.03 0.025
0 0.8291666666666667 0.32666666666666666 0.03166666666666667 0.03
0 0.6266666666666667 0.32083333333333336 0.03 0.058333333333333334
0 0.7941666666666667 0.32166666666666666 0.035 0.02666666666666667
0 0.7216666666666667 0.29083333333333333 0.04666666666666667 0.051666666666666666
0 0.76 0.29333333333333333 0.03666666666666667 0.03
0 0.06916666666666667 0.93 0.018333333333333333 0.056666666666666664
0 0.058333333333333334 0.9116666666666666 0.02 0.05
0 0.07583333333333334 0.8991666666666667 0.025 0.06833333333333333
0 0.09083333333333334 0.88 0.018333333333333333 0.08
0 0.07166666666666667 0.8541666666666666 0.02 0.055
0 0.07 0.8391666666666666 0.02 0.055
0 0.0875 0.8266666666666667 0.015 0.06
0 0.06833333333333333 0.8016666666666666 0.02 0.05
0 0.1075 0.7983333333333333 0.025 0.05
0 0.09166666666666666 0.7716666666666666 0.03 0.04666666666666667
0 0.07666666666666666 0.7541666666666667 0.02 0.055
0 0.09583333333333334 0.7325 0.021666666666666667 0.041666666666666664
0 0.1125 0.6908333333333333 0.025 0.045
0 0.06166666666666667 0.9741666666666666 0.016666666666666666 0.051666666666666666
0 0.5766666666666667 0.5675 0.03 0.06166666666666667
0 0.07583333333333334 0.9625 0.021666666666666667 0.051666666666666666
