0 0.5108333333333334 0.5275 0.021666666666666667 0.06166666666666667
0 0.5016666666666667 0.5683333333333334 0.02 0.08
0 0.5133333333333333 0.57 0.023333333333333334 0.07666666666666666
0 0.3325 0.06583333333333333 0.0016666666666666668 0.005
0 0.5008333333333334 0.6016666666666667 0.018333333333333333 0.08
0 0.52 0.6533333333333333 0.02 0.07666666666666666
0 0.4975 0.6908333333333333 0.015 0.075
0 0.4741666666666667 0.6925 0.011666666666666667 0.07833333333333334
0 0.4875 0.7116666666666667 0.018333333333333333 0.07333333333333333
0 0.5225 0.715 0.03166666666666667 0.056666666666666664
0 0.5125 0.755 0.028333333333333332 0.04666666666666667
0 0.47333333333333333 0.7533333333333333 0.03333333333333333 0.05333333333333334
0 0.5116666666666667 0.7858333333333334 0.03 0.07166666666666667
0 0.48583333333333334 0.79 0.03166666666666667 0.03
0 0.5266666666666666 0.79 0.02666666666666667 0.03
0 0.4866666666666667 0.81 0.03333333333333333 0.05
0 0.54 0.8116666666666666 0.023333333333333334 0.023333333333333334
0 0.5141666666666667 0.8233333333333334 0.028333333333333332 0.03666666666666667
0 0.52 0.8575 0.02666666666666667 0.058333333333333334
0 0.5441666666666667 0.8616666666666667 0.028333333333333332 0.03333333333333333
0 0.5391666666666667 0.9 0.021666666666666667 0.06
0 0.5625 0.9016666666666666 0.035 0.05
0 0.5583333333333333 0.9383333333333334 0.016666666666666666 0.06
0 0.5791666666666667 0.9483333333333334 0.028333333333333332 0.03333333333333333
0 0.33 0.07583333333333334 0.016666666666666666 0.07166666666666667
0 0.5833333333333334 0.9758333333333333 0.03 0.03833333333333333
0 0.5583333333333333 0.9708333333333333 0.03333333333333333 0.058333333333333334
0 0.5616666666666666 0.9833333333333333 0.02666666666666667 0.03333333333333333
0 0.5841666666666666 0.9791666666666666 0.0016666666666666668 0.0016666666666666668
0 0.6266666666666667 0.9891666666666666 0.04666666666666667 0.021666666666666667
0 0.3541666666666667 0.09333333333333334 0.028333333333333332 0.06
0 0.345 0.135 0.023333333333333334 0.07666666666666666
0 0.3825 0.13583333333333333 0.025 0.045
0 0.3858333333333333 0.16583333333333333 0.035 0.058333333333333334
0 0.3883333333333333 0.165 0.0033333333333333335 0.0033333333333333335
0 0.42 0.185 0.03333333333333333 0.06333333333333334
0 0.38333333333333336 0.21416666666666667 0.03 0.07166666666666667
0 0.4216666666666667 0.22833333333333333 0.03333333333333333 0.043333333333333335
0 0.41 0.25166666666666665 0.02666666666666667 0.04666666666666667
0 0.405 0.25583333333333336 0.0033333333333333335 0.005
0 0.4525 0.24666666666666667 0.028333333333333332 0.07333333333333333
0 0.33 0.019166666666666665 0.016666666666666666 0.03833333333333333
0 0.45416666666666666 0.295 0.03833333333333333 0.05333333333333334
0 0.4225 0.2966666666666667 0.03833333333333333 0.06
0 0.45916666666666667 0.3425 0.028333333333333332 0.065
0 0.44583333333333336 0.355 0.035 0.06333333333333334
0 0.48833333333333334 0.39916666666666667 0.03 0.075
0 0.49083333333333334 0.4625 0.021666666666666667 0.07166666666666667
0 0.4766666666666667 0.4725 0.02 0.06166666666666667
0 0.5075 0.4725 0.025 0.065
