0 0.8958333333333334 0.44916666666666666 0.025 0.065
0 0.9341666666666667 0.48333333333333334 0.03166666666666667 0.056666666666666664
0 0.9183333333333333 0.48583333333333334 0.03 0.04833333333333333
0 0.9583333333333334 0.49083333333333334 0.03 0.065
0 0.9908333333333333 0.5033333333333333 0.018333333333333333 0.03
0 0.885 0.5541666666666667 0.03666666666666667 0.03833333333333333
0 0.8733333333333333 0.6125 0.03 0.06166666666666667
0 0.8675 0.6641666666666667 0.021666666666666667 0.04833333333333333
0 0.205 0.029166666666666667 0.03 0.041666666666666664
0 0.1625 0.02666666666666667 0.03166666666666667 0.04666666666666667
0 0.7233333333333334 0.6875 0.02 0.058333333333333334
0 0.8566666666666667 0.6891666666666667 0.02 0.065
0 0.8858333333333334 0.6933333333333334 0.018333333333333333 0.06
0 0.8808333333333334 0.7108333333333333 0.0016666666666666668 0.005
0 0.7041666666666667 0.715 0.035 0.02666666666666667
0 0.8658333333333333 0.7158333333333333 0.021666666666666667 0.058333333333333334
0 0.8416666666666667 0.7225 0.013333333333333334 0.035
0 0.7233333333333334 0.7291666666666666 0.03 0.025
0 0.8758333333333334 0.7291666666666666 0.011666666666666667 0.03833333333333333
0 0.8516666666666667 0.7508333333333334 0.016666666666666666 0.035
0 0.71 0.7541666666666667 0.02666666666666667 0.025
0 0.7316666666666667 0.7583333333333333 0.023333333333333334 0.04
0 0.8308333333333333 0.76 0.015 0.05
0 0.8641666666666666 0.765 0.025 0.056666666666666664
0 0.7566666666666667 0.7675 0.02666666666666667 0.06166666666666667
0 0.7775 0.7766666666666666 0.03166666666666667 0.06666666666666667
0 0.8416666666666667 0.78 0.02 0.06333333333333334
0 0.8475 0.8191666666666667 0.018333333333333333 0.051666666666666666
0 0.8216666666666667 0.8175 0.023333333333333334 0.051666666666666666
0 0.8316666666666667 0.84 0.016666666666666666 0.05333333333333334
0 0.6616666666666666 0.8375 0.03666666666666667 0.051666666666666666
0 0.7916666666666666 0.8566666666666667 0.03333333333333333 0.043333333333333335
0 0.8241666666666667 0.8608333333333333 0.028333333333333332 0.055
0 0.8008333333333333 0.875 0.025 0.05
0 0.8225 0.8866666666666667 0.041666666666666664 0.04666666666666667
0 0.7633333333333333 0.9183333333333333 0.04666666666666667 0.05
0 0.7883333333333333 0.925 0.03333333333333333 0.03666666666666667
0 0.7541666666666667 0.9558333333333333 0.03166666666666667 0.035
0 0.2325 0.06166666666666667 0.021666666666666667 0.05333333333333334
0 0.7225 0.9716666666666667 0.03166666666666667 0.056666666666666664
0 0.25583333333333336 0.06416666666666666 0.018333333333333333 0.06166666666666667
0 0.17333333333333334 0.0725 0.03 0.06833333333333333
0 0.15 0.07583333333333334 0.023333333333333334 0.055
0 0.12666666666666668 0.085 0.023333333333333334 0.056666666666666664
0 0.24583333333333332 0.12166666666666667 0.021666666666666667 0.06
0 0.10833333333333334 0.1375 0.02666666666666667 0.058333333333333334
0 0.22916666666666666 0.145 0.025 0.09333333333333334
0 0.175 0.14666666666666667 0.02666666666666667 0.06333333333333334
0 0.2225 0.15916666666666668 0.025 0.051666666666666666
0 0.1925 0.15916666666666668 0.021666666666666667 0.085
0 0.2075 0.1875 0.018333333333333333 0.03833333333333333
0 0.25166666666666665 0.18666666666666668 0.03 0.07
0 0.7275 0.21 0.03833333333333333 0.04666666666666667
0 0.585 0.20666666666666667 0.03666666666666667 0.043333333333333335
0 0.215 0.22666666666666666 0.02 0.04666666666666667
0 0.23333333333333334 0.22416666666666665 0.02 0.04833333333333333
0 0.2525 0.22916666666666666 0.03166666666666667 0.06833333333333333
0 0.20916666666666667 0.255 0.021666666666666667 0.04
0 0.24583333333333332 0.27 0.025 0.06666666666666667
0 0.26166666666666666 0.2841666666666667 0.02 0.041666666666666664
0 0.215 0.285 0.03333333333333333 0.03666666666666667
0 0.225 0.31916666666666665 0.03 0.04833333333333333
0 0.2625 0.3283333333333333 0.04833333333333333 0.03
0 0.25333333333333335 0.35583333333333333 0.043333333333333335 0.028333333333333332
0 0.25166666666666665 0.010833333333333334 0.02 0.021666666666666667
0 0.915 0.39666666666666667 0.02666666666666667 0.06
0 0.795 0.41 0.03666666666666667 0.06
0 0.9358333333333333 0.43833333333333335 0.021666666666666667 0.05333333333333334
