0 0.32 0.48333333333333334 0.05333333333333334 0.07666666666666666
0 0.535 0.04083333333333333 0.056666666666666664 0.08166666666666667
0 0.9966666666666667 0.685 0.006666666666666667 0.03
0 0.2816666666666667 0.6641666666666667 0.05 0.095
0 0.8125 0.8541666666666666 0.045 0.115
0 0.4725 0.06833333333333333 0.041666666666666664 0.09666666666666666
0 0.9525 0.9525 0.045 0.095
0 0.87 0.9933333333333333 0.023333333333333334 0.013333333333333334
0 0.2891666666666667 0.115 0.058333333333333334 0.1
0 0.4266666666666667 0.12666666666666668 0.05333333333333334 0.09
0 0.26 0.20916666666666667 0.05333333333333334 0.09833333333333333
0 0.8033333333333333 0.23 0.07333333333333333 0.06666666666666667
0 0.1925 0.2675 0.058333333333333334 0.07833333333333334
0 0.9408333333333333 0.38333333333333336 0.03166666666666667 0.14
