0 0.6133333333333333 0.4525 0.043333333333333335 0.025
0 0.5841666666666666 0.4683333333333333 0.015 0.06
0 0.5958333333333333 0.49666666666666665 0.021666666666666667 0.06666666666666667
0 0.6033333333333334 0.5033333333333333 0.016666666666666666 0.06
0 0.62 0.5741666666666667 0.02 0.08166666666666667
0 0.5675 0.9858333333333333 0.041666666666666664 0.028333333333333332
0 0.865 0.225 0.043333333333333335 0.03666666666666667
0 0.6441666666666667 0.25916666666666666 0.028333333333333332 0.03166666666666667
0 0.6725 0.26666666666666666 0.035 0.03333333333333333
0 0.6925 0.27666666666666667 0.028333333333333332 0.02666666666666667
0 0.6375 0.2866666666666667 0.028333333333333332 0.03333333333333333
0 0.6966666666666667 0.2991666666666667 0.043333333333333335 0.025
0 0.6175 0.30083333333333334 0.021666666666666667 0.06166666666666667
0 0.6633333333333333 0.30333333333333334 0.03 0.043333333333333335
0 0.6383333333333333 0.30583333333333335 0.03666666666666667 0.03166666666666667
0 0.6025 0.32416666666666666 0.015 0.06833333333333333
0 0.6741666666666667 0.32166666666666666 0.035 0.03
0 0.6391666666666667 0.33166666666666667 0.035 0.02666666666666667
0 0.5891666666666666 0.345 0.015 0.06
0 0.625 0.3475 0.03 0.028333333333333332
0 0.6125 0.3725 0.035 0.025
0 0.5925 0.4175 0.035 0.035
0 0.62 0.4266666666666667 0.04 0.02666666666666667
