0 0.43166666666666664 0.5208333333333334 0.05 0.028333333333333332
0 0.40166666666666667 0.5383333333333333 0.05 0.03666666666666667
0 0.4841666666666667 0.5516666666666666 0.041666666666666664 0.043333333333333335
0 0.5291666666666667 0.5658333333333333 0.04833333333333333 0.035
0 0.5791666666666667 0.5741666666666667 0.051666666666666666 0.055
0 0.6233333333333333 0.5983333333333334 0.03666666666666667 0.03
0 0.7858333333333334 0.6 0.04833333333333333 0.03333333333333333
0 0.7433333333333333 0.605 0.05333333333333334 0.03666666666666667
0 0.69 0.6125 0.05 0.035
0 0.6116666666666667 0.63 0.04666666666666667 0.056666666666666664
0 0.6575 0.6316666666666667 0.03833333333333333 0.03666666666666667
0 0.6316666666666667 0.6333333333333333 0.04 0.04666666666666667
0 0.8008333333333333 0.7866666666666666 0.051666666666666666 0.056666666666666664
0 0.9033333333333333 0.8016666666666666 0.05333333333333334 0.04
0 0.8075 0.8141666666666667 0.035 0.035
0 0.9783333333333334 0.8975 0.04 0.07833333333333334
0 0.7466666666666667 0.9266666666666666 0.04 0.09333333333333334
0 0.21333333333333335 0.30833333333333335 0.05333333333333334 0.04
0 0.02666666666666667 0.3466666666666667 0.04666666666666667 0.03333333333333333
0 0.075 0.36833333333333335 0.043333333333333335 0.03333333333333333
0 0.115 0.37083333333333335 0.04 0.035
0 0.4891666666666667 0.44916666666666666 0.041666666666666664 0.06833333333333333
0 0.305 0.45416666666666666 0.04 0.06833333333333333
