0 0.835 0.5083333333333333 0.03 0.06666666666666667
0 0.8658333333333333 0.505 0.025 0.04666666666666667
0 0.8625 0.475 0.028333333333333332 0.04666666666666667
0 0.8958333333333334 0.4666666666666667 0.028333333333333332 0.06
0 0.88 0.4575 0.016666666666666666 0.055
0 0.8525 0.4475 0.018333333333333333 0.065
0 0.8708333333333333 0.4225 0.018333333333333333 0.04833333333333333
0 0.855 0.3933333333333333 0.016666666666666666 0.05
0 0.8691666666666666 0.38916666666666666 0.018333333333333333 0.06166666666666667
0 0.26666666666666666 0.03 0.023333333333333334 0.06
0 0.3225 0.029166666666666667 0.028333333333333332 0.058333333333333334
0 0.31416666666666665 0.020833333333333332 0.0016666666666666668 0.0016666666666666668
0 0.7775 0.8908333333333334 0.03166666666666667 0.075
0 0.8033333333333333 0.8933333333333333 0.023333333333333334 0.056666666666666664
0 0.8016666666666666 0.8625 0.02 0.041666666666666664
0 0.79 0.8266666666666667 0.03 0.05333333333333334
0 0.8091666666666667 0.7825 0.021666666666666667 0.06166666666666667
0 0.83 0.7791666666666667 0.023333333333333334 0.07166666666666667
0 0.7916666666666666 0.7741666666666667 0.02 0.07833333333333334
0 0.8508333333333333 0.7533333333333333 0.025 0.06333333333333334
0 0.8075 0.7333333333333333 0.021666666666666667 0.06333333333333334
0 0.7966666666666666 0.7133333333333334 0.016666666666666666 0.043333333333333335
0 0.8416666666666667 0.705 0.016666666666666666 0.043333333333333335
0 0.82 0.6916666666666667 0.03 0.04666666666666667
0 0.8566666666666667 0.6808333333333333 0.016666666666666666 0.051666666666666666
0 0.7958333333333333 0.6708333333333333 0.03166666666666667 0.07166666666666667
0 0.8125 0.6716666666666666 0.028333333333333332 0.056666666666666664
0 0.785 0.64 0.043333333333333335 0.04666666666666667
0 0.8333333333333334 0.6333333333333333 0.023333333333333334 0.06
0 0.8508333333333333 0.6308333333333334 0.028333333333333332 0.06833333333333333
0 0.8675 0.6133333333333333 0.021666666666666667 0.06
0 0.8075 0.6041666666666666 0.021666666666666667 0.055
0 0.7875 0.5991666666666666 0.041666666666666664 0.06166666666666667
0 0.8233333333333334 0.5808333333333333 0.016666666666666666 0.065
0 0.8658333333333333 0.5683333333333334 0.028333333333333332 0.05
0 0.8416666666666667 0.5675 0.023333333333333334 0.055
0 0.8616666666666667 0.545 0.023333333333333334 0.04666666666666667
0 0.885 0.5441666666666667 0.02666666666666667 0.075
0 0.8416666666666667 0.5308333333333334 0.02666666666666667 0.051666666666666666
0 0.8141666666666667 0.53 0.025 0.06
0 0.8808333333333334 0.51 0.018333333333333333 0.043333333333333335
