0 0.7808333333333334 0.495 0.021666666666666667 0.07666666666666666
0 0.39666666666666667 0.57 0.04 0.04666666666666667
0 0.36583333333333334 0.5966666666666667 0.041666666666666664 0.05333333333333334
0 0.4216666666666667 0.695 0.04666666666666667 0.04
0 0.9858333333333333 0.7183333333333334 0.028333333333333332 0.07666666666666666
0 0.36 0.7258333333333333 0.03666666666666667 0.065
0 0.27 0.7516666666666667 0.03666666666666667 0.06666666666666667
0 0.36916666666666664 0.8208333333333333 0.03833333333333333 0.06166666666666667
0 0.1225 0.825 0.03166666666666667 0.07666666666666666
0 0.985 0.9275 0.03 0.08833333333333333
0 0.755 0.9558333333333333 0.023333333333333334 0.08833333333333333
0 0.08166666666666667 0.96 0.04 0.06333333333333334
0 0.034166666666666665 0.9641666666666666 0.028333333333333332 0.07166666666666667
0 0.30416666666666664 0.9808333333333333 0.045 0.03833333333333333
0 0.12833333333333333 0.9841666666666666 0.03333333333333333 0.03166666666666667
0 0.8275 0.32916666666666666 0.03833333333333333 0.051666666666666666
0 0.5541666666666667 0.42 0.021666666666666667 0.08
0 0.6683333333333333 0.44166666666666665 0.023333333333333334 0.07666666666666666
0 0.6291666666666667 0.4691666666666667 0.025 0.06833333333333333
