0 0.4325 0.5191666666666667 0.03833333333333333 0.11833333333333333
0 0.6483333333333333 0.9741666666666666 0.02666666666666667 0.051666666666666666
0 0.505 0.41833333333333333 0.05 0.11666666666666667
0 0.06416666666666666 0.4066666666666667 0.045 0.13
0 0.30083333333333334 0.37833333333333335 0.03166666666666667 0.12
0 0.16083333333333333 0.31666666666666665 0.041666666666666664 0.12666666666666668
0 0.44333333333333336 0.31583333333333335 0.05333333333333334 0.10166666666666667
0 0.2075 0.31166666666666665 0.03166666666666667 0.12
0 0.4125 0.30666666666666664 0.055 0.11333333333333333
0 0.24333333333333335 0.275 0.03333333333333333 0.13
0 0.10666666666666667 0.2575 0.05 0.115
0 0.3466666666666667 0.24666666666666667 0.03666666666666667 0.12333333333333334
0 0.405 0.23416666666666666 0.03666666666666667 0.115
0 0.21083333333333334 0.185 0.041666666666666664 0.10666666666666667
0 0.5575 0.7991666666666667 0.03166666666666667 0.12833333333333333
