0 0.555 0.5358333333333334 0.023333333333333334 0.065
0 0.3375 0.5258333333333334 0.018333333333333333 0.075
0 0.5125 0.5158333333333334 0.018333333333333333 0.045
0 0.5066666666666667 0.4975 0.0033333333333333335 0.005
0 0.32416666666666666 0.49916666666666665 0.025 0.07166666666666667
0 0.35 0.4975 0.016666666666666666 0.06166666666666667
0 0.55 0.49083333333333334 0.02666666666666667 0.04833333333333333
0 0.495 0.4741666666666667 0.02 0.058333333333333334
0 0.53 0.4741666666666667 0.02 0.065
0 0.4816666666666667 0.4691666666666667 0.016666666666666666 0.065
0 0.36333333333333334 0.46166666666666667 0.016666666666666666 0.08666666666666667
0 0.5108333333333334 0.44666666666666666 0.015 0.06
0 0.545 0.43666666666666665 0.02666666666666667 0.05
0 0.4975 0.4375 0.015 0.058333333333333334
0 0.4166666666666667 0.43416666666666665 0.02 0.051666666666666666
0 0.38 0.4325 0.016666666666666666 0.075
0 0.35333333333333333 0.43083333333333335 0.023333333333333334 0.058333333333333334
0 0.5308333333333334 0.4275 0.018333333333333333 0.051666666666666666
0 0.4708333333333333 0.42583333333333334 0.015 0.065
0 0.45916666666666667 0.4141666666666667 0.015 0.065
0 0.515 0.4025 0.016666666666666666 0.058333333333333334
0 0.48583333333333334 0.4058333333333333 0.021666666666666667 0.06833333333333333
0 0.43083333333333335 0.39916666666666667 0.018333333333333333 0.065
0 0.49083333333333334 0.40166666666666667 0.015 0.06
0 0.4508333333333333 0.3933333333333333 0.021666666666666667 0.06333333333333334
0 0.3725 0.3858333333333333 0.015 0.07166666666666667
0 0.4125 0.39166666666666666 0.025 0.06
0 0.35083333333333333 0.395 0.028333333333333332 0.043333333333333335
0 0.5008333333333334 0.37833333333333335 0.018333333333333333 0.06
0 0.5183333333333333 0.37 0.023333333333333334 0.05
0 0.5358333333333334 0.36916666666666664 0.018333333333333333 0.051666666666666666
0 0.3858333333333333 0.3566666666666667 0.018333333333333333 0.06333333333333334
0 0.47333333333333333 0.3566666666666667 0.016666666666666666 0.06666666666666667
0 0.4125 0.3466666666666667 0.025 0.07
0 0.44166666666666665 0.3475 0.016666666666666666 0.075
0 0.4025 0.3416666666666667 0.021666666666666667 0.06333333333333334
0 0.43166666666666664 0.33416666666666667 0.016666666666666666 0.07166666666666667
0 0.4875 0.33916666666666667 0.015 0.058333333333333334
0 0.5066666666666667 0.335 0.016666666666666666 0.04666666666666667
0 0.5391666666666667 0.32083333333333336 0.015 0.058333333333333334
0 0.5233333333333333 0.31916666666666665 0.02 0.06833333333333333
0 0.4666666666666667 0.31583333333333335 0.02 0.075
0 0.4533333333333333 0.30916666666666665 0.016666666666666666 0.07833333333333334
0 0.5041666666666667 0.30583333333333335 0.021666666666666667 0.065
0 0.49083333333333334 0.2841666666666667 0.03166666666666667 0.058333333333333334
0 0.5408333333333334 0.275 0.03833333333333333 0.05
0 0.49583333333333335 0.24416666666666667 0.025 0.03833333333333333
0 0.8883333333333333 0.175 0.023333333333333334 0.06333333333333334
0 0.8741666666666666 0.1375 0.021666666666666667 0.06166666666666667
0 0.8916666666666667 0.11833333333333333 0.02 0.06
0 0.8683333333333333 0.08333333333333333 0.023333333333333334 0.06
0 0.8883333333333333 0.06583333333333333 0.02 0.058333333333333334
0 0.9108333333333334 0.0725 0.021666666666666667 0.051666666666666666
0 0.9025 0.065 0.021666666666666667 0.04666666666666667
0 0.9258333333333333 0.03166666666666667 0.021666666666666667 0.056666666666666664
0 0.9466666666666667 0.025 0.023333333333333334 0.05
0 0.9075 0.02 0.021666666666666667 0.04
0 0.9108333333333334 0.025833333333333333 0.0016666666666666668 0.0016666666666666668
0 0.9466666666666667 0.01 0.023333333333333334 0.02
0 0.8975 0.008333333333333333 0.025 0.016666666666666666
0 0.9275 0.005833333333333334 0.018333333333333333 0.011666666666666667
0 0.3125 0.6383333333333333 0.018333333333333333 0.07666666666666666
0 0.3283333333333333 0.6083333333333333 0.02 0.07333333333333333
0 0.30416666666666664 0.5725 0.021666666666666667 0.07833333333333334
0 0.34833333333333333 0.56 0.016666666666666666 0.06666666666666667
0 0.3233333333333333 0.5625 0.02 0.055
