0 0.17583333333333334 0.49 0.018333333333333333 0.06333333333333334
0 0.6183333333333333 0.045 0.02 0.09
0 0.16666666666666666 0.5425 0.023333333333333334 0.06833333333333333
0 0.2275 0.5516666666666666 0.028333333333333332 0.06
0 0.24416666666666667 0.5525 0.021666666666666667 0.055
0 0.1875 0.5558333333333333 0.025 0.06166666666666667
0 0.2816666666666667 0.5641666666666667 0.023333333333333334 0.06833333333333333
0 0.26416666666666666 0.57 0.021666666666666667 0.07333333333333333
0 0.235 0.6033333333333334 0.03 0.03333333333333333
0 0.25916666666666666 0.6008333333333333 0.03833333333333333 0.04833333333333333
0 0.29833333333333334 0.615 0.016666666666666666 0.05
0 0.6383333333333333 0.06166666666666667 0.023333333333333334 0.07333333333333333
0 0.2841666666666667 0.6591666666666667 0.015 0.051666666666666666
0 0.3 0.675 0.02 0.08333333333333333
0 0.2841666666666667 0.7133333333333334 0.018333333333333333 0.06333333333333334
0 0.7208333333333333 0.07333333333333333 0.025 0.06666666666666667
0 0.28583333333333333 0.7516666666666667 0.021666666666666667 0.04666666666666667
0 0.20416666666666666 0.7758333333333334 0.03833333333333333 0.058333333333333334
0 0.6383333333333333 0.07333333333333333 0.02 0.05333333333333334
0 0.26666666666666666 0.7833333333333333 0.016666666666666666 0.07
0 0.6141666666666666 0.07583333333333334 0.028333333333333332 0.04833333333333333
0 0.5266666666666666 0.8141666666666667 0.016666666666666666 0.07166666666666667
0 0.28833333333333333 0.8275 0.02666666666666667 0.058333333333333334
0 0.29083333333333333 0.8266666666666667 0.021666666666666667 0.05
0 0.27 0.8283333333333334 0.023333333333333334 0.06
0 0.6575 0.08333333333333333 0.021666666666666667 0.06
0 0.5358333333333334 0.8475 0.018333333333333333 0.06166666666666667
0 0.55 0.8708333333333333 0.03333333333333333 0.03833333333333333
0 0.26916666666666667 0.8708333333333333 0.011666666666666667 0.03833333333333333
0 0.5116666666666667 0.8875 0.03 0.045
0 0.2758333333333333 0.8925 0.018333333333333333 0.06833333333333333
0 0.5483333333333333 0.9041666666666667 0.02666666666666667 0.04833333333333333
0 0.5325 0.9108333333333334 0.018333333333333333 0.04833333333333333
0 0.5025 0.9433333333333334 0.0016666666666666668 0.0033333333333333335
0 0.495 0.9358333333333333 0.03 0.041666666666666664
0 0.51 0.9516666666666667 0.02666666666666667 0.03666666666666667
0 0.5433333333333333 0.9516666666666667 0.023333333333333334 0.043333333333333335
0 0.4825 0.9708333333333333 0.035 0.035
0 0.5341666666666667 0.9858333333333333 0.021666666666666667 0.028333333333333332
0 0.5108333333333334 0.9891666666666666 0.03166666666666667 0.021666666666666667
0 0.4816666666666667 0.9908333333333333 0.03 0.018333333333333333
0 0.7216666666666667 0.1075 0.013333333333333334 0.041666666666666664
0 0.6358333333333334 0.11416666666666667 0.025 0.041666666666666664
0 0.6566666666666666 0.12166666666666667 0.02 0.05333333333333334
0 0.705 0.14083333333333334 0.016666666666666666 0.058333333333333334
0 0.7483333333333333 0.145 0.02666666666666667 0.07
0 0.7358333333333333 0.15416666666666667 0.021666666666666667 0.055
0 0.6566666666666666 0.15916666666666668 0.03 0.051666666666666666
0 0.6758333333333333 0.16083333333333333 0.018333333333333333 0.045
0 0.65 0.014166666666666666 0.02 0.028333333333333332
0 0.6925 0.17833333333333334 0.018333333333333333 0.04666666666666667
0 0.725 0.17583333333333334 0.016666666666666666 0.065
0 0.7116666666666667 0.19166666666666668 0.02 0.04
0 0.6708333333333333 0.19833333333333333 0.015 0.02666666666666667
0 0.69 0.20416666666666666 0.02666666666666667 0.045
0 0.7133333333333334 0.225 0.023333333333333334 0.04
0 0.7058333333333333 0.020833333333333332 0.028333333333333332 0.041666666666666664
0 0.6883333333333334 0.22833333333333333 0.03666666666666667 0.05333333333333334
0 0.7375 0.24166666666666667 0.025 0.06333333333333334
0 0.7516666666666667 0.245 0.023333333333333334 0.043333333333333335
0 0.6041666666666666 0.02666666666666667 0.015 0.05333333333333334
0 0.6308333333333334 0.30416666666666664 0.018333333333333333 0.06833333333333333
0 0.5875 0.32416666666666666 0.015 0.04833333333333333
0 0.5541666666666667 0.32666666666666666 0.025 0.07333333333333333
0 0.5675 0.3408333333333333 0.015 0.045
0 0.1675 0.3575 0.025 0.07833333333333334
0 0.09833333333333333 0.035 0.03333333333333333 0.07
0 0.465 0.41 0.02666666666666667 0.07333333333333333
0 0.1625 0.47 0.018333333333333333 0.07333333333333333
