0 0.5691666666666667 0.5008333333333334 0.021666666666666667 0.065
0 0.43583333333333335 0.51 0.03166666666666667 0.056666666666666664
0 0.59 0.5258333333333334 0.023333333333333334 0.08166666666666667
0 0.6083333333333333 0.5325 0.03 0.07833333333333334
0 0.48333333333333334 0.535 0.04 0.04
0 0.4975 0.5616666666666666 0.03833333333333333 0.03333333333333333
0 0.43416666666666665 0.5541666666666667 0.028333333333333332 0.06833333333333333
0 0.4425 0.5583333333333333 0.045 0.056666666666666664
0 0.46 0.5791666666666667 0.04 0.035
0 0.51 0.5925 0.04666666666666667 0.035
0 0.4116666666666667 0.5916666666666667 0.02 0.09666666666666666
0 0.43166666666666664 0.6191666666666666 0.016666666666666666 0.07833333333333334
0 0.47333333333333333 0.63 0.03333333333333333 0.06333333333333334
0 0.4475 0.6383333333333333 0.021666666666666667 0.08666666666666667
0 0.42 0.7058333333333333 0.02 0.08833333333333333
0 0.43916666666666665 0.7066666666666667 0.021666666666666667 0.08333333333333333
0 0.435 0.7541666666666667 0.02 0.06833333333333333
0 0.43416666666666665 0.8016666666666666 0.03166666666666667 0.06666666666666667
0 0.5366666666666666 0.385 0.02 0.08333333333333333
0 0.5708333333333333 0.4116666666666667 0.045 0.04666666666666667
0 0.5575 0.4083333333333333 0.03166666666666667 0.07333333333333333
0 0.6075 0.4225 0.03833333333333333 0.03833333333333333
0 0.525 0.425 0.043333333333333335 0.06
0 0.5075 0.43583333333333335 0.035 0.075
0 0.4575 0.4533333333333333 0.045 0.06
0 0.5633333333333334 0.45166666666666666 0.03333333333333333 0.043333333333333335
0 0.6133333333333333 0.4575 0.03666666666666667 0.055
0 0.5016666666666667 0.4583333333333333 0.03333333333333333 0.08
0 0.5841666666666666 0.46 0.025 0.06
0 0.5366666666666666 0.465 0.03 0.04666666666666667
0 0.635 0.46166666666666667 0.02666666666666667 0.043333333333333335
0 0.6091666666666666 0.4825 0.028333333333333332 0.065
0 0.48 0.48083333333333333 0.02 0.06166666666666667
