0 0.905 0.43833333333333335 0.04666666666666667 0.07666666666666666
0 0.205 0.4658333333333333 0.03666666666666667 0.03166666666666667
0 0.18583333333333332 0.4891666666666667 0.035 0.028333333333333332
0 0.20666666666666667 0.5058333333333334 0.03666666666666667 0.028333333333333332
0 0.24083333333333334 0.5225 0.03833333333333333 0.028333333333333332
0 0.2125 0.5316666666666666 0.035 0.03
0 0.1975 0.5583333333333333 0.035 0.03666666666666667
0 0.2225 0.5616666666666666 0.041666666666666664 0.03
0 0.15833333333333333 0.5966666666666667 0.01 0.04
0 0.2025 0.5983333333333334 0.028333333333333332 0.03
0 0.18916666666666668 0.6016666666666667 0.021666666666666667 0.06666666666666667
0 0.16666666666666666 0.6083333333333333 0.02666666666666667 0.06666666666666667
0 0.21583333333333332 0.6525 0.025 0.045
0 0.195 0.6591666666666667 0.03 0.04833333333333333
0 0.31583333333333335 0.67 0.021666666666666667 0.06
0 0.1725 0.6733333333333333 0.021666666666666667 0.06
0 0.21666666666666667 0.6766666666666666 0.02666666666666667 0.043333333333333335
0 0.19083333333333333 0.6991666666666667 0.025 0.055
0 0.2475 0.705 0.025 0.06666666666666667
0 0.33166666666666667 0.7075 0.03333333333333333 0.035
0 0.30916666666666665 0.7141666666666666 0.03166666666666667 0.035
0 0.2991666666666667 0.7225 0.035 0.041666666666666664
0 0.19583333333333333 0.7225 0.028333333333333332 0.051666666666666666
0 0.295 0.7425 0.03 0.03833333333333333
0 0.17333333333333334 0.7458333333333333 0.023333333333333334 0.06166666666666667
0 0.33 0.7533333333333333 0.03 0.043333333333333335
0 0.1975 0.7816666666666666 0.03166666666666667 0.07
0 0.19916666666666666 0.7816666666666666 0.028333333333333332 0.07
0 0.8283333333333334 0.016666666666666666 0.03 0.03333333333333333
0 0.3491666666666667 0.8341666666666666 0.018333333333333333 0.075
0 0.2225 0.84 0.041666666666666664 0.06
0 0.20833333333333334 0.8666666666666667 0.03 0.05
0 0.23166666666666666 0.8875 0.02 0.04833333333333333
0 0.24833333333333332 0.91 0.016666666666666666 0.08
0 0.8066666666666666 0.020833333333333332 0.023333333333333334 0.025
0 0.8316666666666667 0.05 0.03333333333333333 0.06
0 0.8525 0.06 0.021666666666666667 0.08333333333333333
0 0.875 0.06333333333333334 0.02666666666666667 0.07333333333333333
0 0.25666666666666665 0.06416666666666666 0.016666666666666666 0.055
0 0.825 0.08 0.023333333333333334 0.03
0 0.23166666666666666 0.105 0.03666666666666667 0.03333333333333333
0 0.7833333333333333 0.1175 0.023333333333333334 0.07166666666666667
0 0.9016666666666666 0.13 0.023333333333333334 0.07
0 0.24083333333333334 0.13666666666666666 0.03166666666666667 0.03
0 0.25583333333333336 0.15083333333333335 0.025 0.021666666666666667
0 0.22666666666666666 0.17333333333333334 0.023333333333333334 0.04666666666666667
0 0.3591666666666667 0.17666666666666667 0.03833333333333333 0.05
0 0.25333333333333335 0.17666666666666667 0.03666666666666667 0.03
0 0.9325 0.17833333333333334 0.028333333333333332 0.07
0 0.8958333333333334 0.185 0.018333333333333333 0.06666666666666667
0 0.91 0.1975 0.02 0.065
0 0.8816666666666667 0.2 0.02 0.08333333333333333
0 0.22333333333333333 0.22083333333333333 0.03 0.058333333333333334
0 0.24083333333333334 0.22583333333333333 0.03166666666666667 0.04833333333333333
0 0.8958333333333334 0.23166666666666666 0.021666666666666667 0.043333333333333335
0 0.9316666666666666 0.235 0.03 0.05333333333333334
0 0.91 0.235 0.02 0.07666666666666666
0 0.9525 0.24833333333333332 0.025 0.07333333333333333
0 0.9241666666666667 0.275 0.028333333333333332 0.056666666666666664
0 0.53 0.2791666666666667 0.03 0.075
0 0.8958333333333334 0.29083333333333333 0.021666666666666667 0.085
0 0.92 0.30666666666666664 0.02 0.08333333333333333
0 0.9741666666666666 0.3175 0.028333333333333332 0.04833333333333333
0 0.9066666666666666 0.3258333333333333 0.02 0.051666666666666666
0 0.9308333333333333 0.3333333333333333 0.025 0.06333333333333334
0 0.285 0.36 0.03333333333333333 0.07
0 0.8916666666666667 0.3933333333333333 0.016666666666666666 0.05333333333333334
0 0.9266666666666666 0.3983333333333333 0.02 0.05333333333333334
0 0.9033333333333333 0.40166666666666667 0.03333333333333333 0.07666666666666666
0 0.9425 0.4075 0.025 0.07166666666666667
