0 0.3516666666666667 0.5016666666666667 0.01 0.06666666666666667
0 0.3875 0.49583333333333335 0.018333333333333333 0.058333333333333334
0 0.25416666666666665 0.49416666666666664 0.018333333333333333 0.051666666666666666
0 0.31666666666666665 0.4841666666666667 0.03333333333333333 0.03833333333333333
0 0.36333333333333334 0.49416666666666664 0.016666666666666666 0.058333333333333334
0 0.26916666666666667 0.4791666666666667 0.018333333333333333 0.058333333333333334
0 0.23666666666666666 0.4716666666666667 0.03333333333333333 0.056666666666666664
0 0.3408333333333333 0.47333333333333333 0.015 0.06
0 0.2875 0.455 0.018333333333333333 0.05333333333333334
0 0.4533333333333333 0.455 0.03333333333333333 0.043333333333333335
0 0.5733333333333334 0.44916666666666666 0.03 0.028333333333333332
0 0.305 0.4483333333333333 0.02 0.07
0 0.6841666666666667 0.45 0.045 0.03
0 0.6433333333333333 0.4475 0.03666666666666667 0.03833333333333333
0 0.5366666666666666 0.44166666666666665 0.043333333333333335 0.02666666666666667
0 0.4066666666666667 0.4483333333333333 0.016666666666666666 0.06666666666666667
0 0.6183333333333333 0.4425 0.03333333333333333 0.045
0 0.37166666666666665 0.4425 0.02 0.07166666666666667
0 0.48333333333333334 0.43666666666666665 0.03333333333333333 0.03666666666666667
0 0.5858333333333333 0.43416666666666665 0.025 0.03166666666666667
0 0.2758333333333333 0.43166666666666664 0.025 0.04666666666666667
0 0.5466666666666666 0.4191666666666667 0.03333333333333333 0.028333333333333332
0 0.3358333333333333 0.42 0.018333333333333333 0.07333333333333333
0 0.38333333333333336 0.42 0.013333333333333334 0.06666666666666667
0 0.4716666666666667 0.415 0.03333333333333333 0.03
0 0.5608333333333333 0.4116666666666667 0.028333333333333332 0.04666666666666667
0 0.31166666666666665 0.41333333333333333 0.03 0.06333333333333334
0 0.5033333333333333 0.4141666666666667 0.03333333333333333 0.041666666666666664
0 0.5183333333333333 0.4091666666666667 0.03 0.03833333333333333
0 0.4583333333333333 0.4091666666666667 0.03333333333333333 0.03833333333333333
0 0.36 0.4041666666666667 0.023333333333333334 0.07166666666666667
0 0.415 0.4 0.016666666666666666 0.07666666666666666
0 0.29833333333333334 0.40166666666666667 0.02 0.056666666666666664
0 0.3975 0.39416666666666667 0.018333333333333333 0.065
0 0.5383333333333333 0.3908333333333333 0.03 0.035
0 0.43666666666666665 0.37583333333333335 0.013333333333333334 0.065
0 0.425 0.38083333333333336 0.013333333333333334 0.06833333333333333
0 0.4508333333333333 0.36333333333333334 0.021666666666666667 0.04
0 0.37583333333333335 0.3641666666666667 0.015 0.07833333333333334
0 0.35833333333333334 0.3625 0.016666666666666666 0.075
0 0.3233333333333333 0.3625 0.04 0.035
0 0.4716666666666667 0.35 0.02666666666666667 0.05
0 0.38666666666666666 0.3441666666666667 0.016666666666666666 0.07166666666666667
0 0.4008333333333333 0.3458333333333333 0.015 0.041666666666666664
0 0.4191666666666667 0.3258333333333333 0.025 0.07833333333333334
0 0.5 0.3258333333333333 0.03666666666666667 0.028333333333333332
0 0.4708333333333333 0.325 0.041666666666666664 0.03666666666666667
0 0.44583333333333336 0.325 0.041666666666666664 0.03333333333333333
0 0.5283333333333333 0.31833333333333336 0.03666666666666667 0.02666666666666667
0 0.39666666666666667 0.30333333333333334 0.013333333333333334 0.056666666666666664
0 0.465 0.29333333333333333 0.03666666666666667 0.03
0 0.42083333333333334 0.2891666666666667 0.025 0.065
0 0.45 0.2825 0.03666666666666667 0.04833333333333333
0 0.4125 0.27666666666666667 0.025 0.06
0 0.4266666666666667 0.7833333333333333 0.03 0.043333333333333335
0 0.4708333333333333 0.7725 0.03166666666666667 0.041666666666666664
0 0.45 0.7716666666666666 0.03 0.04666666666666667
0 0.5075 0.7441666666666666 0.035 0.045
0 0.45 0.745 0.03666666666666667 0.04
0 0.4925 0.7358333333333333 0.03833333333333333 0.028333333333333332
0 0.4741666666666667 0.72 0.03833333333333333 0.03
0 0.5441666666666667 0.6941666666666667 0.041666666666666664 0.041666666666666664
0 0.28583333333333333 0.6841666666666667 0.018333333333333333 0.07166666666666667
0 0.535 0.6841666666666667 0.023333333333333334 0.021666666666666667
0 0.46 0.6775 0.016666666666666666 0.075
0 0.3125 0.6425 0.018333333333333333 0.06166666666666667
0 0.2841666666666667 0.6441666666666667 0.018333333333333333 0.055
0 0.2758333333333333 0.6175 0.018333333333333333 0.055
0 0.32666666666666666 0.6066666666666667 0.016666666666666666 0.06
0 0.295 0.6066666666666667 0.016666666666666666 0.06
0 0.2625 0.5983333333333334 0.015 0.056666666666666664
0 0.19166666666666668 0.595 0.03 0.04
0 0.24666666666666667 0.5925 0.023333333333333334 0.055
0 0.2125 0.5833333333333334 0.021666666666666667 0.05
0 0.3541666666666667 0.5766666666666667 0.018333333333333333 0.06
0 0.3425 0.57 0.015 0.07
0 0.2891666666666667 0.565 0.021666666666666667 0.056666666666666664
0 0.30583333333333335 0.5466666666666666 0.021666666666666667 0.08333333333333333
0 0.37583333333333335 0.5483333333333333 0.018333333333333333 0.07333333333333333
0 0.17083333333333334 0.5425 0.035 0.041666666666666664
0 0.2675 0.5366666666666666 0.028333333333333332 0.07
0 0.21083333333333334 0.5341666666666667 0.018333333333333333 0.065
0 0.2275 0.5308333333333334 0.021666666666666667 0.065
0 0.32166666666666666 0.53 0.02 0.06333333333333334
0 0.335 0.48833333333333334 0.0033333333333333335 0.013333333333333334
0 0.3025 0.52 0.035 0.03666666666666667
0 0.36916666666666664 0.5058333333333334 0.021666666666666667 0.075
