0 0.56 0.49333333333333335 0.04 0.056666666666666664
0 0.42916666666666664 0.5 0.028333333333333332 0.06
0 0.47833333333333333 0.5058333333333334 0.04 0.03166666666666667
0 0.5941666666666666 0.5108333333333334 0.025 0.06833333333333333
0 0.4875 0.535 0.03833333333333333 0.03
0 0.44416666666666665 0.5333333333333333 0.028333333333333332 0.05
0 0.4266666666666667 0.5425 0.023333333333333334 0.07166666666666667
0 0.48833333333333334 0.565 0.04 0.03
0 0.4066666666666667 0.5808333333333333 0.023333333333333334 0.08166666666666667
0 0.45166666666666666 0.5775 0.016666666666666666 0.07166666666666667
0 0.43166666666666664 0.5916666666666667 0.02 0.07
0 0.465 0.6183333333333333 0.023333333333333334 0.06666666666666667
0 0.44166666666666665 0.6358333333333334 0.02 0.08833333333333333
0 0.42083333333333334 0.66 0.018333333333333333 0.06333333333333334
0 0.4091666666666667 0.715 0.025 0.07
0 0.4275 0.7225 0.03166666666666667 0.06166666666666667
0 0.39166666666666666 0.7758333333333334 0.043333333333333335 0.03833333333333333
0 0.36333333333333334 0.8016666666666666 0.04666666666666667 0.03333333333333333
0 0.5233333333333333 0.3675 0.02 0.075
0 0.5433333333333333 0.39166666666666666 0.02666666666666667 0.07333333333333333
0 0.5616666666666666 0.39666666666666667 0.03333333333333333 0.04
0 0.5916666666666667 0.4058333333333333 0.03666666666666667 0.035
0 0.5133333333333333 0.4091666666666667 0.03666666666666667 0.04833333333333333
0 0.49416666666666664 0.41333333333333333 0.03166666666666667 0.07
0 0.5983333333333334 0.4375 0.03333333333333333 0.045
0 0.5491666666666667 0.44083333333333335 0.03166666666666667 0.051666666666666666
0 0.5708333333333333 0.44 0.025 0.056666666666666664
0 0.525 0.44666666666666666 0.03 0.04666666666666667
0 0.49166666666666664 0.43916666666666665 0.03333333333333333 0.075
0 0.6175 0.44333333333333336 0.025 0.04
0 0.4675 0.4508333333333333 0.028333333333333332 0.051666666666666666
0 0.5933333333333334 0.4625 0.023333333333333334 0.065
0 0.43416666666666665 0.4625 0.03833333333333333 0.065
