0 0.4816666666666667 0.51 0.03666666666666667 0.11333333333333333
0 0.6866666666666666 0.9583333333333334 0.03 0.08333333333333333
0 0.5508333333333333 0.4141666666666667 0.04833333333333333 0.11166666666666666
0 0.13333333333333333 0.40166666666666667 0.043333333333333335 0.12333333333333334
0 0.3566666666666667 0.375 0.03 0.11333333333333333
0 0.22416666666666665 0.31666666666666665 0.041666666666666664 0.12
0 0.49166666666666664 0.315 0.05 0.09666666666666666
0 0.2683333333333333 0.3125 0.03 0.115
0 0.4625 0.30666666666666664 0.051666666666666666 0.10666666666666667
0 0.3025 0.275 0.03166666666666667 0.12333333333333334
0 0.17166666666666666 0.26 0.05 0.11
0 0.4008333333333333 0.25 0.035 0.11666666666666667
0 0.4558333333333333 0.2375 0.035 0.10833333333333334
0 0.2708333333333333 0.19083333333333333 0.03833333333333333 0.10166666666666667
0 0.6016666666666667 0.775 0.03 0.12333333333333334
