0 0.6333333333333333 0.47833333333333333 0.016666666666666666 0.06333333333333334
0 0.5941666666666666 0.4791666666666667 0.015 0.058333333333333334
0 0.72 0.4816666666666667 0.016666666666666666 0.05333333333333334
0 0.7641666666666667 0.5016666666666667 0.035 0.043333333333333335
0 0.6941666666666667 0.505 0.03833333333333333 0.03333333333333333
0 0.7208333333333333 0.505 0.028333333333333332 0.056666666666666664
0 0.6691666666666667 0.5116666666666667 0.021666666666666667 0.07
0 0.615 0.51 0.023333333333333334 0.06666666666666667
0 0.635 0.5175 0.03 0.03833333333333333
0 0.5766666666666667 0.515 0.016666666666666666 0.06333333333333334
0 0.5491666666666667 0.5275 0.03166666666666667 0.06833333333333333
0 0.5841666666666666 0.5341666666666667 0.015 0.058333333333333334
0 0.5941666666666666 0.5358333333333334 0.018333333333333333 0.065
0 0.6816666666666666 0.5408333333333334 0.02 0.045
0 0.25583333333333336 0.5675 0.045 0.028333333333333332
0 0.6141666666666666 0.5608333333333333 0.028333333333333332 0.03833333333333333
0 0.2966666666666667 0.5716666666666667 0.03666666666666667 0.04
0 0.3591666666666667 0.5716666666666667 0.035 0.02666666666666667
0 0.6983333333333334 0.5683333333333334 0.03 0.056666666666666664
0 0.32166666666666666 0.5775 0.03333333333333333 0.045
0 0.48583333333333334 0.5716666666666667 0.03166666666666667 0.043333333333333335
0 0.5608333333333333 0.5741666666666667 0.015 0.065
0 0.6633333333333333 0.5733333333333334 0.023333333333333334 0.05
0 0.4025 0.5825 0.03833333333333333 0.025
0 0.35333333333333333 0.59 0.023333333333333334 0.023333333333333334
0 0.45416666666666666 0.5883333333333334 0.03166666666666667 0.03666666666666667
0 0.5916666666666667 0.5933333333333334 0.016666666666666666 0.06333333333333334
0 0.5441666666666667 0.5941666666666666 0.011666666666666667 0.06166666666666667
0 0.39166666666666666 0.6033333333333334 0.03 0.03
0 0.5333333333333333 0.6058333333333333 0.016666666666666666 0.065
0 0.5725 0.6008333333333333 0.018333333333333333 0.06166666666666667
0 0.4658333333333333 0.6116666666666667 0.03166666666666667 0.03
0 0.3775 0.6108333333333333 0.028333333333333332 0.04833333333333333
0 0.43416666666666665 0.6116666666666667 0.03166666666666667 0.04
0 0.41833333333333333 0.615 0.03 0.04
0 0.6591666666666667 0.6133333333333333 0.021666666666666667 0.043333333333333335
0 0.4775 0.6175 0.035 0.035
0 0.6441666666666667 0.6158333333333333 0.018333333333333333 0.04833333333333333
0 0.625 0.6283333333333333 0.023333333333333334 0.05
0 0.3958333333333333 0.6341666666666667 0.03166666666666667 0.03166666666666667
0 0.5475 0.6358333333333334 0.015 0.045
0 0.5975 0.6375 0.015 0.065
0 0.5658333333333333 0.6408333333333334 0.018333333333333333 0.065
0 0.5216666666666666 0.6441666666666667 0.013333333333333334 0.065
0 0.49833333333333335 0.6508333333333334 0.013333333333333334 0.06166666666666667
0 0.4825 0.6625 0.028333333333333332 0.03833333333333333
0 0.5825 0.66 0.018333333333333333 0.06333333333333334
0 0.51 0.6666666666666666 0.013333333333333334 0.056666666666666664
0 0.5308333333333334 0.6708333333333333 0.018333333333333333 0.065
0 0.6316666666666667 0.6683333333333333 0.023333333333333334 0.06
0 0.61 0.675 0.03333333333333333 0.043333333333333335
0 0.5483333333333333 0.6883333333333334 0.016666666666666666 0.07333333333333333
0 0.45416666666666666 0.6966666666666667 0.025 0.05
0 0.48833333333333334 0.7008333333333333 0.03666666666666667 0.035
0 0.4008333333333333 0.7108333333333333 0.035 0.028333333333333332
0 0.42916666666666664 0.7058333333333333 0.03166666666666667 0.035
0 0.5791666666666667 0.705 0.025 0.06
0 0.5133333333333333 0.7258333333333333 0.02 0.07833333333333334
0 0.465 0.7316666666666667 0.04 0.023333333333333334
0 0.5358333333333334 0.7358333333333333 0.015 0.045
0 0.48333333333333334 0.7433333333333333 0.04 0.043333333333333335
0 0.5175 0.7708333333333334 0.025 0.055
0 0.5141666666666667 0.25166666666666665 0.028333333333333332 0.043333333333333335
0 0.4925 0.2608333333333333 0.028333333333333332 0.041666666666666664
0 0.4583333333333333 0.2675 0.03 0.041666666666666664
0 0.5375 0.013333333333333334 0.028333333333333332 0.02666666666666667
0 0.43083333333333335 0.2825 0.03166666666666667 0.035
0 0.4891666666666667 0.2866666666666667 0.035 0.03333333333333333
0 0.4375 0.3075 0.035 0.035
0 0.465 0.31083333333333335 0.03666666666666667 0.028333333333333332
0 0.3958333333333333 0.3325 0.045 0.03833333333333333
0 0.4066666666666667 0.3433333333333333 0.023333333333333334 0.016666666666666666
0 0.4791666666666667 0.34833333333333333 0.021666666666666667 0.06666666666666667
0 0.6525 0.3675 0.018333333333333333 0.095
0 0.6533333333333333 0.3933333333333333 0.016666666666666666 0.05333333333333334
0 0.6266666666666667 0.39416666666666667 0.016666666666666666 0.06166666666666667
0 0.6616666666666666 0.4216666666666667 0.016666666666666666 0.05333333333333334
0 0.6125 0.42833333333333334 0.018333333333333333 0.056666666666666664
0 0.6416666666666667 0.4325 0.016666666666666666 0.058333333333333334
0 0.6741666666666667 0.44166666666666665 0.015 0.056666666666666664
0 0.69 0.4475 0.023333333333333334 0.055
0 0.5108333333333334 0.025833333333333333 0.035 0.051666666666666666
0 0.7383333333333333 0.4675 0.016666666666666666 0.058333333333333334
0 0.6608333333333334 0.4725 0.018333333333333333 0.055
0 0.61 0.47333333333333333 0.016666666666666666 0.04666666666666667
