0 0.03666666666666667 0.52 0.016666666666666666 0.023333333333333334
0 0.51 0.49666666666666665 0.016666666666666666 0.03
0 0.4525 0.4691666666666667 0.021666666666666667 0.021666666666666667
0 0.4791666666666667 0.46 0.018333333333333333 0.02666666666666667
0 0.4608333333333333 0.4525 0.021666666666666667 0.021666666666666667
0 0.29583333333333334 0.43 0.021666666666666667 0.04666666666666667
0 0.8266666666666667 0.4033333333333333 0.02666666666666667 0.04
0 0.6966666666666667 0.37 0.016666666666666666 0.03333333333333333
0 0.7008333333333333 0.3491666666666667 0.011666666666666667 0.045
0 0.7466666666666667 0.33 0.013333333333333334 0.03333333333333333
0 0.6975 0.3325 0.021666666666666667 0.041666666666666664
0 0.5633333333333334 0.3016666666666667 0.02666666666666667 0.05
0 0.5725 0.2975 0.018333333333333333 0.028333333333333332
0 0.5391666666666667 0.2866666666666667 0.021666666666666667 0.03
0 0.515 0.26916666666666667 0.02666666666666667 0.045
0 0.49833333333333335 0.2625 0.02 0.04833333333333333
0 0.7391666666666666 0.2625 0.025 0.03833333333333333
0 0.5233333333333333 0.26 0.03 0.03666666666666667
0 0.5683333333333334 0.24666666666666667 0.02666666666666667 0.043333333333333335
0 0.4675 0.23333333333333334 0.025 0.05
0 0.535 0.22916666666666666 0.03 0.041666666666666664
0 0.9091666666666667 0.20083333333333334 0.035 0.04833333333333333
0 0.58 0.10333333333333333 0.03333333333333333 0.03666666666666667
0 0.6566666666666666 0.09916666666666667 0.03666666666666667 0.028333333333333332
0 0.36333333333333334 0.0425 0.03333333333333333 0.058333333333333334
0 0.3258333333333333 0.8591666666666666 0.011666666666666667 0.011666666666666667
0 0.26916666666666667 0.8541666666666666 0.008333333333333333 0.011666666666666667
0 0.44583333333333336 0.8525 0.011666666666666667 0.018333333333333333
0 0.2658333333333333 0.8525 0.005 0.011666666666666667
0 0.29083333333333333 0.8483333333333334 0.008333333333333333 0.013333333333333334
0 0.2825 0.8491666666666666 0.005 0.008333333333333333
0 0.42583333333333334 0.8475 0.011666666666666667 0.015
0 0.25583333333333336 0.8383333333333334 0.011666666666666667 0.013333333333333334
0 0.44166666666666665 0.8375 0.01 0.015
0 0.42916666666666664 0.8383333333333334 0.008333333333333333 0.013333333333333334
0 0.25166666666666665 0.8375 0.016666666666666666 0.015
0 0.25833333333333336 0.8375 0.006666666666666667 0.011666666666666667
0 0.415 0.835 0.013333333333333334 0.02
0 0.25583333333333336 0.815 0.011666666666666667 0.02
0 0.32083333333333336 0.7708333333333334 0.015 0.021666666666666667
0 0.28583333333333333 0.7391666666666666 0.008333333333333333 0.008333333333333333
0 0.2808333333333333 0.7308333333333333 0.011666666666666667 0.015
0 0.29 0.7283333333333334 0.016666666666666666 0.02666666666666667
0 0.27666666666666667 0.725 0.016666666666666666 0.02
0 0.415 0.62 0.013333333333333334 0.02
0 0.4083333333333333 0.6183333333333333 0.023333333333333334 0.023333333333333334
0 0.39916666666666667 0.6125 0.015 0.021666666666666667
0 0.3858333333333333 0.6066666666666667 0.018333333333333333 0.016666666666666666
0 0.49166666666666664 0.5925 0.016666666666666666 0.015
0 0.5133333333333333 0.5941666666666666 0.02 0.021666666666666667
0 0.47 0.5883333333333334 0.023333333333333334 0.02
0 0.455 0.5783333333333334 0.016666666666666666 0.013333333333333334
0 0.49 0.5833333333333334 0.02 0.02666666666666667
0 0.4691666666666667 0.5816666666666667 0.021666666666666667 0.023333333333333334
0 0.6291666666666667 0.5783333333333334 0.011666666666666667 0.03
0 0.4558333333333333 0.5716666666666667 0.018333333333333333 0.023333333333333334
0 0.4975 0.5575 0.011666666666666667 0.03166666666666667
0 0.05333333333333334 0.5541666666666667 0.013333333333333334 0.028333333333333332
0 0.034166666666666665 0.5541666666666667 0.011666666666666667 0.025
0 0.02 0.535 0.02 0.03333333333333333
0 0.03666666666666667 0.5266666666666666 0.016666666666666666 0.03666666666666667
0 0.5266666666666666 0.5233333333333333 0.016666666666666666 0.03333333333333333
