0 0.19416666666666665 0.9583333333333334 0.03833333333333333 0.08333333333333333
0 0.13833333333333334 0.465 0.06333333333333334 0.06333333333333334
0 0.19916666666666666 0.4191666666666667 0.06833333333333333 0.09166666666666666
0 0.02 0.3425 0.04 0.13166666666666665
0 0.18083333333333335 0.25416666666666665 0.07833333333333334 0.07166666666666667
0 0.0275 0.9416666666666667 0.055 0.06
0 0.14333333333333334 0.8825 0.07 0.10833333333333334
0 0.018333333333333333 0.995 0.03666666666666667 0.01
0 0.1575 0.7333333333333333 0.035 0.12333333333333334
0 0.18416666666666667 0.6175 0.06166666666666667 0.11833333333333333
0 0.14166666666666666 0.9716666666666667 0.06333333333333334 0.056666666666666664
