0 0.6441666666666667 0.535 0.06166666666666667 0.056666666666666664
0 0.6641666666666667 0.6 0.058333333333333334 0.043333333333333335
0 0.6133333333333333 0.6516666666666666 0.056666666666666664 0.05
0 0.5933333333333334 0.0275 0.03 0.055
0 0.5983333333333334 0.7083333333333334 0.06333333333333334 0.04666666666666667
0 0.58 0.7975 0.05333333333333334 0.075
0 0.5866666666666667 0.8608333333333333 0.05 0.06833333333333333
0 0.6475 0.9858333333333333 0.058333333333333334 0.028333333333333332
0 0.5375 0.07416666666666667 0.06166666666666667 0.058333333333333334
0 0.24166666666666667 0.1075 0.06333333333333334 0.06833333333333333
0 0.5816666666666667 0.1575 0.06 0.051666666666666666
0 0.6133333333333333 0.36083333333333334 0.06 0.065
0 0.6108333333333333 0.4241666666666667 0.058333333333333334 0.04833333333333333
