0 0.8283333333333334 0.535 0.03 0.07
0 0.765 0.4841666666666667 0.02666666666666667 0.055
0 0.7433333333333333 0.4725 0.023333333333333334 0.07166666666666667
0 0.7808333333333334 0.4691666666666667 0.021666666666666667 0.055
0 0.7225 0.4675 0.021666666666666667 0.058333333333333334
0 0.7583333333333333 0.45 0.03333333333333333 0.05333333333333334
0 0.7333333333333333 0.4175 0.02 0.051666666666666666
0 0.7016666666666667 0.4175 0.02 0.03833333333333333
0 0.765 0.415 0.03 0.03
0 0.7183333333333334 0.3883333333333333 0.016666666666666666 0.07
0 0.7066666666666667 0.37666666666666665 0.023333333333333334 0.05333333333333334
0 0.71 0.3233333333333333 0.02 0.06333333333333334
0 0.7283333333333334 0.295 0.016666666666666666 0.07333333333333333
0 0.7041666666666667 0.29083333333333333 0.021666666666666667 0.06833333333333333
0 0.37916666666666665 0.9641666666666666 0.018333333333333333 0.07166666666666667
0 0.725 0.255 0.02 0.06
0 0.7066666666666667 0.23916666666666667 0.02666666666666667 0.065
0 0.8033333333333333 0.23916666666666667 0.03666666666666667 0.058333333333333334
0 0.47583333333333333 0.20666666666666667 0.018333333333333333 0.07333333333333333
0 0.7283333333333334 0.20583333333333334 0.016666666666666666 0.03833333333333333
0 0.7083333333333334 0.19333333333333333 0.02 0.04
0 0.4658333333333333 0.18416666666666667 0.021666666666666667 0.055
0 0.7266666666666667 0.16333333333333333 0.02 0.07666666666666666
0 0.4633333333333333 0.16333333333333333 0.03 0.04666666666666667
0 0.4625 0.14083333333333334 0.041666666666666664 0.03833333333333333
0 0.45416666666666666 0.10333333333333333 0.028333333333333332 0.05
0 0.4875 0.09416666666666666 0.021666666666666667 0.051666666666666666
0 0.47333333333333333 0.09416666666666666 0.02 0.051666666666666666
0 0.5091666666666667 0.06916666666666667 0.03166666666666667 0.03833333333333333
0 0.4925 0.055 0.021666666666666667 0.03333333333333333
0 0.4608333333333333 0.0525 0.021666666666666667 0.041666666666666664
0 0.48 0.04833333333333333 0.03 0.043333333333333335
0 0.5166666666666667 0.04 0.03333333333333333 0.03666666666666667
0 0.5175 0.015 0.03166666666666667 0.02666666666666667
0 0.47333333333333333 0.015833333333333335 0.023333333333333334 0.03166666666666667
0 0.49166666666666664 0.014166666666666666 0.03 0.028333333333333332
0 0.5258333333333334 0.020833333333333332 0.005 0.0016666666666666668
0 0.38666666666666666 0.9391666666666667 0.023333333333333334 0.075
0 0.3625 0.9383333333333334 0.018333333333333333 0.05
0 0.345 0.9316666666666666 0.02 0.05
0 0.36333333333333334 0.9066666666666666 0.023333333333333334 0.043333333333333335
0 0.275 0.9033333333333333 0.016666666666666666 0.04666666666666667
0 0.3425 0.8783333333333333 0.025 0.07333333333333333
0 0.25166666666666665 0.8683333333333333 0.023333333333333334 0.07333333333333333
0 0.2916666666666667 0.8675 0.016666666666666666 0.058333333333333334
0 0.3433333333333333 0.8591666666666666 0.02666666666666667 0.06166666666666667
0 0.3233333333333333 0.8508333333333333 0.016666666666666666 0.051666666666666666
0 0.2633333333333333 0.8508333333333333 0.016666666666666666 0.06166666666666667
0 0.305 0.8325 0.02 0.045
0 0.27416666666666667 0.8341666666666666 0.018333333333333333 0.07833333333333334
0 0.3275 0.8141666666666667 0.015 0.025
0 0.285 0.8141666666666667 0.02 0.045
0 0.3075 0.8075 0.028333333333333332 0.03833333333333333
0 0.31 0.7783333333333333 0.03666666666666667 0.06
0 0.2816666666666667 0.7733333333333333 0.02666666666666667 0.056666666666666664
0 0.345 0.9933333333333333 0.013333333333333334 0.013333333333333334
0 0.25833333333333336 0.7641666666666667 0.03 0.06166666666666667
0 0.245 0.7575 0.023333333333333334 0.04833333333333333
0 0.29583333333333334 0.9875 0.015 0.025
0 0.3675 0.7033333333333334 0.018333333333333333 0.07
0 0.4125 0.6825 0.015 0.04833333333333333
0 0.4475 0.6833333333333333 0.025 0.07333333333333333
0 0.8366666666666667 0.6766666666666666 0.023333333333333334 0.06
0 0.43333333333333335 0.6725 0.013333333333333334 0.045
0 0.395 0.9875 0.016666666666666666 0.025
0 0.905 0.9816666666666667 0.03 0.03666666666666667
0 0.8383333333333334 0.6191666666666666 0.023333333333333334 0.051666666666666666
0 0.535 0.6008333333333333 0.02 0.075
0 0.8341666666666666 0.59 0.021666666666666667 0.043333333333333335
0 0.8475 0.565 0.018333333333333333 0.056666666666666664
