0 0.8841666666666667 0.5041666666666667 0.028333333333333332 0.041666666666666664
0 0.9075 0.49416666666666664 0.028333333333333332 0.065
0 0.22666666666666666 0.4925 0.03 0.06833333333333333
0 0.11583333333333333 0.4925 0.03833333333333333 0.041666666666666664
0 0.8116666666666666 0.4891666666666667 0.016666666666666666 0.058333333333333334
0 0.8225 0.46166666666666667 0.021666666666666667 0.056666666666666664
0 0.7983333333333333 0.4425 0.02666666666666667 0.065
0 0.855 0.43333333333333335 0.03 0.07
0 0.9191666666666667 0.43 0.025 0.06
0 0.82 0.41333333333333333 0.02 0.03666666666666667
0 0.8041666666666667 0.4066666666666667 0.025 0.05333333333333334
0 0.13166666666666665 0.39666666666666667 0.03666666666666667 0.04666666666666667
0 0.8041666666666667 0.37166666666666665 0.025 0.04666666666666667
0 0.7808333333333334 0.3566666666666667 0.028333333333333332 0.05333333333333334
0 0.1375 0.3566666666666667 0.035 0.03666666666666667
0 0.7625 0.3441666666666667 0.025 0.035
0 0.8066666666666666 0.3408333333333333 0.02666666666666667 0.035
0 0.7858333333333334 0.335 0.028333333333333332 0.05333333333333334
0 0.1375 0.3233333333333333 0.03833333333333333 0.04
0 0.10333333333333333 0.32083333333333336 0.023333333333333334 0.065
0 0.7625 0.31583333333333335 0.021666666666666667 0.025
0 0.7966666666666666 0.3125 0.04 0.025
0 0.7541666666666667 0.30083333333333334 0.045 0.045
0 0.7841666666666667 0.285 0.035 0.03333333333333333
0 0.12333333333333334 0.28583333333333333 0.03 0.041666666666666664
0 0.7541666666666667 0.2683333333333333 0.03833333333333333 0.04
0 0.13333333333333333 0.25083333333333335 0.02 0.06833333333333333
0 0.12 0.23916666666666667 0.016666666666666666 0.065
0 0.1075 0.23416666666666666 0.011666666666666667 0.041666666666666664
0 0.13833333333333334 0.215 0.013333333333333334 0.03666666666666667
0 0.12833333333333333 0.19666666666666666 0.016666666666666666 0.03333333333333333
0 0.25583333333333336 0.18666666666666668 0.025 0.056666666666666664
0 0.1475 0.19166666666666668 0.021666666666666667 0.04666666666666667
0 0.115 0.18666666666666668 0.016666666666666666 0.06
0 0.13083333333333333 0.16 0.018333333333333333 0.06
0 0.26916666666666667 0.15333333333333332 0.03166666666666667 0.03
0 0.245 0.1575 0.02666666666666667 0.055
0 0.23666666666666666 0.14416666666666667 0.02666666666666667 0.04833333333333333
0 0.18916666666666668 0.14 0.021666666666666667 0.07666666666666666
0 0.1225 0.12583333333333332 0.018333333333333333 0.058333333333333334
0 0.1425 0.12666666666666668 0.018333333333333333 0.06333333333333334
0 0.23333333333333334 0.11916666666666667 0.023333333333333334 0.03166666666666667
0 0.26 0.115 0.023333333333333334 0.03333333333333333
0 0.135 0.0975 0.023333333333333334 0.055
0 0.1375 0.07083333333333333 0.021666666666666667 0.058333333333333334
0 0.15416666666666667 0.058333333333333334 0.021666666666666667 0.06333333333333334
0 0.16916666666666666 0.058333333333333334 0.03166666666666667 0.06333333333333334
0 0.1325 0.043333333333333335 0.03166666666666667 0.06666666666666667
0 0.2875 0.035 0.021666666666666667 0.06333333333333334
0 0.17916666666666667 0.010833333333333334 0.03166666666666667 0.021666666666666667
0 0.1675 0.009166666666666667 0.041666666666666664 0.018333333333333333
0 0.755 0.8283333333333334 0.02 0.056666666666666664
0 0.7066666666666667 0.9816666666666667 0.02666666666666667 0.03666666666666667
0 0.7433333333333333 0.7883333333333333 0.016666666666666666 0.04666666666666667
0 0.76 0.7666666666666667 0.02 0.07666666666666666
0 0.7775 0.7625 0.021666666666666667 0.09166666666666666
0 0.7525 0.7416666666666667 0.018333333333333333 0.043333333333333335
0 0.71 0.7208333333333333 0.023333333333333334 0.07166666666666667
0 0.31 0.6591666666666667 0.03666666666666667 0.045
0 0.9691666666666666 0.6533333333333333 0.035 0.043333333333333335
0 0.13916666666666666 0.6533333333333333 0.025 0.04666666666666667
0 0.8008333333333333 0.6275 0.028333333333333332 0.065
0 0.7066666666666667 0.9633333333333334 0.02666666666666667 0.07333333333333333
0 0.1375 0.6108333333333333 0.021666666666666667 0.051666666666666666
0 0.11583333333333333 0.5958333333333333 0.011666666666666667 0.03166666666666667
0 0.14833333333333334 0.575 0.03 0.06
0 0.45416666666666666 0.575 0.035 0.03333333333333333
0 0.12333333333333334 0.58 0.023333333333333334 0.05333333333333334
0 0.8058333333333333 0.5625 0.018333333333333333 0.085
0 0.845 0.5633333333333334 0.02666666666666667 0.04666666666666667
0 0.8833333333333333 0.56 0.02666666666666667 0.05333333333333334
0 0.12583333333333332 0.5416666666666666 0.021666666666666667 0.056666666666666664
0 0.09 0.5375 0.03666666666666667 0.055
0 0.8658333333333333 0.5291666666666667 0.018333333333333333 0.07166666666666667
0 0.8208333333333333 0.5275 0.018333333333333333 0.065
