0 0.5316666666666666 0.5575 0.023333333333333334 0.06166666666666667
0 0.31583333333333335 0.5466666666666666 0.018333333333333333 0.07666666666666666
0 0.49 0.5375 0.02 0.045
0 0.49833333333333335 0.525 0.02666666666666667 0.05333333333333334
0 0.30083333333333334 0.5208333333333334 0.025 0.07166666666666667
0 0.3275 0.5191666666666667 0.018333333333333333 0.065
0 0.5275 0.5125 0.025 0.04833333333333333
0 0.4725 0.49583333333333335 0.018333333333333333 0.058333333333333334
0 0.5075 0.49583333333333335 0.021666666666666667 0.065
0 0.4583333333333333 0.49 0.016666666666666666 0.06333333333333334
0 0.3408333333333333 0.48333333333333334 0.018333333333333333 0.08333333333333333
0 0.48833333333333334 0.4675 0.016666666666666666 0.06166666666666667
0 0.5208333333333334 0.4575 0.028333333333333332 0.051666666666666666
0 0.4741666666666667 0.4583333333333333 0.015 0.06
0 0.3933333333333333 0.45416666666666666 0.02 0.051666666666666666
0 0.3566666666666667 0.45416666666666666 0.016666666666666666 0.07166666666666667
0 0.33 0.4533333333333333 0.023333333333333334 0.056666666666666664
0 0.5083333333333333 0.45 0.016666666666666666 0.05
0 0.4483333333333333 0.44583333333333336 0.016666666666666666 0.065
0 0.43666666666666665 0.43333333333333335 0.016666666666666666 0.06666666666666667
0 0.4925 0.4225 0.018333333333333333 0.058333333333333334
0 0.4633333333333333 0.4275 0.023333333333333334 0.06833333333333333
0 0.4075 0.4225 0.018333333333333333 0.065
0 0.4691666666666667 0.42 0.015 0.056666666666666664
0 0.4275 0.41333333333333333 0.021666666666666667 0.06333333333333334
0 0.3491666666666667 0.4075 0.018333333333333333 0.07166666666666667
0 0.3908333333333333 0.4116666666666667 0.025 0.06
0 0.3275 0.41583333333333333 0.028333333333333332 0.045
0 0.4766666666666667 0.3983333333333333 0.016666666666666666 0.06
0 0.495 0.39166666666666666 0.023333333333333334 0.05
0 0.5125 0.39 0.018333333333333333 0.05333333333333334
0 0.3625 0.37666666666666665 0.018333333333333333 0.06333333333333334
0 0.45 0.37583333333333335 0.016666666666666666 0.06833333333333333
0 0.38916666666666666 0.3675 0.025 0.06833333333333333
0 0.4191666666666667 0.3675 0.015 0.075
0 0.38 0.3625 0.02 0.065
0 0.4083333333333333 0.3541666666666667 0.016666666666666666 0.07166666666666667
0 0.4658333333333333 0.35833333333333334 0.015 0.06
0 0.485 0.35333333333333333 0.016666666666666666 0.04666666666666667
0 0.5158333333333334 0.3425 0.015 0.06166666666666667
0 0.5 0.33916666666666667 0.02 0.07166666666666667
0 0.44333333333333336 0.33666666666666667 0.02 0.07666666666666666
0 0.43083333333333335 0.32916666666666666 0.015 0.075
0 0.48083333333333333 0.3258333333333333 0.025 0.065
0 0.4675 0.30583333333333335 0.03166666666666667 0.058333333333333334
0 0.5175 0.29583333333333334 0.03833333333333333 0.04833333333333333
0 0.47333333333333333 0.265 0.02666666666666667 0.04
0 0.8666666666666667 0.195 0.023333333333333334 0.06333333333333334
0 0.8508333333333333 0.1575 0.021666666666666667 0.06166666666666667
0 0.8683333333333333 0.13833333333333334 0.02 0.06
0 0.845 0.10333333333333333 0.023333333333333334 0.06
0 0.8658333333333333 0.085 0.021666666666666667 0.06333333333333334
0 0.8883333333333333 0.095 0.02 0.05
0 0.88 0.08583333333333333 0.02 0.04833333333333333
0 0.9025 0.05416666666666667 0.021666666666666667 0.055
0 0.9233333333333333 0.045 0.023333333333333334 0.05
0 0.8841666666666667 0.03916666666666667 0.021666666666666667 0.055
0 0.8708333333333333 0.035833333333333335 0.03833333333333333 0.06166666666666667
0 0.9233333333333333 0.019166666666666665 0.023333333333333334 0.03833333333333333
0 0.885 0.014166666666666666 0.0033333333333333335 0.005
0 0.9058333333333334 0.0125 0.021666666666666667 0.025
0 0.29 0.6575 0.02 0.075
0 0.30583333333333335 0.63 0.021666666666666667 0.07666666666666666
0 0.2816666666666667 0.5925 0.023333333333333334 0.07833333333333334
0 0.32666666666666666 0.5825 0.016666666666666666 0.065
0 0.3 0.5833333333333334 0.02 0.056666666666666664
