0 0.45166666666666666 0.39416666666666667 0.06666666666666667 0.065
0 0.5925 0.32916666666666666 0.06833333333333333 0.07833333333333334
0 0.1475 0.32666666666666666 0.058333333333333334 0.09333333333333334
0 0.4116666666666667 0.285 0.05 0.11333333333333333
0 0.2833333333333333 0.23583333333333334 0.06333333333333334 0.06833333333333333
0 0.615 0.21916666666666668 0.07 0.065
0 0.4608333333333333 0.20416666666666666 0.07166666666666667 0.051666666666666666
0 0.545 0.12416666666666666 0.05 0.10166666666666667
0 0.13333333333333333 0.03166666666666667 0.07 0.056666666666666664
0 0.31166666666666665 0.9958333333333333 0.03666666666666667 0.008333333333333333
0 0.4166666666666667 0.995 0.07333333333333333 0.01
0 0.31916666666666665 0.6566666666666666 0.07166666666666667 0.056666666666666664
