0 0.43833333333333335 0.5275 0.02 0.018333333333333333
0 0.4175 0.5225 0.035 0.03833333333333333
0 0.1125 0.525 0.025 0.043333333333333335
0 0.14333333333333334 0.4975 0.0033333333333333335 0.0016666666666666668
0 0.14666666666666667 0.5166666666666667 0.02666666666666667 0.04
0 0.12916666666666668 0.5025 0.021666666666666667 0.055
0 0.17333333333333334 0.49416666666666664 0.023333333333333334 0.018333333333333333
0 0.10583333333333333 0.48833333333333334 0.018333333333333333 0.02666666666666667
0 0.4425 0.4866666666666667 0.028333333333333332 0.02666666666666667
0 0.3983333333333333 0.48083333333333333 0.023333333333333334 0.06166666666666667
0 0.425 0.4791666666666667 0.03333333333333333 0.041666666666666664
0 0.1575 0.47833333333333333 0.03166666666666667 0.03333333333333333
0 0.16166666666666665 0.45416666666666666 0.03 0.03833333333333333
0 0.10416666666666667 0.46 0.021666666666666667 0.08
0 0.14166666666666666 0.44916666666666666 0.03 0.051666666666666666
0 0.14 0.40166666666666667 0.023333333333333334 0.05
0 0.12083333333333333 0.3975 0.018333333333333333 0.051666666666666666
0 0.9433333333333334 0.3883333333333333 0.03666666666666667 0.08666666666666667
0 0.115 0.3641666666666667 0.016666666666666666 0.06166666666666667
0 0.13416666666666666 0.3466666666666667 0.028333333333333332 0.05
0 0.5183333333333333 0.34 0.043333333333333335 0.03
0 0.2275 0.3233333333333333 0.028333333333333332 0.06333333333333334
0 0.14916666666666667 0.2991666666666667 0.028333333333333332 0.051666666666666666
0 0.7158333333333333 0.29583333333333334 0.028333333333333332 0.035
0 0.8741666666666666 0.29 0.021666666666666667 0.04666666666666667
0 0.9141666666666667 0.2833333333333333 0.028333333333333332 0.07666666666666666
0 0.6216666666666667 0.2758333333333333 0.043333333333333335 0.03833333333333333
0 0.8083333333333333 0.2625 0.043333333333333335 0.055
0 0.7966666666666666 0.27 0.02666666666666667 0.04
0 0.77 0.2575 0.03666666666666667 0.045
0 0.6483333333333333 0.2525 0.03 0.028333333333333332
0 0.62 0.25083333333333335 0.043333333333333335 0.04833333333333333
0 0.7091666666666666 0.2575 0.04833333333333333 0.035
0 0.8183333333333334 0.23583333333333334 0.02666666666666667 0.04833333333333333
0 0.9783333333333334 0.23333333333333334 0.023333333333333334 0.07
0 0.6625 0.23166666666666666 0.041666666666666664 0.03
0 0.7833333333333333 0.225 0.04666666666666667 0.03
0 0.2916666666666667 0.21416666666666667 0.03333333333333333 0.04833333333333333
0 0.7991666666666667 0.20416666666666666 0.03833333333333333 0.025
0 0.9258333333333333 0.19416666666666665 0.03833333333333333 0.058333333333333334
0 0.8208333333333333 0.18833333333333332 0.03166666666666667 0.04
0 0.7883333333333333 0.185 0.04 0.02666666666666667
0 0.7791666666666667 0.17333333333333334 0.04833333333333333 0.04666666666666667
0 0.2725 0.17 0.03166666666666667 0.04
0 0.8175 0.165 0.03166666666666667 0.02
0 0.2891666666666667 0.16083333333333333 0.03833333333333333 0.028333333333333332
0 0.9816666666666667 0.15583333333333332 0.023333333333333334 0.075
0 0.9433333333333334 0.14 0.03 0.056666666666666664
0 0.7966666666666666 0.14083333333333334 0.02666666666666667 0.021666666666666667
0 0.16666666666666666 0.07083333333333333 0.02 0.06833333333333333
0 0.1625 0.019166666666666665 0.028333333333333332 0.03833333333333333
0 0.1175 0.8808333333333334 0.03833333333333333 0.045
0 0.10166666666666667 0.8208333333333333 0.02666666666666667 0.07833333333333334
0 0.8016666666666666 0.7683333333333333 0.03666666666666667 0.06333333333333334
0 0.3233333333333333 0.7575 0.02 0.07833333333333334
0 0.7916666666666666 0.73 0.04666666666666667 0.05
0 0.11333333333333333 0.6916666666666667 0.02 0.07666666666666666
0 0.13083333333333333 0.675 0.021666666666666667 0.05333333333333334
0 0.8316666666666667 0.6558333333333334 0.03333333333333333 0.06833333333333333
0 0.1425 0.645 0.025 0.05333333333333334
0 0.10666666666666667 0.6266666666666667 0.023333333333333334 0.05
0 0.14583333333333334 0.6216666666666667 0.025 0.07
0 0.1075 0.6458333333333334 0.008333333333333333 0.005
0 0.13666666666666666 0.5966666666666667 0.03 0.06333333333333334
0 0.17083333333333334 0.5808333333333333 0.025 0.06166666666666667
0 0.14333333333333334 0.5983333333333334 0.006666666666666667 0.01
0 0.1125 0.5725 0.021666666666666667 0.065
0 0.09833333333333333 0.56 0.02 0.05333333333333334
0 0.18083333333333335 0.5525 0.021666666666666667 0.06833333333333333
0 0.1275 0.5525 0.015 0.045
0 0.15083333333333335 0.5558333333333333 0.021666666666666667 0.045
0 0.4141666666666667 0.545 0.03833333333333333 0.03
0 0.13666666666666666 0.5425 0.013333333333333334 0.041666666666666664
