0 0.66 0.4525 0.03 0.035
0 0.695 0.475 0.03666666666666667 0.043333333333333335
0 0.6441666666666667 0.4741666666666667 0.03166666666666667 0.028333333333333332
0 0.6183333333333333 0.4841666666666667 0.03 0.041666666666666664
0 0.5966666666666667 0.4841666666666667 0.03 0.025
0 0.7133333333333334 0.49333333333333335 0.03 0.03333333333333333
0 0.48583333333333334 0.49916666666666665 0.025 0.041666666666666664
0 0.6841666666666667 0.505 0.035 0.02666666666666667
0 0.6441666666666667 0.505 0.028333333333333332 0.043333333333333335
0 0.6091666666666666 0.5116666666666667 0.035 0.03
0 0.515 0.5183333333333333 0.023333333333333334 0.04
0 0.47583333333333333 0.52 0.03166666666666667 0.05333333333333334
0 0.6433333333333333 0.5266666666666666 0.03333333333333333 0.043333333333333335
0 0.5783333333333334 0.53 0.02666666666666667 0.04
0 0.5616666666666666 0.5358333333333334 0.03666666666666667 0.051666666666666666
0 0.5425 0.54 0.028333333333333332 0.04
0 0.5041666666666667 0.5416666666666666 0.028333333333333332 0.03333333333333333
0 0.6266666666666667 0.5441666666666667 0.03666666666666667 0.03833333333333333
0 0.6166666666666667 0.5558333333333333 0.02666666666666667 0.035
0 0.9833333333333333 0.025 0.03 0.05
0 0.5333333333333333 0.56 0.03333333333333333 0.043333333333333335
0 0.6083333333333333 0.5733333333333334 0.03333333333333333 0.02666666666666667
0 0.5683333333333334 0.5758333333333333 0.03 0.028333333333333332
0 0.5941666666666666 0.58 0.03166666666666667 0.04
0 0.5233333333333333 0.6025 0.03 0.035
0 0.575 0.5991666666666666 0.03666666666666667 0.025
0 0.5458333333333333 0.6016666666666667 0.035 0.03666666666666667
0 0.9891666666666666 0.07 0.021666666666666667 0.043333333333333335
0 0.9933333333333333 0.105 0.013333333333333334 0.03333333333333333
0 0.6458333333333334 0.2525 0.015 0.06833333333333333
0 0.6608333333333334 0.27666666666666667 0.015 0.07333333333333333
0 0.6358333333333334 0.29583333333333334 0.015 0.051666666666666666
0 0.20083333333333334 0.31916666666666665 0.028333333333333332 0.06833333333333333
0 0.6758333333333333 0.3175 0.015 0.06166666666666667
0 0.6516666666666666 0.3175 0.016666666666666666 0.058333333333333334
0 0.6241666666666666 0.31583333333333335 0.011666666666666667 0.045
0 0.19583333333333333 0.31916666666666665 0.03833333333333333 0.06833333333333333
0 0.6958333333333333 0.33916666666666667 0.018333333333333333 0.041666666666666664
0 0.67 0.335 0.016666666666666666 0.03666666666666667
0 0.6391666666666667 0.3516666666666667 0.018333333333333333 0.06
0 0.7191666666666666 0.3466666666666667 0.035 0.05
0 0.6341666666666667 0.3616666666666667 0.028333333333333332 0.043333333333333335
0 0.655 0.36583333333333334 0.013333333333333334 0.04833333333333333
0 0.6975 0.37666666666666665 0.021666666666666667 0.04666666666666667
0 0.6708333333333333 0.3775 0.018333333333333333 0.051666666666666666
0 0.685 0.38666666666666666 0.013333333333333334 0.05333333333333334
0 0.6258333333333334 0.39166666666666666 0.028333333333333332 0.04
0 0.725 0.4 0.02666666666666667 0.07333333333333333
0 0.6675 0.4058333333333333 0.021666666666666667 0.04833333333333333
0 0.6558333333333334 0.4125 0.025 0.04833333333333333
0 0.6525 0.41 0.028333333333333332 0.05333333333333334
0 0.7058333333333333 0.4116666666666667 0.03166666666666667 0.03666666666666667
0 0.6325 0.4225 0.028333333333333332 0.035
0 0.6908333333333333 0.42333333333333334 0.025 0.02
0 0.7025 0.4425 0.035 0.028333333333333332
0 0.6766666666666666 0.44583333333333336 0.02666666666666667 0.035
0 0.635 0.4483333333333333 0.03 0.02666666666666667
