0 0.44333333333333336 0.5275 0.023333333333333334 0.06166666666666667
0 0.48 0.5208333333333334 0.02 0.051666666666666666
0 0.47333333333333333 0.49666666666666665 0.02 0.05333333333333334
0 0.6666666666666666 0.49166666666666664 0.023333333333333334 0.07
0 0.6425 0.49083333333333334 0.015 0.055
0 0.4475 0.485 0.025 0.05
0 0.6275 0.465 0.015 0.08333333333333333
0 0.4666666666666667 0.4708333333333333 0.023333333333333334 0.06166666666666667
0 0.5141666666666667 0.465 0.018333333333333333 0.06333333333333334
0 0.5025 0.4658333333333333 0.018333333333333333 0.058333333333333334
0 0.64 0.43833333333333335 0.023333333333333334 0.05333333333333334
0 0.4866666666666667 0.44083333333333335 0.016666666666666666 0.058333333333333334
0 0.6158333333333333 0.43916666666666665 0.015 0.065
0 0.49916666666666665 0.4325 0.015 0.058333333333333334
0 0.4525 0.43333333333333335 0.025 0.043333333333333335
0 0.4658333333333333 0.42833333333333334 0.018333333333333333 0.043333333333333335
0 0.5258333333333334 0.42 0.015 0.06333333333333334
0 0.5791666666666667 0.4275 0.018333333333333333 0.051666666666666666
0 0.5358333333333334 0.4066666666666667 0.015 0.06333333333333334
0 0.5108333333333334 0.4008333333333333 0.021666666666666667 0.06833333333333333
0 0.6391666666666667 0.4008333333333333 0.025 0.045
0 0.5633333333333334 0.39666666666666667 0.016666666666666666 0.06333333333333334
0 0.4816666666666667 0.3983333333333333 0.016666666666666666 0.056666666666666664
0 0.5091666666666667 0.4 0.021666666666666667 0.06666666666666667
0 0.5816666666666667 0.3875 0.023333333333333334 0.058333333333333334
0 0.6216666666666667 0.38333333333333336 0.016666666666666666 0.06333333333333334
0 0.5441666666666667 0.38666666666666666 0.021666666666666667 0.06
0 0.495 0.37583333333333335 0.016666666666666666 0.058333333333333334
0 0.46166666666666667 0.36916666666666664 0.016666666666666666 0.055
0 0.47833333333333333 0.36583333333333334 0.023333333333333334 0.04833333333333333
0 0.5216666666666666 0.3516666666666667 0.016666666666666666 0.06333333333333334
0 0.6075 0.3516666666666667 0.018333333333333333 0.06333333333333334
0 0.5525 0.345 0.015 0.07333333333333333
0 0.5825 0.3441666666666667 0.021666666666666667 0.06833333333333333
0 0.5908333333333333 0.3383333333333333 0.021666666666666667 0.06
0 0.5083333333333333 0.3375 0.013333333333333334 0.055
0 0.5625 0.33 0.018333333333333333 0.07
0 0.49 0.31583333333333335 0.023333333333333334 0.07166666666666667
0 0.45916666666666667 0.31833333333333336 0.015 0.06
0 0.5283333333333333 0.31416666666666665 0.02 0.07166666666666667
0 0.54 0.31083333333333335 0.016666666666666666 0.07833333333333334
0 0.4741666666666667 0.31666666666666665 0.018333333333333333 0.06666666666666667
0 0.48833333333333334 0.30583333333333335 0.03 0.055
0 0.5066666666666667 0.2833333333333333 0.03 0.056666666666666664
0 0.45666666666666667 0.2725 0.03333333333333333 0.041666666666666664
0 0.5008333333333334 0.24333333333333335 0.025 0.04
0 0.1175 0.17833333333333334 0.021666666666666667 0.056666666666666664
0 0.1325 0.14 0.021666666666666667 0.06
0 0.11583333333333333 0.12333333333333334 0.015 0.056666666666666664
0 0.1375 0.08666666666666667 0.025 0.06
0 0.09583333333333334 0.07666666666666666 0.018333333333333333 0.05
0 0.11833333333333333 0.07083333333333333 0.02 0.06166666666666667
0 0.105 0.07166666666666667 0.02 0.04666666666666667
0 0.08 0.04583333333333333 0.02 0.041666666666666664
0 0.06 0.03 0.023333333333333334 0.04666666666666667
0 0.10083333333333333 0.03 0.021666666666666667 0.04666666666666667
0 0.11416666666666667 0.025 0.03166666666666667 0.05
0 0.08333333333333333 0.019166666666666665 0.023333333333333334 0.03833333333333333
0 0.0625 0.011666666666666667 0.018333333333333333 0.023333333333333334
0 0.6791666666666667 0.6291666666666667 0.018333333333333333 0.065
0 0.6633333333333333 0.6041666666666666 0.02 0.065
0 0.6666666666666666 0.5641666666666667 0.02 0.058333333333333334
0 0.685 0.5633333333333334 0.023333333333333334 0.07666666666666666
0 0.6433333333333333 0.5525 0.016666666666666666 0.06166666666666667
0 0.6516666666666666 0.5316666666666666 0.02 0.06
