0 0.5358333333333334 0.395 0.065 0.06333333333333334
0 0.3983333333333333 0.3308333333333333 0.06666666666666667 0.07833333333333334
0 0.8341666666666666 0.32916666666666666 0.058333333333333334 0.09166666666666666
0 0.575 0.2875 0.05 0.11166666666666666
0 0.7 0.24 0.06 0.06666666666666667
0 0.37583333333333335 0.22333333333333333 0.06833333333333333 0.06333333333333334
0 0.5266666666666666 0.20916666666666667 0.07 0.051666666666666666
0 0.445 0.13166666666666665 0.05 0.1
0 0.8475 0.04083333333333333 0.06833333333333333 0.055
0 0.6641666666666667 0.99 0.055 0.02
0 0.5691666666666667 0.9891666666666666 0.07166666666666667 0.021666666666666667
0 0.665 0.6508333333333334 0.07 0.055
