0 0.41 0.47583333333333333 0.043333333333333335 0.03833333333333333
0 0.47583333333333333 0.4891666666666667 0.025 0.058333333333333334
0 0.33416666666666667 0.49583333333333335 0.03833333333333333 0.035
0 0.6233333333333333 0.49583333333333335 0.02666666666666667 0.04833333333333333
0 0.455 0.5025 0.03666666666666667 0.06166666666666667
0 0.31666666666666665 0.5075 0.04 0.041666666666666664
0 0.295 0.5158333333333334 0.04 0.035
0 0.7266666666666667 0.5366666666666666 0.02 0.08
0 0.3541666666666667 0.5383333333333333 0.028333333333333332 0.05333333333333334
0 0.7525 0.5433333333333333 0.035 0.06
0 0.785 0.5691666666666667 0.03666666666666667 0.03833333333333333
0 0.7325 0.5941666666666666 0.021666666666666667 0.06833333333333333
0 0.7858333333333334 0.5891666666666666 0.035 0.03833333333333333
0 0.7508333333333334 0.5975 0.025 0.058333333333333334
0 0.7508333333333334 0.6083333333333333 0.028333333333333332 0.07666666666666666
0 0.8016666666666666 0.6316666666666667 0.02 0.08666666666666667
0 0.7625 0.64 0.018333333333333333 0.06333333333333334
0 0.7883333333333333 0.6391666666666667 0.016666666666666666 0.07166666666666667
0 0.7758333333333334 0.6416666666666667 0.015 0.07
0 0.8 0.7066666666666667 0.023333333333333334 0.06333333333333334
0 0.7758333333333334 0.7125 0.025 0.075
0 0.15 0.7116666666666667 0.04 0.03
0 0.19333333333333333 0.73 0.02666666666666667 0.06666666666666667
0 0.51 0.15 0.023333333333333334 0.07333333333333333
0 0.37916666666666665 0.18166666666666667 0.041666666666666664 0.03666666666666667
0 0.535 0.20166666666666666 0.023333333333333334 0.056666666666666664
0 0.37416666666666665 0.2125 0.041666666666666664 0.041666666666666664
0 0.36583333333333334 0.215 0.025 0.03666666666666667
0 0.53 0.23833333333333334 0.02 0.06
0 0.36666666666666664 0.2475 0.04 0.041666666666666664
0 0.36666666666666664 0.275 0.03333333333333333 0.06
0 0.42333333333333334 0.41583333333333333 0.02 0.085
0 0.4083333333333333 0.4191666666666667 0.016666666666666666 0.075
0 0.44583333333333336 0.43833333333333335 0.03166666666666667 0.043333333333333335
0 0.4666666666666667 0.44416666666666665 0.03666666666666667 0.051666666666666666
0 0.45 0.4683333333333333 0.02666666666666667 0.04666666666666667
