0 0.2608333333333333 0.5383333333333333 0.025 0.04666666666666667
0 0.29333333333333333 0.5275 0.016666666666666666 0.08166666666666667
0 0.21833333333333332 0.5175 0.03666666666666667 0.07166666666666667
0 0.24833333333333332 0.5075 0.016666666666666666 0.06166666666666667
0 0.27 0.49 0.03333333333333333 0.04666666666666667
0 0.21666666666666667 0.4825 0.02666666666666667 0.085
0 0.22833333333333333 0.465 0.023333333333333334 0.07333333333333333
0 0.2825 0.44666666666666666 0.035 0.043333333333333335
0 0.265 0.44666666666666666 0.02666666666666667 0.056666666666666664
0 0.24583333333333332 0.445 0.028333333333333332 0.07
0 0.25416666666666665 0.39916666666666667 0.035 0.035
0 0.6258333333333334 0.3933333333333333 0.035 0.056666666666666664
0 0.605 0.39 0.03666666666666667 0.043333333333333335
0 0.5783333333333334 0.38416666666666666 0.043333333333333335 0.055
0 0.5208333333333334 0.3858333333333333 0.021666666666666667 0.085
0 0.2925 0.355 0.021666666666666667 0.08333333333333333
0 0.25583333333333336 0.3491666666666667 0.021666666666666667 0.058333333333333334
0 0.5741666666666667 0.3466666666666667 0.021666666666666667 0.05
0 0.27166666666666667 0.34 0.023333333333333334 0.06
0 0.59 0.3408333333333333 0.02666666666666667 0.058333333333333334
0 0.5541666666666667 0.3258333333333333 0.025 0.058333333333333334
0 0.26 0.30666666666666664 0.02666666666666667 0.06
0 0.2875 0.29333333333333333 0.021666666666666667 0.06333333333333334
0 0.24916666666666668 0.27416666666666667 0.018333333333333333 0.06833333333333333
0 0.27666666666666667 0.23833333333333334 0.02 0.06333333333333334
0 0.2575 0.22333333333333333 0.021666666666666667 0.07
0 0.21833333333333332 0.15333333333333332 0.023333333333333334 0.07
0 0.6333333333333333 0.1025 0.03333333333333333 0.06833333333333333
0 0.6141666666666666 0.035833333333333335 0.025 0.07166666666666667
0 0.7583333333333333 0.9533333333333334 0.02666666666666667 0.06
0 0.505 0.023333333333333334 0.02 0.04666666666666667
0 0.41583333333333333 0.9491666666666667 0.035 0.051666666666666666
0 0.44416666666666665 0.9441666666666667 0.041666666666666664 0.03833333333333333
0 0.5366666666666666 0.9416666666666667 0.04 0.04
0 0.4725 0.9341666666666667 0.028333333333333332 0.06833333333333333
0 0.4975 0.9283333333333333 0.028333333333333332 0.03
0 0.515 0.9258333333333333 0.02 0.055
0 0.385 0.9216666666666666 0.03 0.05
0 0.7375 0.9216666666666666 0.021666666666666667 0.06
0 0.3616666666666667 0.92 0.03 0.03666666666666667
0 0.4033333333333333 0.8925 0.03333333333333333 0.065
0 0.48583333333333334 0.8908333333333334 0.03166666666666667 0.045
0 0.355 0.8825 0.03333333333333333 0.04833333333333333
0 0.41 0.8775 0.023333333333333334 0.08166666666666667
0 0.485 0.86 0.023333333333333334 0.06
0 0.6725 0.8425 0.025 0.025
0 0.635 0.8283333333333334 0.03 0.02666666666666667
0 0.4508333333333333 0.8266666666666667 0.045 0.056666666666666664
0 0.46 0.8266666666666667 0.03 0.056666666666666664
0 0.6575 0.8158333333333333 0.035 0.035
0 0.5058333333333334 0.8133333333333334 0.035 0.05333333333333334
0 0.6041666666666666 0.8091666666666667 0.035 0.045
0 0.38083333333333336 0.81 0.018333333333333333 0.08333333333333333
0 0.6258333333333334 0.8033333333333333 0.03166666666666667 0.02666666666666667
0 0.47 0.8016666666666666 0.023333333333333334 0.05333333333333334
0 0.3308333333333333 0.795 0.035 0.08
0 0.65 0.7866666666666666 0.03333333333333333 0.03333333333333333
0 0.6633333333333333 0.7775 0.02666666666666667 0.04833333333333333
0 0.615 0.7766666666666666 0.03666666666666667 0.03
0 0.2975 0.7708333333333334 0.028333333333333332 0.028333333333333332
0 0.27416666666666667 0.7683333333333333 0.035 0.03333333333333333
0 0.31916666666666665 0.7591666666666667 0.018333333333333333 0.06833333333333333
0 0.4816666666666667 0.76 0.03333333333333333 0.05333333333333334
0 0.3408333333333333 0.755 0.018333333333333333 0.07
0 0.37333333333333335 0.7466666666666667 0.016666666666666666 0.06666666666666667
0 0.6275 0.7533333333333333 0.03166666666666667 0.04
0 0.4141666666666667 0.7375 0.03166666666666667 0.065
0 0.5933333333333334 0.7416666666666667 0.03333333333333333 0.043333333333333335
0 0.28833333333333333 0.7366666666666667 0.03333333333333333 0.03666666666666667
0 0.6041666666666666 0.7325 0.021666666666666667 0.04833333333333333
0 0.4483333333333333 0.73 0.03666666666666667 0.03666666666666667
0 0.2725 0.7266666666666667 0.03166666666666667 0.043333333333333335
0 0.5783333333333334 0.6991666666666667 0.02666666666666667 0.045
0 0.3458333333333333 0.6975 0.021666666666666667 0.07166666666666667
0 0.25 0.6966666666666667 0.02 0.06333333333333334
0 0.31333333333333335 0.6891666666666667 0.04 0.03833333333333333
0 0.2841666666666667 0.6791666666666667 0.025 0.051666666666666666
0 0.5975 0.6608333333333334 0.045 0.035
0 0.6925 0.6608333333333334 0.018333333333333333 0.07833333333333334
0 0.2633333333333333 0.6541666666666667 0.03 0.045
0 0.30416666666666664 0.6541666666666667 0.018333333333333333 0.04833333333333333
0 0.31833333333333336 0.6425 0.02666666666666667 0.058333333333333334
0 0.25333333333333335 0.6191666666666666 0.02 0.06166666666666667
0 0.2708333333333333 0.6175 0.025 0.03166666666666667
0 0.29 0.6083333333333333 0.03 0.05333333333333334
0 0.6941666666666667 0.5991666666666666 0.011666666666666667 0.04833333333333333
0 0.2758333333333333 0.5933333333333334 0.025 0.04
0 0.315 0.5933333333333334 0.02 0.06333333333333334
0 0.25166666666666665 0.5891666666666666 0.02666666666666667 0.06166666666666667
0 0.6791666666666667 0.5725 0.018333333333333333 0.07166666666666667
0 0.275 0.5491666666666667 0.023333333333333334 0.058333333333333334
