0 0.9066666666666666 0.56 0.023333333333333334 0.04
0 0.9358333333333333 0.5533333333333333 0.021666666666666667 0.08
0 0.915 0.5366666666666666 0.023333333333333334 0.056666666666666664
0 0.6475 0.5341666666666667 0.03833333333333333 0.041666666666666664
0 0.9058333333333334 0.4816666666666667 0.028333333333333332 0.056666666666666664
0 0.9225 0.4825 0.018333333333333333 0.065
0 0.9016666666666666 0.43416666666666665 0.03 0.045
0 0.8033333333333333 0.4225 0.03 0.065
0 0.925 0.9933333333333333 0.023333333333333334 0.013333333333333334
0 0.21 0.3566666666666667 0.03333333333333333 0.023333333333333334
0 0.28583333333333333 0.3591666666666667 0.03166666666666667 0.041666666666666664
0 0.07583333333333334 0.3283333333333333 0.028333333333333332 0.08333333333333333
0 0.6508333333333334 0.31583333333333335 0.035 0.035
0 0.2 0.32166666666666666 0.03 0.04666666666666667
0 0.18583333333333332 0.31916666666666665 0.04833333333333333 0.055
0 0.6208333333333333 0.3 0.028333333333333332 0.05
0 0.6433333333333333 0.28833333333333333 0.03 0.043333333333333335
0 0.010833333333333334 0.29083333333333333 0.021666666666666667 0.06166666666666667
0 0.23 0.29 0.03666666666666667 0.07666666666666666
0 0.17666666666666667 0.28583333333333333 0.03 0.041666666666666664
0 0.6675 0.28 0.03833333333333333 0.04
0 0.21166666666666667 0.2675 0.043333333333333335 0.04833333333333333
0 0.635 0.25916666666666666 0.03666666666666667 0.03833333333333333
0 0.19833333333333333 0.255 0.03666666666666667 0.023333333333333334
0 0.6808333333333333 0.24583333333333332 0.03833333333333333 0.03166666666666667
0 0.18916666666666668 0.2275 0.035 0.03166666666666667
0 0.07 0.21916666666666668 0.04 0.058333333333333334
0 0.009166666666666667 0.21916666666666668 0.018333333333333333 0.065
0 0.23333333333333334 0.21416666666666667 0.056666666666666664 0.03833333333333333
0 0.19333333333333333 0.20416666666666666 0.03666666666666667 0.021666666666666667
0 0.20833333333333334 0.18416666666666667 0.03 0.021666666666666667
0 0.008333333333333333 0.16166666666666665 0.016666666666666666 0.05333333333333334
0 0.04416666666666667 0.14833333333333334 0.025 0.06
0 0.8291666666666667 0.12833333333333333 0.035 0.04666666666666667
0 0.8675 0.12583333333333332 0.035 0.04833333333333333
0 0.845 0.08666666666666667 0.03 0.04
0 0.8466666666666667 0.0625 0.03333333333333333 0.03166666666666667
0 0.8583333333333333 0.015 0.02666666666666667 0.03
0 0.9133333333333333 0.945 0.023333333333333334 0.06333333333333334
0 0.9325 0.9516666666666667 0.021666666666666667 0.07333333333333333
0 0.9341666666666667 0.9175 0.018333333333333333 0.058333333333333334
0 0.9166666666666666 0.9058333333333334 0.023333333333333334 0.04833333333333333
0 0.8975 0.8983333333333333 0.018333333333333333 0.043333333333333335
0 0.6908333333333333 0.8758333333333334 0.021666666666666667 0.085
0 0.9225 0.8641666666666666 0.018333333333333333 0.058333333333333334
0 0.20416666666666666 0.8341666666666666 0.045 0.051666666666666666
0 0.9058333333333334 0.8333333333333334 0.021666666666666667 0.06333333333333334
0 0.9191666666666667 0.8108333333333333 0.018333333333333333 0.04833333333333333
0 0.22 0.7933333333333333 0.04 0.03333333333333333
0 0.9125 0.7658333333333334 0.025 0.06166666666666667
0 0.8866666666666667 0.7616666666666667 0.016666666666666666 0.07
0 0.9316666666666666 0.72 0.023333333333333334 0.056666666666666664
0 0.155 0.7283333333333334 0.03666666666666667 0.06666666666666667
0 0.8975 0.7258333333333333 0.021666666666666667 0.065
0 0.8908333333333334 0.6941666666666667 0.028333333333333332 0.055
0 0.9208333333333333 0.6866666666666666 0.025 0.06666666666666667
0 0.8608333333333333 0.6883333333333334 0.025 0.056666666666666664
0 0.94 0.6675 0.02 0.055
0 0.605 0.6683333333333333 0.04 0.043333333333333335
0 0.9125 0.6633333333333333 0.028333333333333332 0.06333333333333334
0 0.885 0.66 0.02666666666666667 0.04
0 0.62 0.65 0.03 0.06333333333333334
0 0.8708333333333333 0.6416666666666667 0.035 0.04
0 0.5941666666666666 0.6333333333333333 0.025 0.03
0 0.8558333333333333 0.6183333333333333 0.03166666666666667 0.04666666666666667
0 0.9266666666666666 0.6191666666666666 0.02 0.041666666666666664
0 0.9041666666666667 0.6116666666666667 0.03166666666666667 0.05
0 0.59 0.5983333333333334 0.03 0.05333333333333334
0 0.8866666666666667 0.5958333333333333 0.03333333333333333 0.028333333333333332
0 0.6033333333333334 0.585 0.03 0.06666666666666667
0 0.8858333333333334 0.565 0.028333333333333332 0.023333333333333334
