0 0.42583333333333334 0.4683333333333333 0.025 0.08333333333333333
0 0.44416666666666665 0.4975 0.018333333333333333 0.07166666666666667
0 0.46166666666666667 0.5 0.03 0.07666666666666666
0 0.405 0.49916666666666665 0.02 0.085
0 0.43333333333333335 0.5133333333333333 0.016666666666666666 0.06333333333333334
0 0.2475 0.5266666666666666 0.03833333333333333 0.05
0 0.21166666666666667 0.535 0.04 0.03333333333333333
0 0.36666666666666664 0.5375 0.04666666666666667 0.03833333333333333
0 0.46166666666666667 0.5391666666666667 0.023333333333333334 0.058333333333333334
0 0.18916666666666668 0.5425 0.035 0.045
0 0.23166666666666666 0.5625 0.03666666666666667 0.03166666666666667
0 0.6233333333333333 0.6133333333333333 0.02666666666666667 0.056666666666666664
0 0.7225 0.6183333333333333 0.021666666666666667 0.08333333333333333
0 0.7525 0.6408333333333334 0.035 0.03833333333333333
0 0.7441666666666666 0.6725 0.021666666666666667 0.055
0 0.7266666666666667 0.68 0.02666666666666667 0.07
0 0.7841666666666667 0.7125 0.0016666666666666668 0.0016666666666666668
0 0.7641666666666667 0.685 0.021666666666666667 0.06
0 0.7925 0.7008333333333333 0.03833333333333333 0.04833333333333333
0 0.7558333333333334 0.7191666666666666 0.018333333333333333 0.06833333333333333
0 0.7383333333333333 0.7266666666666667 0.02 0.056666666666666664
0 0.78 0.7525 0.016666666666666666 0.06833333333333333
0 0.7983333333333333 0.7566666666666667 0.02 0.08
0 0.7641666666666667 0.7625 0.021666666666666667 0.075
0 0.12 0.7716666666666666 0.03666666666666667 0.043333333333333335
0 0.16916666666666666 0.7975 0.041666666666666664 0.03166666666666667
0 0.7933333333333333 0.8091666666666667 0.023333333333333334 0.06833333333333333
0 0.5041666666666667 0.19 0.018333333333333333 0.08
0 0.52 0.23083333333333333 0.02 0.058333333333333334
0 0.4041666666666667 0.2675 0.041666666666666664 0.045
0 0.5166666666666667 0.27 0.02 0.06666666666666667
0 0.3925 0.29 0.045 0.03333333333333333
0 0.36583333333333334 0.30916666666666665 0.03833333333333333 0.051666666666666666
0 0.36083333333333334 0.3525 0.035 0.065
0 0.4166666666666667 0.4525 0.023333333333333334 0.07166666666666667
