0 0.77 0.4875 0.02666666666666667 0.065
0 0.705 0.5008333333333334 0.02 0.04833333333333333
0 0.6108333333333333 0.49916666666666665 0.015 0.055
0 0.6775 0.5041666666666667 0.015 0.058333333333333334
0 0.7941666666666667 0.515 0.025 0.04666666666666667
0 0.6991666666666667 0.5191666666666667 0.018333333333333333 0.04833333333333333
0 0.8116666666666666 0.5158333333333334 0.023333333333333334 0.055
0 0.7941666666666667 0.5308333333333334 0.025 0.075
0 0.6883333333333334 0.5391666666666667 0.016666666666666666 0.055
0 0.7366666666666667 0.5483333333333333 0.02 0.04666666666666667
0 0.72 0.5566666666666666 0.023333333333333334 0.07
0 0.5533333333333333 0.565 0.02 0.06333333333333334
0 0.7891666666666667 0.5716666666666667 0.018333333333333333 0.06333333333333334
0 0.7391666666666666 0.5866666666666667 0.021666666666666667 0.056666666666666664
0 0.5675 0.5858333333333333 0.015 0.06833333333333333
0 0.6891666666666667 0.59 0.03166666666666667 0.056666666666666664
0 0.76 0.5908333333333333 0.016666666666666666 0.045
0 0.5508333333333333 0.5966666666666667 0.021666666666666667 0.07
0 0.7141666666666666 0.6075 0.021666666666666667 0.07166666666666667
0 0.7325 0.62 0.015 0.05
0 0.5833333333333334 0.6308333333333334 0.016666666666666666 0.058333333333333334
0 0.5608333333333333 0.635 0.015 0.06666666666666667
0 0.7425 0.6466666666666666 0.021666666666666667 0.04
0 0.5425 0.6491666666666667 0.018333333333333333 0.06166666666666667
0 0.6983333333333334 0.6525 0.016666666666666666 0.06833333333333333
0 0.5975 0.6558333333333334 0.011666666666666667 0.03833333333333333
0 0.5791666666666667 0.6575 0.025 0.06833333333333333
0 0.7083333333333334 0.6725 0.016666666666666666 0.07833333333333334
0 0.7233333333333334 0.6791666666666667 0.02 0.06833333333333333
0 0.495 0.6825 0.02 0.06833333333333333
0 0.7408333333333333 0.6866666666666666 0.021666666666666667 0.06
0 0.5316666666666666 0.6916666666666667 0.02 0.06666666666666667
0 0.5475 0.6991666666666667 0.018333333333333333 0.06166666666666667
0 0.5725 0.6991666666666667 0.015 0.065
0 0.6025 0.7008333333333333 0.025 0.055
0 0.5933333333333334 0.7233333333333334 0.016666666666666666 0.06333333333333334
0 0.48583333333333334 0.7241666666666666 0.015 0.06166666666666667
0 0.7383333333333333 0.7283333333333334 0.02 0.05
0 0.51 0.7433333333333333 0.016666666666666666 0.07
0 0.5308333333333334 0.7416666666666667 0.018333333333333333 0.04666666666666667
0 0.5608333333333333 0.7441666666666666 0.015 0.06833333333333333
0 0.6258333333333334 0.7575 0.028333333333333332 0.06833333333333333
0 0.49416666666666664 0.7608333333333334 0.018333333333333333 0.06833333333333333
0 0.7525 0.765 0.018333333333333333 0.07333333333333333
0 0.6041666666666666 0.7633333333333333 0.018333333333333333 0.056666666666666664
0 0.535 0.7791666666666667 0.016666666666666666 0.06833333333333333
0 0.47 0.7841666666666667 0.016666666666666666 0.075
0 0.5425 0.8108333333333333 0.018333333333333333 0.065
0 0.49583333333333335 0.805 0.021666666666666667 0.056666666666666664
0 0.52 0.8141666666666667 0.016666666666666666 0.085
0 0.505 0.8275 0.016666666666666666 0.085
0 0.47583333333333333 0.8341666666666666 0.018333333333333333 0.07166666666666667
0 0.4608333333333333 0.8425 0.015 0.06833333333333333
0 0.4825 0.8825 0.03166666666666667 0.058333333333333334
0 0.9858333333333333 0.9541666666666667 0.028333333333333332 0.058333333333333334
0 0.5658333333333333 0.22583333333333333 0.018333333333333333 0.051666666666666666
0 0.5441666666666667 0.235 0.028333333333333332 0.06
0 0.5541666666666667 0.24166666666666667 0.015 0.02666666666666667
0 0.5591666666666667 0.2675 0.025 0.03166666666666667
0 0.5758333333333333 0.2791666666666667 0.021666666666666667 0.018333333333333333
0 0.5983333333333334 0.2816666666666667 0.03 0.03
0 0.6191666666666666 0.2891666666666667 0.03166666666666667 0.028333333333333332
0 0.5125 0.29 0.021666666666666667 0.023333333333333334
0 0.5333333333333333 0.29 0.02666666666666667 0.03333333333333333
0 0.5566666666666666 0.29333333333333333 0.02666666666666667 0.03
0 0.4625 0.3016666666666667 0.028333333333333332 0.02666666666666667
0 0.6383333333333333 0.305 0.03 0.023333333333333334
0 0.5766666666666667 0.3 0.03666666666666667 0.03
0 0.48833333333333334 0.3016666666666667 0.02666666666666667 0.02666666666666667
0 0.4508333333333333 0.3075 0.03833333333333333 0.025
0 0.6058333333333333 0.31 0.03833333333333333 0.02666666666666667
0 0.53 0.31833333333333336 0.03333333333333333 0.03666666666666667
0 0.4925 0.31833333333333336 0.03833333333333333 0.03333333333333333
0 0.6408333333333334 0.3258333333333333 0.028333333333333332 0.021666666666666667
0 0.6216666666666667 0.32916666666666666 0.02666666666666667 0.021666666666666667
0 0.4558333333333333 0.3283333333333333 0.025 0.02666666666666667
0 0.44416666666666665 0.3358333333333333 0.028333333333333332 0.03833333333333333
0 0.5075 0.34 0.03166666666666667 0.03
0 0.6541666666666667 0.3516666666666667 0.028333333333333332 0.03666666666666667
0 0.67 0.3541666666666667 0.03 0.04833333333333333
0 0.63 0.3566666666666667 0.03333333333333333 0.04
0 0.6025 0.36083333333333334 0.018333333333333333 0.075
0 0.65 0.38333333333333336 0.04 0.03333333333333333
0 0.6541666666666667 0.3925 0.008333333333333333 0.0016666666666666668
0 0.6575 0.4058333333333333 0.03166666666666667 0.035
0 0.6183333333333333 0.40166666666666667 0.043333333333333335 0.03333333333333333
0 0.6458333333333334 0.4216666666666667 0.03166666666666667 0.03666666666666667
0 0.6316666666666667 0.43333333333333335 0.04 0.043333333333333335
0 0.6983333333333334 0.4425 0.023333333333333334 0.065
0 0.6875 0.44666666666666666 0.028333333333333332 0.05333333333333334
0 0.6708333333333333 0.44666666666666666 0.021666666666666667 0.04666666666666667
0 0.6008333333333333 0.44916666666666666 0.021666666666666667 0.058333333333333334
0 0.9691666666666666 0.4483333333333333 0.045 0.06
0 0.77 0.4558333333333333 0.03 0.055
0 0.6666666666666666 0.46166666666666667 0.016666666666666666 0.06666666666666667
0 0.9933333333333333 0.4725 0.013333333333333334 0.058333333333333334
0 0.7908333333333334 0.47333333333333333 0.021666666666666667 0.056666666666666664
0 0.6208333333333333 0.48083333333333333 0.018333333333333333 0.065
0 0.6866666666666666 0.4825 0.016666666666666666 0.04833333333333333
