0 0.3958333333333333 0.5516666666666666 0.018333333333333333 0.06333333333333334
0 0.3433333333333333 0.5475 0.03666666666666667 0.041666666666666664
0 0.31333333333333335 0.5458333333333333 0.03666666666666667 0.03166666666666667
0 0.6216666666666667 0.5341666666666667 0.016666666666666666 0.07833333333333334
0 0.345 0.5175 0.03 0.04833333333333333
0 0.32416666666666666 0.5075 0.03166666666666667 0.041666666666666664
0 0.37416666666666665 0.5 0.03166666666666667 0.03666666666666667
0 0.5858333333333333 0.49583333333333335 0.035 0.04833333333333333
0 0.6325 0.4891666666666667 0.015 0.051666666666666666
0 0.6466666666666666 0.49083333333333334 0.02 0.065
0 0.3458333333333333 0.475 0.021666666666666667 0.056666666666666664
0 0.3983333333333333 0.4775 0.03 0.03166666666666667
0 0.365 0.4666666666666667 0.02 0.05
0 0.38666666666666666 0.4608333333333333 0.03333333333333333 0.03833333333333333
0 0.6258333333333334 0.44666666666666666 0.015 0.06333333333333334
0 0.42583333333333334 0.44083333333333335 0.03166666666666667 0.03166666666666667
0 0.4075 0.43083333333333335 0.03166666666666667 0.028333333333333332
0 0.3875 0.4225 0.021666666666666667 0.051666666666666666
0 0.365 0.42083333333333334 0.016666666666666666 0.06166666666666667
0 0.3491666666666667 0.4216666666666667 0.021666666666666667 0.06
0 0.4175 0.40166666666666667 0.03166666666666667 0.03
0 0.3883333333333333 0.3775 0.03 0.03166666666666667
0 0.42916666666666664 0.3725 0.03166666666666667 0.03166666666666667
0 0.36916666666666664 0.35583333333333333 0.03166666666666667 0.045
0 0.42 0.35333333333333333 0.03333333333333333 0.03666666666666667
0 0.5891666666666666 0.9766666666666667 0.025 0.04666666666666667
0 0.3933333333333333 0.34 0.02666666666666667 0.05333333333333334
0 0.7416666666666667 0.33416666666666667 0.023333333333333334 0.075
0 0.36916666666666664 0.31416666666666665 0.015 0.055
0 0.385 0.31666666666666665 0.02666666666666667 0.03
0 0.39 0.29333333333333333 0.02666666666666667 0.03333333333333333
0 0.42 0.29083333333333333 0.03333333333333333 0.03166666666666667
0 0.8383333333333334 0.29083333333333333 0.03333333333333333 0.051666666666666666
0 0.7466666666666667 0.27 0.02 0.07333333333333333
0 0.4091666666666667 0.2575 0.021666666666666667 0.041666666666666664
0 0.4241666666666667 0.25916666666666666 0.028333333333333332 0.035
0 0.38166666666666665 0.25666666666666665 0.03 0.056666666666666664
0 0.44583333333333336 0.25833333333333336 0.03166666666666667 0.03333333333333333
0 0.3958333333333333 0.25666666666666665 0.028333333333333332 0.05
0 0.43833333333333335 0.23166666666666666 0.03333333333333333 0.02666666666666667
0 0.42083333333333334 0.22 0.025 0.03333333333333333
0 0.8258333333333333 0.22666666666666666 0.035 0.08666666666666667
0 0.3983333333333333 0.21583333333333332 0.03 0.03166666666666667
0 0.7991666666666667 0.215 0.021666666666666667 0.03
0 0.4525 0.20666666666666667 0.03166666666666667 0.03
0 0.405 0.17833333333333334 0.023333333333333334 0.056666666666666664
0 0.4716666666666667 0.1775 0.02666666666666667 0.035
0 0.4425 0.17416666666666666 0.028333333333333332 0.045
0 0.805 0.16333333333333333 0.03333333333333333 0.04
0 0.43416666666666665 0.15666666666666668 0.018333333333333333 0.07
0 0.5683333333333334 0.9566666666666667 0.016666666666666666 0.03
0 0.8025 0.13916666666666666 0.035 0.035
0 0.42 0.12416666666666666 0.02666666666666667 0.04833333333333333
0 0.4175 0.11166666666666666 0.03166666666666667 0.07333333333333333
0 0.79 0.09583333333333334 0.03 0.04833333333333333
0 0.9558333333333333 0.034166666666666665 0.035 0.06833333333333333
0 0.4141666666666667 0.024166666666666666 0.025 0.04833333333333333
0 0.5641666666666667 0.9208333333333333 0.025 0.04833333333333333
0 0.5483333333333333 0.915 0.02 0.05
0 0.56 0.8825 0.02 0.051666666666666666
0 0.5416666666666666 0.865 0.023333333333333334 0.056666666666666664
0 0.435 0.8475 0.02 0.06166666666666667
0 0.6566666666666666 0.8383333333333334 0.023333333333333334 0.08
0 0.5433333333333333 0.8241666666666667 0.023333333333333334 0.058333333333333334
0 0.5641666666666667 0.8183333333333334 0.015 0.06333333333333334
0 0.5258333333333334 0.8133333333333334 0.018333333333333333 0.06
0 0.5516666666666666 0.8116666666666666 0.016666666666666666 0.07
0 0.6616666666666666 0.8191666666666667 0.013333333333333334 0.04833333333333333
0 0.5516666666666666 0.8108333333333333 0.016666666666666666 0.07166666666666667
0 0.4525 0.8091666666666667 0.015 0.058333333333333334
0 0.425 0.8016666666666666 0.016666666666666666 0.05333333333333334
0 0.4141666666666667 0.7916666666666666 0.015 0.07333333333333333
0 0.44416666666666665 0.79 0.015 0.06666666666666667
0 0.3975 0.7866666666666666 0.025 0.056666666666666664
0 0.36083333333333334 0.7758333333333334 0.021666666666666667 0.075
0 0.5616666666666666 0.7758333333333334 0.03 0.055
0 0.43416666666666665 0.7741666666666667 0.011666666666666667 0.058333333333333334
0 0.5283333333333333 0.7733333333333333 0.03 0.04
0 0.6 0.9925 0.02666666666666667 0.015
0 0.5333333333333333 0.7483333333333333 0.03 0.05333333333333334
0 0.4025 0.74 0.015 0.07333333333333333
0 0.3566666666666667 0.7391666666666666 0.016666666666666666 0.06833333333333333
0 0.4325 0.7183333333333334 0.015 0.07
0 0.335 0.7183333333333334 0.02 0.07
0 0.425 0.735 0.0033333333333333335 0.0033333333333333335
0 0.37083333333333335 0.7033333333333334 0.021666666666666667 0.06666666666666667
0 0.32416666666666666 0.695 0.011666666666666667 0.05
0 0.41083333333333333 0.675 0.025 0.056666666666666664
0 0.44 0.665 0.016666666666666666 0.056666666666666664
0 0.39 0.6175 0.02 0.075
0 0.6325 0.6125 0.015 0.075
0 0.41083333333333333 0.6083333333333333 0.028333333333333332 0.06
0 0.345 0.6075 0.03333333333333333 0.045
0 0.43083333333333335 0.6041666666666666 0.015 0.06833333333333333
0 0.4091666666666667 0.5825 0.021666666666666667 0.07166666666666667
0 0.6575 0.575 0.025 0.06
0 0.3358333333333333 0.5733333333333334 0.028333333333333332 0.02666666666666667
0 0.64 0.565 0.023333333333333334 0.06333333333333334
