0 0.2841666666666667 0.46 0.018333333333333333 0.056666666666666664
0 0.3858333333333333 0.4675 0.021666666666666667 0.06166666666666667
0 0.36583333333333334 0.4741666666666667 0.03166666666666667 0.035
0 0.40166666666666667 0.4816666666666667 0.016666666666666666 0.07
0 0.4125 0.4891666666666667 0.011666666666666667 0.055
0 0.3233333333333333 0.5 0.016666666666666666 0.05333333333333334
0 0.38 0.5058333333333334 0.03 0.035
0 0.3375 0.5175 0.015 0.055
0 0.43333333333333335 0.5233333333333333 0.016666666666666666 0.06666666666666667
0 0.30666666666666664 0.5191666666666667 0.03 0.051666666666666666
0 0.36916666666666664 0.5333333333333333 0.015 0.043333333333333335
0 0.505 0.5325 0.03 0.041666666666666664
0 0.4483333333333333 0.5325 0.013333333333333334 0.065
0 0.62 0.5383333333333333 0.03666666666666667 0.023333333333333334
0 0.68 0.54 0.03333333333333333 0.03666666666666667
0 0.7166666666666667 0.5375 0.04 0.028333333333333332
0 0.5791666666666667 0.545 0.035 0.023333333333333334
0 0.4041666666666667 0.5425 0.015 0.055
0 0.6558333333333334 0.545 0.03166666666666667 0.04
0 0.425 0.5483333333333333 0.016666666666666666 0.056666666666666664
0 0.46 0.5441666666666667 0.013333333333333334 0.065
0 0.5325 0.5491666666666667 0.028333333333333332 0.03166666666666667
0 0.6275 0.5558333333333333 0.021666666666666667 0.021666666666666667
0 0.5908333333333333 0.5658333333333333 0.028333333333333332 0.025
0 0.355 0.5641666666666667 0.016666666666666666 0.045
0 0.5216666666666666 0.5691666666666667 0.03 0.028333333333333332
0 0.44 0.5683333333333334 0.013333333333333334 0.05333333333333334
0 0.5508333333333333 0.57 0.028333333333333332 0.03666666666666667
0 0.605 0.5725 0.02666666666666667 0.041666666666666664
0 0.565 0.575 0.02666666666666667 0.03666666666666667
0 0.37416666666666665 0.5758333333333333 0.025 0.051666666666666666
0 0.3983333333333333 0.5733333333333334 0.016666666666666666 0.06666666666666667
0 0.5108333333333334 0.5758333333333333 0.035 0.035
0 0.4633333333333333 0.6275 0.0033333333333333335 0.0016666666666666668
0 0.5833333333333334 0.5933333333333334 0.02666666666666667 0.03333333333333333
0 0.42833333333333334 0.5958333333333333 0.016666666666666666 0.065
0 0.49083333333333334 0.6058333333333333 0.015 0.06166666666666667
0 0.4125 0.6016666666666667 0.018333333333333333 0.056666666666666664
0 0.4575 0.6008333333333333 0.018333333333333333 0.058333333333333334
0 0.365 0.6133333333333333 0.02 0.056666666666666664
0 0.4766666666666667 0.6158333333333333 0.013333333333333334 0.04833333333333333
0 0.5033333333333333 0.6166666666666667 0.02 0.03666666666666667
0 0.385 0.6175 0.03 0.03166666666666667
0 0.43333333333333335 0.63 0.013333333333333334 0.07333333333333333
0 0.44416666666666665 0.6358333333333334 0.015 0.06833333333333333
0 0.41333333333333333 0.6458333333333334 0.02666666666666667 0.058333333333333334
0 0.53 0.6458333333333334 0.023333333333333334 0.051666666666666666
0 0.5158333333333334 0.6483333333333333 0.028333333333333332 0.03
0 0.5483333333333333 0.6533333333333333 0.02666666666666667 0.023333333333333334
0 0.5 0.6516666666666666 0.03666666666666667 0.03333333333333333
0 0.5783333333333334 0.66 0.03333333333333333 0.02
0 0.47583333333333333 0.6658333333333334 0.018333333333333333 0.06166666666666667
0 0.5158333333333334 0.68 0.035 0.023333333333333334
0 0.4558333333333333 0.6858333333333333 0.015 0.04833333333333333
0 0.5016666666666667 0.6908333333333333 0.03666666666666667 0.041666666666666664
0 0.47833333333333333 0.6941666666666667 0.023333333333333334 0.058333333333333334
0 0.4708333333333333 0.7091666666666666 0.021666666666666667 0.051666666666666666
0 0.46416666666666667 0.01 0.021666666666666667 0.02
0 0.48 0.23083333333333333 0.02666666666666667 0.03833333333333333
0 0.5233333333333333 0.2425 0.03 0.035
0 0.5025 0.24166666666666667 0.028333333333333332 0.043333333333333335
0 0.48333333333333334 0.02 0.03 0.04
0 0.5016666666666667 0.265 0.03333333333333333 0.03666666666666667
0 0.5383333333333333 0.2833333333333333 0.0033333333333333335 0.0033333333333333335
0 0.5458333333333333 0.27416666666666667 0.035 0.028333333333333332
0 0.5241666666666667 0.28833333333333333 0.035 0.02666666666666667
0 0.5908333333333333 0.30833333333333335 0.035 0.03
0 0.35083333333333333 0.31583333333333335 0.015 0.055
0 0.5791666666666667 0.32416666666666666 0.021666666666666667 0.015
0 0.5125 0.3258333333333333 0.018333333333333333 0.065
0 0.35 0.3575 0.016666666666666666 0.04833333333333333
0 0.37583333333333335 0.35833333333333334 0.015 0.056666666666666664
0 0.3416666666666667 0.3825 0.016666666666666666 0.04833333333333333
0 0.3875 0.3925 0.015 0.051666666666666666
0 0.36083333333333334 0.395 0.015 0.05333333333333334
0 0.32916666666666666 0.4 0.015 0.05
0 0.315 0.405 0.02 0.04666666666666667
0 0.28583333333333333 0.4241666666666667 0.018333333333333333 0.045
0 0.27 0.4216666666666667 0.016666666666666666 0.05333333333333334
0 0.4025 0.425 0.015 0.06
0 0.3416666666666667 0.43083333333333335 0.016666666666666666 0.051666666666666666
0 0.3541666666666667 0.43166666666666664 0.018333333333333333 0.05
0 0.38916666666666666 0.43 0.015 0.03333333333333333
0 0.4191666666666667 0.44416666666666665 0.021666666666666667 0.06833333333333333
0 0.36916666666666664 0.44166666666666665 0.018333333333333333 0.06666666666666667
0 0.24666666666666667 0.4525 0.03333333333333333 0.03833333333333333
0 0.43416666666666665 0.45166666666666666 0.018333333333333333 0.07333333333333333
0 0.31 0.46 0.03666666666666667 0.03
0 0.33416666666666667 0.45916666666666667 0.025 0.06166666666666667
