0 0.8416666666666667 0.5 0.02666666666666667 0.06
0 0.865 0.4816666666666667 0.02666666666666667 0.06333333333333334
0 0.8825 0.48083333333333333 0.025 0.065
0 0.9166666666666666 0.4708333333333333 0.03666666666666667 0.03833333333333333
0 0.8091666666666667 0.45416666666666666 0.03833333333333333 0.03833333333333333
0 0.7883333333333333 0.4 0.02666666666666667 0.06333333333333334
0 0.6341666666666667 0.3625 0.018333333333333333 0.07166666666666667
0 0.19166666666666668 0.9375 0.016666666666666666 0.051666666666666666
0 0.7775 0.35 0.018333333333333333 0.05
0 0.225 0.9525 0.02666666666666667 0.095
0 0.7633333333333333 0.33166666666666667 0.02 0.06333333333333334
0 0.6308333333333334 0.32083333333333336 0.03166666666666667 0.058333333333333334
0 0.79 0.31666666666666665 0.02 0.06
0 0.77 0.3 0.023333333333333334 0.05333333333333334
0 0.7466666666666667 0.295 0.013333333333333334 0.03333333333333333
0 0.7808333333333334 0.2758333333333333 0.011666666666666667 0.03833333333333333
0 0.755 0.2683333333333333 0.013333333333333334 0.04
0 0.7333333333333333 0.26666666666666666 0.016666666666666666 0.05
0 0.6791666666666667 0.2633333333333333 0.03166666666666667 0.06333333333333334
0 0.5608333333333333 0.2525 0.03166666666666667 0.041666666666666664
0 0.7641666666666667 0.25333333333333335 0.025 0.05
0 0.7416666666666667 0.245 0.02 0.06
0 0.1775 0.93 0.015 0.04666666666666667
0 0.5583333333333333 0.23083333333333333 0.03666666666666667 0.035
0 0.6458333333333334 0.2125 0.018333333333333333 0.08833333333333333
0 0.72 0.21333333333333335 0.023333333333333334 0.05
0 0.7633333333333333 0.215 0.023333333333333334 0.04
0 0.745 0.20583333333333334 0.02 0.04833333333333333
0 0.6575 0.20083333333333334 0.018333333333333333 0.07166666666666667
0 0.6266666666666667 0.19166666666666668 0.016666666666666666 0.07333333333333333
0 0.7308333333333333 0.19 0.015 0.056666666666666664
0 0.685 0.18416666666666667 0.04 0.03833333333333333
0 0.7158333333333333 0.17166666666666666 0.025 0.05
0 0.6958333333333333 0.16416666666666666 0.028333333333333332 0.04833333333333333
0 0.7108333333333333 0.1375 0.03833333333333333 0.041666666666666664
0 0.6483333333333333 0.13 0.043333333333333335 0.043333333333333335
0 0.19833333333333333 0.9241666666666667 0.016666666666666666 0.04833333333333333
0 0.6775 0.11666666666666667 0.03166666666666667 0.03333333333333333
0 0.21583333333333332 0.9191666666666667 0.021666666666666667 0.06833333333333333
0 0.6358333333333334 0.09083333333333334 0.028333333333333332 0.03166666666666667
0 0.6058333333333333 0.07 0.028333333333333332 0.06
0 0.1725 0.9083333333333333 0.018333333333333333 0.043333333333333335
0 0.14083333333333334 0.9941666666666666 0.015 0.011666666666666667
0 0.20416666666666666 0.8891666666666667 0.021666666666666667 0.045
0 0.18916666666666668 0.8858333333333334 0.021666666666666667 0.055
0 0.17166666666666666 0.8816666666666667 0.02666666666666667 0.03333333333333333
0 0.22083333333333333 0.8641666666666666 0.018333333333333333 0.041666666666666664
0 0.1825 0.9891666666666666 0.008333333333333333 0.021666666666666667
0 0.5366666666666666 0.8675 0.03666666666666667 0.058333333333333334
0 0.20583333333333334 0.8533333333333334 0.011666666666666667 0.02666666666666667
0 0.18083333333333335 0.8491666666666666 0.028333333333333332 0.03833333333333333
0 0.21583333333333332 0.8258333333333333 0.051666666666666666 0.03166666666666667
0 0.675 0.8283333333333334 0.04666666666666667 0.05333333333333334
0 0.2225 0.9883333333333333 0.018333333333333333 0.023333333333333334
0 0.2075 0.8033333333333333 0.045 0.03
0 0.16166666666666665 0.9783333333333334 0.016666666666666666 0.043333333333333335
0 0.20083333333333334 0.9758333333333333 0.028333333333333332 0.04833333333333333
0 0.2 0.9758333333333333 0.02666666666666667 0.04833333333333333
0 0.17666666666666667 0.9716666666666667 0.02 0.04
0 0.7258333333333333 0.6116666666666667 0.03833333333333333 0.05
0 0.855 0.5416666666666666 0.02 0.056666666666666664
0 0.8216666666666667 0.5375 0.023333333333333334 0.07166666666666667
0 0.87 0.5358333333333334 0.02 0.04833333333333333
