0 0.8275 0.45416666666666666 0.025 0.06833333333333333
0 0.84 0.03666666666666667 0.016666666666666666 0.04666666666666667
0 0.7908333333333334 0.035833333333333335 0.025 0.045
0 0.3358333333333333 0.66 0.03166666666666667 0.07666666666666666
0 0.8125 0.0425 0.028333333333333332 0.051666666666666666
0 0.30333333333333334 0.695 0.03333333333333333 0.07666666666666666
0 0.2825 0.71 0.028333333333333332 0.07333333333333333
0 0.3233333333333333 0.7166666666666667 0.02666666666666667 0.04
0 0.22583333333333333 0.7441666666666666 0.035 0.04833333333333333
0 0.13333333333333333 0.7533333333333333 0.016666666666666666 0.06
0 0.28583333333333333 0.7591666666666667 0.018333333333333333 0.058333333333333334
0 0.16166666666666665 0.7608333333333334 0.03666666666666667 0.041666666666666664
0 0.30833333333333335 0.7616666666666667 0.04 0.04666666666666667
0 0.2658333333333333 0.7608333333333334 0.018333333333333333 0.075
0 0.1275 0.77 0.0016666666666666668 0.006666666666666667
0 0.20333333333333334 0.7716666666666666 0.04 0.03666666666666667
0 0.18166666666666667 0.7833333333333333 0.03 0.03
0 0.2125 0.7991666666666667 0.03166666666666667 0.028333333333333332
0 0.24833333333333332 0.8008333333333333 0.03333333333333333 0.03833333333333333
0 0.18333333333333332 0.8066666666666666 0.04 0.02666666666666667
0 0.14666666666666667 0.8125 0.03333333333333333 0.055
0 0.2325 0.8141666666666667 0.035 0.03166666666666667
0 0.13416666666666666 0.8366666666666667 0.018333333333333333 0.06
0 0.1825 0.8391666666666666 0.035 0.041666666666666664
0 0.20666666666666667 0.8391666666666666 0.03333333333333333 0.03833333333333333
0 0.07916666666666666 0.8525 0.03166666666666667 0.058333333333333334
0 0.16583333333333333 0.8466666666666667 0.03166666666666667 0.03333333333333333
0 0.24916666666666668 0.8533333333333334 0.025 0.05333333333333334
0 0.155 0.8583333333333333 0.02666666666666667 0.04
0 0.20083333333333334 0.8741666666666666 0.03166666666666667 0.035
0 0.19416666666666665 0.8775 0.041666666666666664 0.041666666666666664
0 0.12 0.8791666666666667 0.03 0.041666666666666664
0 0.235 0.88 0.03666666666666667 0.05333333333333334
0 0.155 0.8841666666666667 0.03 0.03833333333333333
0 0.07 0.9025 0.03 0.03166666666666667
0 0.10166666666666667 0.9025 0.03666666666666667 0.055
0 0.13666666666666666 0.9033333333333333 0.03333333333333333 0.03333333333333333
0 0.10083333333333333 0.9033333333333333 0.03833333333333333 0.056666666666666664
0 0.049166666666666664 0.9141666666666667 0.025 0.06833333333333333
0 0.07416666666666667 0.925 0.028333333333333332 0.02666666666666667
0 0.24583333333333332 0.9258333333333333 0.028333333333333332 0.045
0 0.0975 0.9408333333333333 0.035 0.028333333333333332
0 0.1575 0.9658333333333333 0.04833333333333333 0.03833333333333333
0 0.11083333333333334 0.9725 0.04833333333333333 0.03833333333333333
0 0.7933333333333333 0.07416666666666667 0.03666666666666667 0.058333333333333334
0 0.8083333333333333 0.07416666666666667 0.023333333333333334 0.055
0 0.8358333333333333 0.08833333333333333 0.021666666666666667 0.06
0 0.825 0.10166666666666667 0.023333333333333334 0.056666666666666664
0 0.8508333333333333 0.10416666666666667 0.018333333333333333 0.055
0 0.7866666666666666 0.11166666666666666 0.03333333333333333 0.04666666666666667
0 0.8075 0.14 0.015 0.05
0 0.8483333333333334 0.1425 0.03 0.045
0 0.8233333333333334 0.14666666666666667 0.02 0.056666666666666664
0 0.8458333333333333 0.1725 0.028333333333333332 0.03833333333333333
0 0.8675 0.1775 0.021666666666666667 0.055
0 0.8066666666666666 0.18 0.03333333333333333 0.07
0 0.8283333333333334 0.2 0.023333333333333334 0.04666666666666667
0 0.8475 0.21166666666666667 0.025 0.056666666666666664
0 0.865 0.21416666666666667 0.02 0.051666666666666666
0 0.7775 0.011666666666666667 0.015 0.023333333333333334
0 0.8766666666666667 0.24583333333333332 0.02 0.058333333333333334
0 0.8291666666666667 0.23416666666666666 0.025 0.058333333333333334
0 0.85 0.25583333333333336 0.02 0.055
0 0.8233333333333334 0.26416666666666666 0.03 0.075
0 0.855 0.26416666666666666 0.02666666666666667 0.06166666666666667
0 0.7925 0.0125 0.018333333333333333 0.025
0 0.8425 0.3225 0.021666666666666667 0.07166666666666667
0 0.8525 0.3283333333333333 0.015 0.06333333333333334
0 0.8341666666666666 0.3466666666666667 0.015 0.056666666666666664
0 0.8266666666666667 0.018333333333333333 0.016666666666666666 0.03666666666666667
0 0.8341666666666666 0.39666666666666667 0.018333333333333333 0.056666666666666664
