0 0.595 0.4866666666666667 0.05333333333333334 0.043333333333333335
0 0.5958333333333333 0.5525 0.051666666666666666 0.04833333333333333
0 0.5458333333333333 0.6033333333333334 0.04833333333333333 0.06
0 0.5275 0.6458333333333334 0.04833333333333333 0.045
0 0.5183333333333333 0.7266666666666667 0.05 0.06333333333333334
0 0.5233333333333333 0.7991666666666667 0.04 0.06833333333333333
0 0.575 0.9033333333333333 0.05333333333333334 0.06
0 0.545 0.07083333333333333 0.05333333333333334 0.06166666666666667
0 0.22333333333333333 0.11 0.056666666666666664 0.06
0 0.5491666666666667 0.17833333333333334 0.045 0.06666666666666667
0 0.49 0.01 0.02666666666666667 0.02
0 0.5858333333333333 0.33416666666666667 0.051666666666666666 0.045
0 0.5291666666666667 0.02666666666666667 0.025 0.05333333333333334
0 0.565 0.3933333333333333 0.05 0.043333333333333335
