0 0.42833333333333334 0.5258333333333334 0.023333333333333334 0.08833333333333333
0 0.465 0.5025 0.02 0.085
0 0.4058333333333333 0.4925 0.018333333333333333 0.08166666666666667
0 0.43916666666666665 0.4875 0.018333333333333333 0.06166666666666667
0 0.24083333333333334 0.46166666666666667 0.041666666666666664 0.04
0 0.4625 0.4583333333333333 0.021666666666666667 0.06333333333333334
0 0.20583333333333334 0.455 0.03833333333333333 0.03
0 0.18666666666666668 0.4525 0.03666666666666667 0.051666666666666666
0 0.36 0.45 0.04666666666666667 0.03333333333333333
0 0.22916666666666666 0.42916666666666664 0.03833333333333333 0.035
0 0.6241666666666666 0.37166666666666665 0.028333333333333332 0.056666666666666664
0 0.7225 0.365 0.021666666666666667 0.08
0 0.7533333333333333 0.3566666666666667 0.03666666666666667 0.04
0 0.7475 0.31583333333333335 0.018333333333333333 0.06166666666666667
0 0.7275 0.31 0.028333333333333332 0.08
0 0.7658333333333334 0.31083333333333335 0.018333333333333333 0.06166666666666667
0 0.7958333333333333 0.29583333333333334 0.03833333333333333 0.06166666666666667
0 0.7958333333333333 0.28833333333333333 0.03833333333333333 0.07
0 0.755 0.25666666666666665 0.016666666666666666 0.06666666666666667
0 0.7366666666666667 0.25666666666666665 0.02 0.06333333333333334
0 0.7658333333333334 0.23916666666666667 0.025 0.08166666666666667
0 0.7808333333333334 0.23416666666666666 0.015 0.08166666666666667
0 0.7983333333333333 0.22416666666666665 0.02 0.085
0 0.1175 0.21666666666666667 0.03833333333333333 0.03666666666666667
0 0.17083333333333334 0.19416666666666665 0.041666666666666664 0.03166666666666667
0 0.7925 0.1725 0.025 0.065
0 0.47 0.8233333333333334 0.03666666666666667 0.05333333333333334
0 0.5066666666666667 0.8041666666666667 0.02 0.085
0 0.46 0.785 0.03333333333333333 0.05
0 0.5175 0.7941666666666667 0.0016666666666666668 0.011666666666666667
0 0.44666666666666666 0.7516666666666667 0.043333333333333335 0.03333333333333333
0 0.52 0.7233333333333334 0.02 0.06
0 0.42083333333333334 0.7275 0.03833333333333333 0.041666666666666664
0 0.42 0.5383333333333333 0.023333333333333334 0.07333333333333333
0 0.44666666666666666 0.5333333333333333 0.016666666666666666 0.07666666666666666
