0 0.67 0.5083333333333333 0.05333333333333334 0.07333333333333333
0 0.46166666666666667 0.9383333333333334 0.05333333333333334 0.08
0 0.0075 0.3425 0.015 0.105
0 0.7066666666666667 0.3333333333333333 0.04666666666666667 0.09
0 0.19166666666666668 0.15 0.043333333333333335 0.11333333333333333
0 0.5216666666666666 0.9108333333333334 0.04 0.095
0 0.056666666666666664 0.05 0.043333333333333335 0.1
0 0.1375 0.01 0.021666666666666667 0.02
0 0.6991666666666667 0.8666666666666667 0.055 0.09666666666666666
0 0.5666666666666667 0.8541666666666666 0.05 0.085
0 0.7275 0.7733333333333333 0.051666666666666666 0.09333333333333334
0 0.20083333333333334 0.7533333333333333 0.07166666666666667 0.06333333333333334
0 0.7933333333333333 0.7166666666666667 0.056666666666666664 0.07333333333333333
0 0.06833333333333333 0.6033333333333334 0.03 0.13666666666666666
