0 0.7125 0.5241666666666667 0.03833333333333333 0.025
0 0.38916666666666666 0.52 0.018333333333333333 0.05
0 0.4025 0.51 0.018333333333333333 0.05333333333333334
0 0.4275 0.5066666666666667 0.018333333333333333 0.07333333333333333
0 0.37666666666666665 0.48333333333333334 0.016666666666666666 0.05
0 0.4075 0.48083333333333333 0.015 0.058333333333333334
0 0.4166666666666667 0.4741666666666667 0.013333333333333334 0.055
0 0.4775 0.47583333333333333 0.035 0.041666666666666664
0 0.39416666666666667 0.4725 0.011666666666666667 0.041666666666666664
0 0.3858333333333333 0.4525 0.015 0.045
0 0.505 0.4508333333333333 0.023333333333333334 0.051666666666666666
0 0.0175 0.9525 0.035 0.03166666666666667
0 0.4275 0.44583333333333336 0.015 0.055
0 0.475 0.44166666666666665 0.01 0.03666666666666667
0 0.3725 0.435 0.018333333333333333 0.06
0 0.4866666666666667 0.43333333333333335 0.02 0.07333333333333333
0 0.505 0.42916666666666664 0.02666666666666667 0.055
0 0.4091666666666667 0.42833333333333334 0.015 0.05
0 0.39666666666666667 0.42 0.013333333333333334 0.06
0 0.44583333333333336 0.4216666666666667 0.015 0.07
0 0.46166666666666667 0.41583333333333333 0.016666666666666666 0.058333333333333334
0 0.4216666666666667 0.405 0.013333333333333334 0.06333333333333334
0 0.5091666666666667 0.4008333333333333 0.018333333333333333 0.06833333333333333
0 0.4525 0.38333333333333336 0.011666666666666667 0.023333333333333334
0 0.3883333333333333 0.39166666666666666 0.013333333333333334 0.04666666666666667
0 0.43333333333333335 0.385 0.013333333333333334 0.056666666666666664
0 0.48583333333333334 0.38416666666666666 0.018333333333333333 0.04833333333333333
0 0.4116666666666667 0.38 0.016666666666666666 0.05
0 0.49333333333333335 0.375 0.016666666666666666 0.05
0 0.5141666666666667 0.35583333333333333 0.021666666666666667 0.051666666666666666
0 0.43833333333333335 0.3541666666666667 0.023333333333333334 0.055
0 0.4008333333333333 0.355 0.015 0.05333333333333334
0 0.41583333333333333 0.3458333333333333 0.025 0.045
0 0.47583333333333333 0.33166666666666667 0.028333333333333332 0.04
0 0.4925 0.3325 0.021666666666666667 0.045
0 0.5016666666666667 0.31083333333333335 0.02666666666666667 0.051666666666666666
0 0.465 0.2975 0.02666666666666667 0.03166666666666667
0 0.4741666666666667 0.28833333333333333 0.021666666666666667 0.043333333333333335
0 0.455 0.25833333333333336 0.02 0.043333333333333335
0 0.495 0.25916666666666666 0.02 0.06166666666666667
0 0.4725 0.25416666666666665 0.03166666666666667 0.058333333333333334
0 0.475 0.22916666666666666 0.02 0.045
0 0.4525 0.21916666666666668 0.015 0.041666666666666664
0 0.4816666666666667 0.19583333333333333 0.023333333333333334 0.06166666666666667
0 0.4816666666666667 0.1775 0.0033333333333333335 0.005
0 0.4533333333333333 0.1875 0.02 0.055
0 0.475 0.14916666666666667 0.02 0.03833333333333333
0 0.45416666666666666 0.14166666666666666 0.025 0.043333333333333335
0 0.405 0.09 0.02666666666666667 0.07
0 0.20333333333333334 0.915 0.02 0.07
0 0.42083333333333334 0.0575 0.021666666666666667 0.06166666666666667
0 0.39166666666666666 0.035 0.03333333333333333 0.05
0 0.2175 0.9016666666666666 0.025 0.07666666666666666
0 0.08333333333333333 0.8891666666666667 0.023333333333333334 0.021666666666666667
0 0.43 0.8841666666666667 0.03333333333333333 0.028333333333333332
0 0.465 0.8791666666666667 0.03666666666666667 0.03166666666666667
0 0.07666666666666666 0.8658333333333333 0.03333333333333333 0.028333333333333332
0 0.44166666666666665 0.8616666666666667 0.03333333333333333 0.02666666666666667
0 0.48083333333333333 0.8575 0.03833333333333333 0.025
0 0.4241666666666667 0.84 0.03166666666666667 0.02666666666666667
0 0.4583333333333333 0.8408333333333333 0.03666666666666667 0.028333333333333332
0 0.6666666666666666 0.7933333333333333 0.02666666666666667 0.04
0 0.5741666666666667 0.7816666666666666 0.041666666666666664 0.02666666666666667
0 0.52 0.7816666666666666 0.03 0.03666666666666667
0 0.6258333333333334 0.7833333333333333 0.035 0.02666666666666667
0 0.49416666666666664 0.7666666666666667 0.025 0.03666666666666667
0 0.6633333333333333 0.7641666666666667 0.03333333333333333 0.051666666666666666
0 0.6875 0.7591666666666667 0.025 0.041666666666666664
0 0.4725 0.7533333333333333 0.025 0.02
0 0.5466666666666666 0.7508333333333334 0.03333333333333333 0.03833333333333333
0 0.7141666666666666 0.7491666666666666 0.015 0.058333333333333334
0 0.20916666666666667 0.74 0.03166666666666667 0.05
0 0.5 0.7416666666666667 0.03 0.04
0 0.5158333333333334 0.7358333333333333 0.028333333333333332 0.03833333333333333
0 0.4583333333333333 0.7333333333333333 0.03666666666666667 0.03
0 0.475 0.7216666666666667 0.02 0.043333333333333335
0 0.7016666666666667 0.7191666666666666 0.02 0.06833333333333333
0 0.4266666666666667 0.7158333333333333 0.023333333333333334 0.035
0 0.6966666666666667 0.7116666666666667 0.023333333333333334 0.056666666666666664
0 0.5191666666666667 0.7066666666666667 0.03833333333333333 0.03333333333333333
0 0.4533333333333333 0.7008333333333333 0.023333333333333334 0.041666666666666664
0 0.4375 0.7025 0.028333333333333332 0.03166666666666667
0 0.7075 0.6791666666666667 0.021666666666666667 0.058333333333333334
0 0.72 0.6775 0.02 0.07166666666666667
0 0.45 0.67 0.023333333333333334 0.04
0 0.73 0.6683333333333333 0.023333333333333334 0.05
0 0.48833333333333334 0.6683333333333333 0.023333333333333334 0.06
0 0.4058333333333333 0.6658333333333334 0.028333333333333332 0.041666666666666664
0 0.43 0.6625 0.023333333333333334 0.045
0 0.38166666666666665 0.6575 0.03 0.035
0 0.4125 0.6516666666666666 0.021666666666666667 0.05
0 0.3825 0.64 0.018333333333333333 0.04
0 0.7166666666666667 0.6266666666666667 0.016666666666666666 0.03666666666666667
0 0.39166666666666666 0.6216666666666667 0.02 0.05
0 0.4091666666666667 0.61 0.035 0.06
0 0.37166666666666665 0.6025 0.023333333333333334 0.03833333333333333
0 0.4191666666666667 0.575 0.041666666666666664 0.03
0 0.3675 0.5716666666666667 0.03833333333333333 0.03666666666666667
0 0.7091666666666666 0.5658333333333333 0.025 0.055
0 0.445 0.565 0.03 0.05
0 0.4091666666666667 0.5383333333333333 0.018333333333333333 0.04666666666666667
0 0.37833333333333335 0.5358333333333334 0.03 0.04833333333333333
