0 0.5633333333333334 0.7725 0.013333333333333334 0.011666666666666667
0 0.5441666666666667 0.7666666666666667 0.008333333333333333 0.013333333333333334
0 0.5708333333333333 0.7691666666666667 0.011666666666666667 0.015
0 0.5825 0.7633333333333333 0.011666666666666667 0.016666666666666666
0 0.5516666666666666 0.7633333333333333 0.016666666666666666 0.02
0 0.5425 0.7625 0.011666666666666667 0.021666666666666667
0 0.5591666666666667 0.7583333333333333 0.008333333333333333 0.013333333333333334
0 0.5816666666666667 0.7608333333333334 0.01 0.015
0 0.5683333333333334 0.755 0.01 0.01
0 0.5041666666666667 0.7475 0.008333333333333333 0.011666666666666667
0 0.5058333333333334 0.7458333333333333 0.005 0.015
0 0.495 0.7441666666666666 0.006666666666666667 0.011666666666666667
0 0.4875 0.74 0.008333333333333333 0.016666666666666666
0 0.49833333333333335 0.7408333333333333 0.006666666666666667 0.018333333333333333
0 0.4841666666666667 0.7383333333333333 0.005 0.013333333333333334
0 0.5025 0.7408333333333333 0.008333333333333333 0.021666666666666667
0 0.495 0.7366666666666667 0.006666666666666667 0.01
0 0.5041666666666667 0.7416666666666667 0.008333333333333333 0.023333333333333334
0 0.5041666666666667 0.7225 0.005 0.011666666666666667
0 0.30583333333333335 0.7166666666666667 0.011666666666666667 0.016666666666666666
0 0.48083333333333333 0.685 0.011666666666666667 0.016666666666666666
0 0.56 0.6725 0.013333333333333334 0.03166666666666667
0 0.5 0.6483333333333333 0.013333333333333334 0.023333333333333334
0 0.5358333333333334 0.6375 0.011666666666666667 0.021666666666666667
0 0.0875 0.6141666666666666 0.018333333333333333 0.03833333333333333
