0 0.9833333333333333 0.4691666666666667 0.03333333333333333 0.051666666666666666
0 0.48833333333333334 0.03 0.016666666666666666 0.05333333333333334
0 0.44333333333333336 0.495 0.02 0.07333333333333333
0 0.485 0.06916666666666667 0.016666666666666666 0.058333333333333334
0 0.46166666666666667 0.06416666666666666 0.023333333333333334 0.04833333333333333
0 0.4533333333333333 0.08166666666666667 0.02666666666666667 0.05333333333333334
0 0.4141666666666667 0.0825 0.03166666666666667 0.041666666666666664
0 0.43 0.08333333333333333 0.02666666666666667 0.03333333333333333
0 0.44916666666666666 0.09666666666666666 0.021666666666666667 0.05
0 0.47333333333333333 0.11166666666666666 0.016666666666666666 0.03666666666666667
0 0.4375 0.13 0.015 0.056666666666666664
0 0.49083333333333334 0.13166666666666665 0.021666666666666667 0.06666666666666667
0 0.45 0.1375 0.013333333333333334 0.03833333333333333
0 0.4633333333333333 0.14083333333333334 0.013333333333333334 0.04833333333333333
0 0.4775 0.15583333333333332 0.018333333333333333 0.055
0 0.4675 0.18916666666666668 0.015 0.051666666666666666
0 0.4558333333333333 0.18416666666666667 0.015 0.06166666666666667
0 0.4708333333333333 0.21 0.0016666666666666668 0.0033333333333333335
0 0.5616666666666666 0.21416666666666667 0.04 0.041666666666666664
0 0.43416666666666665 0.21916666666666668 0.021666666666666667 0.06833333333333333
0 0.4975 0.21833333333333332 0.021666666666666667 0.05
0 0.47333333333333333 0.22916666666666666 0.013333333333333334 0.065
0 0.46166666666666667 0.25083333333333335 0.016666666666666666 0.065
0 0.5341666666666667 0.26666666666666666 0.015 0.07
0 0.55 0.28833333333333333 0.02666666666666667 0.06666666666666667
0 0.5225 0.30083333333333334 0.015 0.06166666666666667
0 0.9741666666666666 0.3075 0.051666666666666666 0.03833333333333333
0 0.47833333333333333 0.31916666666666665 0.016666666666666666 0.06833333333333333
0 0.4741666666666667 0.02 0.015 0.04
0 0.9775 0.3491666666666667 0.045 0.06166666666666667
0 0.9925 0.4091666666666667 0.015 0.07166666666666667
0 0.4558333333333333 0.43083333333333335 0.03833333333333333 0.055
