0 0.6508333333333334 0.49333333333333335 0.018333333333333333 0.09666666666666666
0 0.765 0.5016666666666667 0.023333333333333334 0.08
0 0.6033333333333334 0.5083333333333333 0.02 0.06666666666666667
0 0.7866666666666666 0.5291666666666667 0.02666666666666667 0.058333333333333334
0 0.5883333333333334 0.5275 0.016666666666666666 0.065
0 0.6925 0.5308333333333334 0.018333333333333333 0.06166666666666667
0 0.6783333333333333 0.5341666666666667 0.02 0.058333333333333334
0 0.8091666666666667 0.54 0.025 0.056666666666666664
0 0.6616666666666666 0.5433333333333333 0.016666666666666666 0.06
0 0.7116666666666667 0.5475 0.023333333333333334 0.058333333333333334
0 0.7891666666666667 0.5675 0.025 0.07166666666666667
0 0.6408333333333334 0.5708333333333333 0.025 0.075
0 0.6816666666666666 0.5783333333333334 0.023333333333333334 0.06333333333333334
0 0.5275 0.5816666666666667 0.018333333333333333 0.08
0 0.7075 0.5858333333333333 0.03166666666666667 0.051666666666666666
0 0.7025 0.605 0.021666666666666667 0.05333333333333334
0 0.78 0.6041666666666666 0.023333333333333334 0.075
0 0.6758333333333333 0.6066666666666667 0.025 0.06
0 0.5433333333333333 0.6183333333333333 0.016666666666666666 0.07
0 0.49833333333333335 0.6158333333333333 0.02 0.07166666666666667
0 0.515 0.6208333333333333 0.016666666666666666 0.085
0 0.515 0.6208333333333333 0.016666666666666666 0.085
0 0.5283333333333333 0.6283333333333333 0.02 0.08666666666666667
0 0.7483333333333333 0.6283333333333333 0.013333333333333334 0.05
0 0.5616666666666666 0.6425 0.016666666666666666 0.06166666666666667
0 0.7133333333333334 0.6483333333333333 0.016666666666666666 0.06666666666666667
0 0.6991666666666667 0.6558333333333334 0.018333333333333333 0.07166666666666667
0 0.49333333333333335 0.6691666666666667 0.02 0.06166666666666667
0 0.6791666666666667 0.665 0.015 0.06666666666666667
0 0.5491666666666667 0.6866666666666666 0.021666666666666667 0.07
0 0.5183333333333333 0.6908333333333333 0.02 0.065
0 0.505 0.7 0.013333333333333334 0.07
0 0.5391666666666667 0.7133333333333334 0.018333333333333333 0.08
0 0.49166666666666664 0.7225 0.016666666666666666 0.04833333333333333
0 0.5258333333333334 0.7258333333333333 0.015 0.06166666666666667
0 0.4625 0.7241666666666666 0.018333333333333333 0.08166666666666667
0 0.705 0.73 0.016666666666666666 0.07666666666666666
0 0.5633333333333334 0.7408333333333333 0.03 0.03833333333333333
0 0.665 0.745 0.03666666666666667 0.06333333333333334
0 0.5133333333333333 0.7583333333333333 0.02 0.06
0 0.4525 0.7608333333333334 0.018333333333333333 0.06833333333333333
0 0.5533333333333333 0.765 0.02 0.06
0 0.7225 0.7641666666666667 0.021666666666666667 0.07833333333333334
0 0.5683333333333334 0.7691666666666667 0.02 0.03833333333333333
0 0.435 0.7708333333333334 0.02 0.07833333333333334
0 0.47833333333333333 0.7883333333333333 0.016666666666666666 0.09
0 0.4633333333333333 0.8166666666666667 0.016666666666666666 0.06666666666666667
0 0.49416666666666664 0.8158333333333333 0.018333333333333333 0.085
0 0.42916666666666664 0.8391666666666666 0.018333333333333333 0.06833333333333333
0 0.44916666666666666 0.8433333333333334 0.018333333333333333 0.07
0 0.4658333333333333 0.87 0.021666666666666667 0.06333333333333334
0 0.4791666666666667 0.8725 0.018333333333333333 0.075
0 0.4533333333333333 0.9316666666666666 0.02666666666666667 0.056666666666666664
0 0.955 0.9808333333333333 0.03 0.03833333333333333
0 0.5375 0.18333333333333332 0.028333333333333332 0.06333333333333334
0 0.5091666666666667 0.19833333333333333 0.035 0.06333333333333334
0 0.4191666666666667 0.2275 0.03833333333333333 0.045
0 0.555 0.2425 0.03666666666666667 0.055
0 0.4483333333333333 0.24416666666666667 0.023333333333333334 0.021666666666666667
0 0.455 0.2658333333333333 0.04 0.028333333333333332
0 0.4241666666666667 0.2725 0.03833333333333333 0.035
0 0.5925 0.2683333333333333 0.041666666666666664 0.03333333333333333
0 0.41 0.275 0.03666666666666667 0.056666666666666664
0 0.5575 0.2875 0.041666666666666664 0.03166666666666667
0 0.3958333333333333 0.29 0.041666666666666664 0.05
0 0.4691666666666667 0.2916666666666667 0.041666666666666664 0.03
0 0.6008333333333333 0.29083333333333333 0.045 0.028333333333333332
0 0.49166666666666664 0.29833333333333334 0.03666666666666667 0.04
0 0.5141666666666667 0.29833333333333334 0.025 0.03333333333333333
0 0.45416666666666666 0.30333333333333334 0.03833333333333333 0.03333333333333333
0 0.38166666666666665 0.30666666666666664 0.02666666666666667 0.056666666666666664
0 0.3975 0.31583333333333335 0.035 0.045
0 0.44 0.3175 0.04 0.03166666666666667
0 0.6016666666666667 0.3233333333333333 0.04 0.03666666666666667
0 0.49 0.325 0.03333333333333333 0.03
0 0.6333333333333333 0.325 0.04 0.04
0 0.4666666666666667 0.3383333333333333 0.03666666666666667 0.03
0 0.43166666666666664 0.3425 0.03333333333333333 0.03833333333333333
0 0.5941666666666666 0.36333333333333334 0.03833333333333333 0.05333333333333334
0 0.6625 0.38916666666666666 0.051666666666666666 0.055
0 0.5858333333333333 0.3975 0.03166666666666667 0.041666666666666664
0 0.6475 0.39 0.03833333333333333 0.06
0 0.6083333333333333 0.4008333333333333 0.03333333333333333 0.03166666666666667
0 0.6333333333333333 0.41833333333333333 0.03666666666666667 0.043333333333333335
0 0.5541666666666667 0.42916666666666664 0.035 0.065
0 0.6091666666666666 0.43083333333333335 0.035 0.028333333333333332
0 0.5758333333333333 0.43416666666666665 0.035 0.045
0 0.9858333333333333 0.44333333333333336 0.028333333333333332 0.07666666666666666
0 0.5975 0.4525 0.035 0.03166666666666667
0 0.6875 0.45666666666666667 0.035 0.07333333333333333
0 0.7666666666666667 0.45666666666666667 0.02666666666666667 0.07
0 0.6716666666666666 0.46166666666666667 0.03333333333333333 0.07333333333333333
0 0.5733333333333334 0.4675 0.04 0.03166666666666667
0 0.66 0.47583333333333333 0.023333333333333334 0.06833333333333333
0 0.64 0.4716666666666667 0.02 0.06333333333333334
0 0.5491666666666667 0.48333333333333334 0.03166666666666667 0.04666666666666667
