0 0.2633333333333333 0.46166666666666667 0.09666666666666666 0.056666666666666664
0 0.15 0.4791666666666667 0.06333333333333334 0.09166666666666666
0 0.9825 0.024166666666666666 0.035 0.04833333333333333
0 0.16833333333333333 0.5366666666666666 0.06666666666666667 0.11333333333333333
0 0.2825 0.55 0.07166666666666667 0.07
0 0.19416666666666665 0.5816666666666667 0.058333333333333334 0.10666666666666667
0 0.5533333333333333 0.7091666666666666 0.07 0.08833333333333333
0 0.6116666666666667 0.7741666666666667 0.056666666666666664 0.105
0 0.6025 0.8533333333333334 0.06833333333333333 0.06333333333333334
0 0.5766666666666667 0.9283333333333333 0.07 0.07333333333333333
0 0.5116666666666667 0.9466666666666667 0.06333333333333334 0.06333333333333334
0 0.7975 0.9483333333333334 0.03166666666666667 0.10333333333333333
0 0.7966666666666666 0.08 0.06333333333333334 0.08333333333333333
0 0.7941666666666667 0.16833333333333333 0.065 0.06333333333333334
0 0.5358333333333334 0.20333333333333334 0.055 0.09666666666666666
0 0.10333333333333333 0.20833333333333334 0.04666666666666667 0.13
0 0.9133333333333333 0.29583333333333334 0.06666666666666667 0.08166666666666667
0 0.11833333333333333 0.31666666666666665 0.07333333333333333 0.05
0 0.1075 0.37166666666666665 0.06166666666666667 0.06333333333333334
