0 0.43416666666666665 0.49416666666666664 0.051666666666666666 0.08166666666666667
0 0.995 0.46416666666666667 0.01 0.025
0 0.44166666666666665 0.6 0.04666666666666667 0.08333333333333333
0 0.40166666666666667 0.14083333333333334 0.056666666666666664 0.07833333333333334
0 0.49416666666666664 0.23166666666666666 0.03833333333333333 0.12666666666666668
0 0.8216666666666667 0.25416666666666665 0.07666666666666666 0.08166666666666667
0 0.96 0.2816666666666667 0.07333333333333333 0.056666666666666664
0 0.43666666666666665 0.2825 0.04666666666666667 0.12833333333333333
0 0.6283333333333333 0.3325 0.06 0.095
0 0.4575 0.37916666666666665 0.028333333333333332 0.11166666666666666
0 0.8141666666666667 0.4175 0.06166666666666667 0.09833333333333333
0 0.5766666666666667 0.42583333333333334 0.07 0.06166666666666667
