0 0.49666666666666665 0.5608333333333333 0.023333333333333334 0.075
0 0.8016666666666666 0.54 0.023333333333333334 0.08
0 0.7875 0.54 0.015 0.06333333333333334
0 0.72 0.5033333333333333 0.02666666666666667 0.056666666666666664
0 0.7625 0.49916666666666665 0.018333333333333333 0.04833333333333333
0 0.78 0.505 0.023333333333333334 0.05333333333333334
0 0.755 0.4666666666666667 0.02666666666666667 0.06333333333333334
0 0.735 0.46416666666666667 0.03666666666666667 0.035
0 0.7758333333333334 0.455 0.021666666666666667 0.08
0 0.16666666666666666 0.9883333333333333 0.03333333333333333 0.023333333333333334
0 0.6916666666666667 0.36333333333333334 0.016666666666666666 0.07333333333333333
0 0.245 0.9791666666666666 0.02666666666666667 0.041666666666666664
0 0.72 0.2925 0.04 0.055
0 0.22833333333333333 0.9766666666666667 0.023333333333333334 0.04666666666666667
0 0.2125 0.9733333333333334 0.021666666666666667 0.05333333333333334
0 0.6741666666666667 0.20166666666666666 0.018333333333333333 0.06
0 0.6725 0.16166666666666665 0.021666666666666667 0.06
0 0.26416666666666666 0.9666666666666667 0.03166666666666667 0.04
0 0.69 0.15083333333333335 0.02 0.06166666666666667
0 0.7458333333333333 0.14 0.03833333333333333 0.04
0 0.18416666666666667 0.9666666666666667 0.015 0.04666666666666667
0 0.6641666666666667 0.12666666666666668 0.028333333333333332 0.06333333333333334
0 0.6458333333333334 0.11416666666666667 0.028333333333333332 0.041666666666666664
0 0.7291666666666666 0.1125 0.035 0.041666666666666664
0 0.7566666666666667 0.10833333333333334 0.03666666666666667 0.02666666666666667
0 0.69 0.10916666666666666 0.03333333333333333 0.045
0 0.7125 0.10416666666666667 0.03166666666666667 0.03166666666666667
0 0.1925 0.9566666666666667 0.021666666666666667 0.05333333333333334
0 0.765 0.08833333333333333 0.023333333333333334 0.02
0 0.6908333333333333 0.08 0.035 0.04
0 0.725 0.0775 0.04 0.03166666666666667
0 0.6575 0.06916666666666667 0.03166666666666667 0.03833333333333333
0 0.7491666666666666 0.060833333333333336 0.028333333333333332 0.03833333333333333
0 0.7283333333333334 0.05333333333333334 0.03 0.023333333333333334
0 0.7416666666666667 0.0325 0.02666666666666667 0.021666666666666667
0 0.6375 0.0325 0.021666666666666667 0.065
0 0.7775 0.0275 0.028333333333333332 0.055
0 0.6841666666666667 0.030833333333333334 0.035 0.03833333333333333
0 0.6708333333333333 0.014166666666666666 0.03833333333333333 0.028333333333333332
0 0.715 0.02 0.03 0.04
0 0.62 0.013333333333333334 0.023333333333333334 0.02666666666666667
0 0.5875 0.010833333333333334 0.028333333333333332 0.021666666666666667
0 0.1575 0.9483333333333334 0.015 0.06
0 0.17083333333333334 0.9416666666666667 0.015 0.05333333333333334
0 0.23416666666666666 0.9375 0.028333333333333332 0.04833333333333333
0 0.2608333333333333 0.9325 0.041666666666666664 0.03833333333333333
0 0.1925 0.9275 0.025 0.035
0 0.21083333333333334 0.9233333333333333 0.025 0.06
0 0.22583333333333333 0.8891666666666667 0.03166666666666667 0.065
0 0.17166666666666666 0.8875 0.016666666666666666 0.058333333333333334
0 0.275 0.885 0.023333333333333334 0.02666666666666667
0 0.155 0.8883333333333333 0.02 0.06666666666666667
0 0.1875 0.8666666666666667 0.018333333333333333 0.08666666666666667
0 0.20083333333333334 0.8516666666666667 0.018333333333333333 0.08333333333333333
0 0.17416666666666666 0.8391666666666666 0.018333333333333333 0.06166666666666667
0 0.15166666666666667 0.8308333333333333 0.016666666666666666 0.065
0 0.28833333333333333 0.8266666666666667 0.02 0.07333333333333333
0 0.13583333333333333 0.8191666666666667 0.018333333333333333 0.075
0 0.16333333333333333 0.8016666666666666 0.016666666666666666 0.09333333333333334
0 0.17833333333333334 0.7858333333333334 0.02666666666666667 0.065
0 0.18833333333333332 0.7833333333333333 0.023333333333333334 0.043333333333333335
0 0.15083333333333335 0.76 0.021666666666666667 0.08
0 0.285 0.9875 0.023333333333333334 0.025
0 0.2791666666666667 0.9975 0.005 0.005
