0 0.7766666666666666 0.5066666666666667 0.056666666666666664 0.09666666666666666
0 0.5508333333333333 0.49416666666666664 0.065 0.058333333333333334
0 0.4741666666666667 0.9516666666666667 0.045 0.09666666666666666
0 0.4141666666666667 0.42916666666666664 0.04833333333333333 0.08166666666666667
0 0.9725 0.41583333333333333 0.055 0.10166666666666667
0 0.4216666666666667 0.3258333333333333 0.043333333333333335 0.07833333333333334
0 0.38416666666666666 0.765 0.055 0.07333333333333333
0 0.07583333333333334 0.9775 0.045 0.045
0 0.4725 0.6808333333333333 0.03833333333333333 0.115
0 0.7825 0.6566666666666666 0.07166666666666667 0.07333333333333333
0 0.9208333333333333 0.6408333333333334 0.06166666666666667 0.075
0 0.4175 0.6308333333333334 0.045 0.12166666666666667
0 0.5983333333333334 0.5841666666666666 0.056666666666666664 0.095
0 0.43666666666666665 0.5408333333333334 0.02666666666666667 0.11166666666666666
