0 0.8141666666666667 0.043333333333333335 0.07166666666666667 0.08666666666666667
0 0.5075 0.5783333333333334 0.03833333333333333 0.13666666666666666
0 0.7458333333333333 0.05 0.075 0.08333333333333333
0 0.58 0.6875 0.06333333333333334 0.08166666666666667
0 0.5033333333333333 0.7041666666666667 0.07 0.075
0 0.9933333333333333 0.7583333333333333 0.013333333333333334 0.13333333333333333
0 0.5433333333333333 0.7875 0.06666666666666667 0.07166666666666667
0 0.6616666666666666 0.06916666666666667 0.07333333333333333 0.058333333333333334
0 0.48583333333333334 0.8333333333333334 0.045 0.11333333333333333
0 0.9991666666666666 0.23666666666666666 0.0016666666666666668 0.0033333333333333335
0 0.6083333333333333 0.16666666666666666 0.07333333333333333 0.07666666666666666
0 0.5325 0.19916666666666666 0.07833333333333334 0.058333333333333334
0 0.8241666666666667 0.21916666666666668 0.041666666666666664 0.10166666666666667
0 0.8658333333333333 0.2375 0.03833333333333333 0.09833333333333333
0 0.72 0.2475 0.05 0.10833333333333334
0 0.7483333333333333 0.25416666666666665 0.05333333333333334 0.07833333333333334
0 0.6591666666666667 0.016666666666666666 0.055 0.03333333333333333
0 0.44333333333333336 0.2841666666666667 0.03 0.13833333333333334
0 0.49416666666666664 0.35333333333333333 0.04833333333333333 0.10666666666666667
0 0.39166666666666666 0.475 0.03666666666666667 0.14
