0 0.5958333333333333 0.5333333333333333 0.028333333333333332 0.03333333333333333
0 0.6241666666666666 0.5216666666666666 0.035 0.03333333333333333
0 0.6441666666666667 0.5166666666666667 0.021666666666666667 0.043333333333333335
0 0.5658333333333333 0.5083333333333333 0.025 0.056666666666666664
0 0.6183333333333333 0.49583333333333335 0.03333333333333333 0.03166666666666667
0 0.585 0.49583333333333335 0.03666666666666667 0.04833333333333333
0 0.5891666666666666 0.48083333333333333 0.03166666666666667 0.055
0 0.5608333333333333 0.43 0.025 0.08
0 0.6475 0.9816666666666667 0.028333333333333332 0.03333333333333333
0 0.67 0.9758333333333333 0.02666666666666667 0.03166666666666667
0 0.5491666666666667 0.33 0.015 0.07
0 0.9658333333333333 0.97 0.018333333333333333 0.05333333333333334
0 0.5433333333333333 0.23416666666666666 0.03 0.08166666666666667
0 0.6266666666666667 0.955 0.016666666666666666 0.07
0 0.5208333333333334 0.14083333333333334 0.021666666666666667 0.06166666666666667
0 0.6266666666666667 0.9541666666666667 0.016666666666666666 0.06833333333333333
0 0.5183333333333333 0.12083333333333333 0.03 0.09166666666666666
0 0.9458333333333333 0.9466666666666667 0.025 0.05
0 0.49416666666666664 0.03666666666666667 0.015 0.07333333333333333
0 0.6108333333333333 0.9425 0.018333333333333333 0.058333333333333334
0 0.5125 0.025833333333333333 0.018333333333333333 0.051666666666666666
0 0.5925 0.925 0.025 0.05333333333333334
0 0.935 0.9008333333333334 0.04666666666666667 0.041666666666666664
0 0.6475 0.8783333333333333 0.025 0.07666666666666666
0 0.6025 0.87 0.03166666666666667 0.04
0 0.6233333333333333 0.8716666666666667 0.02 0.043333333333333335
0 0.565 0.8541666666666666 0.02666666666666667 0.051666666666666666
0 0.575 0.8491666666666666 0.02666666666666667 0.058333333333333334
0 0.5475 0.8458333333333333 0.021666666666666667 0.045
0 0.6316666666666667 0.835 0.016666666666666666 0.04666666666666667
0 0.6091666666666666 0.8316666666666667 0.015 0.05333333333333334
0 0.5366666666666666 0.8108333333333333 0.03 0.028333333333333332
0 0.62 0.8116666666666666 0.016666666666666666 0.056666666666666664
0 0.5475 0.7933333333333333 0.025 0.06
0 0.6308333333333334 0.785 0.015 0.056666666666666664
0 0.5191666666666667 0.785 0.03166666666666667 0.03
0 0.6483333333333333 0.7725 0.02 0.058333333333333334
0 0.6366666666666667 0.7441666666666666 0.016666666666666666 0.04833333333333333
0 0.6191666666666666 0.74 0.015 0.056666666666666664
0 0.6816666666666666 0.9925 0.03333333333333333 0.015
0 0.605 0.7283333333333334 0.016666666666666666 0.06666666666666667
0 0.6475 0.7116666666666667 0.015 0.06666666666666667
0 0.6391666666666667 0.6891666666666667 0.015 0.058333333333333334
0 0.6241666666666666 0.6758333333333333 0.018333333333333333 0.06833333333333333
0 0.6008333333333333 0.6666666666666666 0.015 0.06
0 0.65 0.995 0.02666666666666667 0.01
0 0.9516666666666667 0.985 0.023333333333333334 0.03
0 0.6083333333333333 0.6566666666666666 0.016666666666666666 0.06
0 0.6383333333333333 0.6533333333333333 0.023333333333333334 0.04666666666666667
0 0.6266666666666667 0.9916666666666667 0.02 0.016666666666666666
0 0.6916666666666667 0.9883333333333333 0.016666666666666666 0.023333333333333334
0 0.6133333333333333 0.6141666666666666 0.023333333333333334 0.04833333333333333
0 0.6508333333333334 0.61 0.021666666666666667 0.06
0 0.6258333333333334 0.6091666666666666 0.025 0.041666666666666664
0 0.6366666666666667 0.6033333333333334 0.02 0.06666666666666667
0 0.6566666666666666 0.5958333333333333 0.023333333333333334 0.055
0 0.6125 0.5725 0.028333333333333332 0.035
0 0.5841666666666666 0.565 0.028333333333333332 0.06333333333333334
0 0.625 0.5516666666666666 0.02666666666666667 0.043333333333333335
0 0.9466666666666667 0.985 0.016666666666666666 0.03
