0 0.015 0.525 0.03 0.04
0 0.10416666666666667 0.49666666666666665 0.03833333333333333 0.04
0 0.33 0.49083333333333334 0.023333333333333334 0.06166666666666667
0 0.5408333333333334 0.46 0.018333333333333333 0.06666666666666667
0 0.445 0.4425 0.02 0.06833333333333333
0 0.010833333333333334 0.425 0.021666666666666667 0.05
0 0.47833333333333333 0.41 0.023333333333333334 0.06333333333333334
0 0.1375 0.395 0.025 0.06666666666666667
0 0.35083333333333333 0.395 0.018333333333333333 0.06666666666666667
0 0.105 0.3491666666666667 0.02666666666666667 0.06166666666666667
0 0.6708333333333333 0.34 0.03166666666666667 0.04666666666666667
0 0.6941666666666667 0.30916666666666665 0.03833333333333333 0.045
0 0.6091666666666666 0.2175 0.03833333333333333 0.03166666666666667
0 0.1775 0.215 0.035 0.06333333333333334
0 0.6816666666666666 0.19 0.04 0.03666666666666667
0 0.6891666666666667 0.12416666666666666 0.028333333333333332 0.058333333333333334
0 0.8991666666666667 0.11916666666666667 0.028333333333333332 0.065
0 0.73 0.09583333333333334 0.03333333333333333 0.065
0 0.9266666666666666 0.0225 0.03666666666666667 0.045
0 0.9733333333333334 0.016666666666666666 0.023333333333333334 0.03333333333333333
0 0.7475 0.005833333333333334 0.035 0.011666666666666667
