0 0.7866666666666666 0.5675 0.03333333333333333 0.03166666666666667
0 0.7591666666666667 0.56 0.03833333333333333 0.03333333333333333
0 0.8141666666666667 0.5391666666666667 0.041666666666666664 0.055
0 0.8433333333333334 0.5391666666666667 0.043333333333333335 0.03833333333333333
0 0.7866666666666666 0.5291666666666667 0.03333333333333333 0.03833333333333333
0 0.8758333333333334 0.5241666666666667 0.021666666666666667 0.08833333333333333
0 0.765 0.49333333333333335 0.04 0.03333333333333333
0 0.8283333333333334 0.49166666666666664 0.03666666666666667 0.04666666666666667
0 0.7791666666666667 0.4691666666666667 0.028333333333333332 0.028333333333333332
0 0.8016666666666666 0.4683333333333333 0.03 0.05
0 0.845 0.4633333333333333 0.02666666666666667 0.03666666666666667
0 0.7266666666666667 0.45416666666666666 0.03666666666666667 0.03833333333333333
0 0.7591666666666667 0.44583333333333336 0.028333333333333332 0.04833333333333333
0 0.8441666666666666 0.4325 0.021666666666666667 0.03833333333333333
0 0.7366666666666667 0.42 0.04 0.03
0 0.7833333333333333 0.4125 0.03666666666666667 0.04833333333333333
0 0.8 0.3525 0.03333333333333333 0.06833333333333333
0 0.6975 0.345 0.028333333333333332 0.04
0 0.7441666666666666 0.3425 0.035 0.035
0 0.7666666666666667 0.33416666666666667 0.03666666666666667 0.04833333333333333
0 0.7 0.31666666666666665 0.04 0.05333333333333334
0 0.695 0.995 0.02 0.01
0 0.7866666666666666 0.3016666666666667 0.043333333333333335 0.04
0 0.7166666666666667 0.29333333333333333 0.043333333333333335 0.05333333333333334
0 0.6741666666666667 0.2758333333333333 0.04833333333333333 0.045
0 0.725 0.995 0.02 0.01
0 0.74 0.26916666666666667 0.03333333333333333 0.07166666666666667
0 0.6516666666666666 0.24333333333333335 0.043333333333333335 0.03
0 0.7458333333333333 0.22333333333333333 0.018333333333333333 0.06
0 0.77 0.21333333333333335 0.023333333333333334 0.08666666666666667
0 0.7316666666666667 0.2125 0.023333333333333334 0.058333333333333334
0 0.23416666666666666 0.1325 0.051666666666666666 0.051666666666666666
0 0.24 0.1225 0.06 0.06833333333333333
0 0.2625 0.1175 0.018333333333333333 0.03166666666666667
0 0.67 0.9883333333333333 0.03333333333333333 0.023333333333333334
0 0.7558333333333334 0.9858333333333333 0.03833333333333333 0.028333333333333332
0 0.7016666666666667 0.9841666666666666 0.04 0.03166666666666667
0 0.7058333333333333 0.9733333333333334 0.035 0.05333333333333334
0 0.7091666666666666 0.9691666666666666 0.028333333333333332 0.045
0 0.7241666666666666 0.96 0.03166666666666667 0.04666666666666667
0 0.7391666666666666 0.9566666666666667 0.035 0.03666666666666667
0 0.75 0.9266666666666666 0.03333333333333333 0.06333333333333334
0 0.7691666666666667 0.9266666666666666 0.03833333333333333 0.05
0 0.72 0.9208333333333333 0.03333333333333333 0.03833333333333333
0 0.22333333333333333 0.8058333333333333 0.056666666666666664 0.04833333333333333
0 0.6991666666666667 0.7541666666666667 0.028333333333333332 0.075
0 0.7225 0.7258333333333333 0.021666666666666667 0.075
0 0.7391666666666666 0.7191666666666666 0.018333333333333333 0.058333333333333334
0 0.76 0.6841666666666667 0.023333333333333334 0.055
0 0.7783333333333333 0.6675 0.02 0.07166666666666667
0 0.7483333333333333 0.67 0.02666666666666667 0.04
0 0.27166666666666667 0.6641666666666667 0.02666666666666667 0.07166666666666667
0 0.26666666666666666 0.6483333333333333 0.016666666666666666 0.04
0 0.77 0.6333333333333333 0.03333333333333333 0.03333333333333333
0 0.74 0.6266666666666667 0.02666666666666667 0.05333333333333334
0 0.7675 0.6183333333333333 0.03166666666666667 0.02
0 0.2925 0.6016666666666667 0.03833333333333333 0.06333333333333334
0 0.3125 0.6 0.045 0.056666666666666664
0 0.7766666666666666 0.5991666666666666 0.04 0.03166666666666667
0 0.8066666666666666 0.5908333333333333 0.03 0.065
0 0.8291666666666667 0.5891666666666666 0.035 0.051666666666666666
0 0.7608333333333334 0.585 0.035 0.03
