0 0.7883333333333333 0.9591666666666666 0.02 0.04833333333333333
0 0.815 0.9575 0.016666666666666666 0.045
0 0.8008333333333333 0.9166666666666666 0.015 0.05333333333333334
0 0.785 0.91 0.02 0.05333333333333334
0 0.7525 0.9016666666666666 0.018333333333333333 0.04
0 0.7525 0.9116666666666666 0.0016666666666666668 0.0033333333333333335
0 0.735 0.8841666666666667 0.02 0.06166666666666667
0 0.7616666666666667 0.8783333333333333 0.03 0.04
0 0.8125 0.8583333333333333 0.03166666666666667 0.03333333333333333
0 0.7883333333333333 0.8441666666666666 0.03333333333333333 0.028333333333333332
0 0.76 0.8433333333333334 0.02 0.043333333333333335
0 0.815 0.8175 0.03 0.051666666666666666
0 0.7966666666666666 0.9766666666666667 0.023333333333333334 0.04666666666666667
0 0.77 0.9641666666666666 0.016666666666666666 0.065
