0 0.475 0.5025 0.03666666666666667 0.04833333333333333
0 0.4875 0.51 0.03166666666666667 0.06333333333333334
0 0.455 0.5441666666666667 0.03 0.041666666666666664
0 0.495 0.5558333333333333 0.013333333333333334 0.065
0 0.46416666666666667 0.5633333333333334 0.028333333333333332 0.04666666666666667
0 0.4775 0.5691666666666667 0.021666666666666667 0.055
0 0.21416666666666667 0.5875 0.028333333333333332 0.07166666666666667
0 0.4825 0.6016666666666667 0.018333333333333333 0.056666666666666664
0 0.22833333333333333 0.6166666666666667 0.02666666666666667 0.06333333333333334
0 0.2 0.6175 0.02 0.075
0 0.22166666666666668 0.6458333333333334 0.02666666666666667 0.045
0 0.28583333333333333 0.6783333333333333 0.041666666666666664 0.043333333333333335
0 0.7308333333333333 0.7466666666666667 0.018333333333333333 0.08333333333333333
0 0.6741666666666667 0.7816666666666666 0.045 0.03333333333333333
0 0.7516666666666667 0.795 0.023333333333333334 0.06
0 0.6908333333333333 0.8091666666666667 0.03166666666666667 0.025
0 0.7725 0.8208333333333333 0.021666666666666667 0.058333333333333334
0 0.7383333333333333 0.83 0.02666666666666667 0.07
0 0.11083333333333334 0.8366666666666667 0.041666666666666664 0.06333333333333334
0 0.7525 0.8525 0.025 0.055
0 0.79 0.8541666666666666 0.03333333333333333 0.065
0 0.5333333333333333 0.07583333333333334 0.02666666666666667 0.06833333333333333
0 0.7641666666666667 0.8733333333333333 0.021666666666666667 0.06333333333333334
0 0.8275 0.8691666666666666 0.035 0.035
0 0.8033333333333333 0.88 0.02 0.06666666666666667
0 0.16333333333333333 0.8908333333333334 0.03666666666666667 0.051666666666666666
0 0.7841666666666667 0.9158333333333334 0.018333333333333333 0.058333333333333334
0 0.8008333333333333 0.9283333333333333 0.021666666666666667 0.08333333333333333
0 0.7941666666666667 0.9691666666666666 0.021666666666666667 0.06166666666666667
0 0.5266666666666666 0.105 0.02 0.06666666666666667
0 0.55 0.12666666666666668 0.016666666666666666 0.06333333333333334
0 0.5275 0.1525 0.021666666666666667 0.08166666666666667
0 0.44916666666666666 0.15166666666666667 0.028333333333333332 0.08666666666666667
0 0.5475 0.1925 0.015 0.09166666666666666
0 0.4116666666666667 0.20666666666666667 0.04666666666666667 0.03333333333333333
0 0.56 0.24166666666666667 0.02 0.07666666666666666
0 0.5733333333333334 0.2675 0.02666666666666667 0.07166666666666667
