0 0.43916666666666665 0.4708333333333333 0.035 0.03166666666666667
0 0.5383333333333333 0.4725 0.02 0.065
0 0.4866666666666667 0.47 0.03666666666666667 0.03333333333333333
0 0.45416666666666666 0.4775 0.0016666666666666668 0.005
0 0.4058333333333333 0.49166666666666664 0.035 0.03333333333333333
0 0.3825 0.49 0.021666666666666667 0.06
0 0.49333333333333335 0.49333333333333335 0.03333333333333333 0.03
0 0.36583333333333334 0.5066666666666667 0.015 0.056666666666666664
0 0.3925 0.505 0.015 0.03
0 0.5383333333333333 0.5133333333333333 0.023333333333333334 0.06333333333333334
0 0.43916666666666665 0.5133333333333333 0.03833333333333333 0.03
0 0.4816666666666667 0.515 0.04666666666666667 0.03333333333333333
0 0.41333333333333333 0.5183333333333333 0.03333333333333333 0.023333333333333334
0 0.5233333333333333 0.525 0.02666666666666667 0.05333333333333334
0 0.9816666666666667 0.5325 0.03666666666666667 0.06166666666666667
0 0.395 0.5358333333333334 0.03 0.03166666666666667
0 0.44166666666666665 0.5383333333333333 0.03666666666666667 0.02666666666666667
0 0.36666666666666664 0.545 0.03666666666666667 0.05333333333333334
0 0.4141666666666667 0.5508333333333333 0.03833333333333333 0.028333333333333332
0 0.4775 0.5525 0.035 0.051666666666666666
0 0.2966666666666667 0.5575 0.02 0.08166666666666667
0 0.5208333333333334 0.5625 0.025 0.06833333333333333
0 0.37333333333333335 0.565 0.03666666666666667 0.03666666666666667
0 0.38916666666666666 0.5758333333333333 0.03166666666666667 0.028333333333333332
0 0.54 0.5791666666666667 0.016666666666666666 0.065
0 0.5091666666666667 0.5933333333333334 0.028333333333333332 0.05333333333333334
0 0.3616666666666667 0.5983333333333334 0.03666666666666667 0.03
0 0.38333333333333336 0.6041666666666666 0.043333333333333335 0.041666666666666664
0 0.43916666666666665 0.6166666666666667 0.04833333333333333 0.03333333333333333
0 0.3958333333333333 0.6225 0.03833333333333333 0.04833333333333333
0 0.535 0.6258333333333334 0.02666666666666667 0.055
0 0.7841666666666667 0.96 0.03166666666666667 0.07
0 0.5466666666666666 0.38 0.04 0.04
0 0.5475 0.41333333333333333 0.025 0.043333333333333335
0 0.4866666666666667 0.42583333333333334 0.04 0.03833333333333333
0 0.5283333333333333 0.43416666666666665 0.016666666666666666 0.058333333333333334
0 0.45416666666666666 0.44083333333333335 0.035 0.041666666666666664
0 0.5133333333333333 0.45666666666666667 0.016666666666666666 0.06666666666666667
0 0.4166666666666667 0.455 0.04 0.05333333333333334
0 0.37166666666666665 0.4608333333333333 0.03666666666666667 0.051666666666666666
0 0.4683333333333333 0.4558333333333333 0.03 0.04833333333333333
0 0.9858333333333333 0.4625 0.028333333333333332 0.06833333333333333
