0 0.565 0.5391666666666667 0.02666666666666667 0.07833333333333334
0 0.5483333333333333 0.5216666666666666 0.02 0.08333333333333333
0 0.5308333333333334 0.5091666666666667 0.028333333333333332 0.07833333333333334
0 0.5891666666666666 0.5083333333333333 0.018333333333333333 0.08
0 0.5558333333333333 0.48833333333333334 0.018333333333333333 0.06
0 0.7416666666666667 0.47833333333333333 0.03666666666666667 0.04666666666666667
0 0.7741666666666667 0.47333333333333333 0.03833333333333333 0.03
0 0.6241666666666666 0.4708333333333333 0.045 0.03833333333333333
0 0.79 0.4666666666666667 0.03333333333333333 0.043333333333333335
0 0.5275 0.4533333333333333 0.021666666666666667 0.06
0 0.7525 0.44416666666666665 0.035 0.035
0 0.37333333333333335 0.4 0.02666666666666667 0.056666666666666664
0 0.275 0.3875 0.02 0.085
0 0.245 0.37333333333333335 0.03666666666666667 0.03333333333333333
0 0.25333333333333335 0.3416666666666667 0.02 0.056666666666666664
0 0.27166666666666667 0.3358333333333333 0.023333333333333334 0.07833333333333334
0 0.20583333333333334 0.33666666666666667 0.03833333333333333 0.05333333333333334
0 0.2325 0.32916666666666666 0.021666666666666667 0.06166666666666667
0 0.2125 0.3175 0.028333333333333332 0.045
0 0.2375 0.34833333333333333 0.008333333333333333 0.02
0 0.26 0.2875 0.02 0.051666666666666666
0 0.21916666666666668 0.26416666666666666 0.015 0.065
0 0.23416666666666666 0.25 0.021666666666666667 0.06666666666666667
0 0.2 0.25583333333333336 0.02 0.075
0 0.8608333333333333 0.23416666666666666 0.03833333333333333 0.03833333333333333
0 0.205 0.21 0.023333333333333334 0.06666666666666667
0 0.8166666666666667 0.21583333333333332 0.03666666666666667 0.035
0 0.49083333333333334 0.8141666666666667 0.018333333333333333 0.07833333333333334
0 0.4741666666666667 0.7733333333333333 0.021666666666666667 0.05333333333333334
0 0.5866666666666667 0.7416666666666667 0.043333333333333335 0.03333333333333333
0 0.4775 0.7358333333333333 0.018333333333333333 0.06166666666666667
0 0.6033333333333334 0.715 0.04 0.03333333333333333
0 0.625 0.6891666666666667 0.04 0.035
0 0.6308333333333334 0.6483333333333333 0.035 0.05333333333333334
0 0.5766666666666667 0.55 0.02666666666666667 0.07
