0 0.42333333333333334 0.2833333333333333 0.04 0.11666666666666667
0 0.6666666666666666 0.2525 0.03333333333333333 0.13166666666666665
0 0.6283333333333333 0.11 0.03666666666666667 0.11666666666666667
0 0.9583333333333334 0.034166666666666665 0.03 0.06833333333333333
0 0.3541666666666667 0.88 0.041666666666666664 0.11333333333333333
0 0.56 0.8266666666666667 0.05 0.09
0 0.6075 0.8183333333333334 0.035 0.11333333333333333
0 0.42333333333333334 0.7508333333333334 0.02666666666666667 0.11833333333333333
0 0.47 0.735 0.02666666666666667 0.10666666666666667
0 0.5641666666666667 0.7216666666666667 0.03166666666666667 0.12
0 0.3825 0.595 0.04833333333333333 0.09666666666666666
