0 0.8608333333333333 0.5083333333333333 0.025 0.08666666666666667
0 0.3433333333333333 0.4975 0.04666666666666667 0.03833333333333333
0 0.8733333333333333 0.44666666666666666 0.023333333333333334 0.06666666666666667
0 0.8425 0.4241666666666667 0.03833333333333333 0.045
0 0.9 0.4191666666666667 0.03666666666666667 0.055
0 0.9241666666666667 0.41 0.03166666666666667 0.04
0 0.15083333333333335 0.4025 0.041666666666666664 0.041666666666666664
0 0.9566666666666667 0.38916666666666666 0.043333333333333335 0.03833333333333333
0 0.12666666666666668 0.385 0.03333333333333333 0.05333333333333334
0 0.9 0.37083333333333335 0.02666666666666667 0.058333333333333334
0 0.9725 0.3641666666666667 0.03833333333333333 0.051666666666666666
0 0.9191666666666667 0.3625 0.03166666666666667 0.058333333333333334
0 0.925 0.3441666666666667 0.03 0.04833333333333333
0 0.9566666666666667 0.3408333333333333 0.04 0.045
0 0.19416666666666665 0.3408333333333333 0.025 0.085
0 0.9641666666666666 0.3 0.03166666666666667 0.06666666666666667
0 0.9341666666666667 0.29833333333333334 0.028333333333333332 0.07333333333333333
0 0.22 0.2833333333333333 0.03 0.05
0 0.5741666666666667 0.7541666666666667 0.025 0.075
0 0.6158333333333333 0.74 0.045 0.04666666666666667
0 0.6583333333333333 0.72 0.04 0.04
0 0.5733333333333334 0.705 0.03 0.07
0 0.6175 0.69 0.03166666666666667 0.07
0 0.5991666666666666 0.6866666666666666 0.025 0.06333333333333334
0 0.5808333333333333 0.6783333333333333 0.028333333333333332 0.06
0 0.2683333333333333 0.6241666666666666 0.03333333333333333 0.075
0 0.5941666666666666 0.6158333333333333 0.021666666666666667 0.07166666666666667
0 0.29833333333333334 0.6 0.03 0.08
0 0.2791666666666667 0.5925 0.018333333333333333 0.10166666666666667
0 0.3075 0.5633333333333334 0.028333333333333332 0.07333333333333333
