0 0.465 0.505 0.02 0.05
0 0.4166666666666667 0.49583333333333335 0.023333333333333334 0.065
0 0.4791666666666667 0.4875 0.018333333333333333 0.055
0 0.42833333333333334 0.7308333333333333 0.02666666666666667 0.058333333333333334
0 0.43666666666666665 0.6891666666666667 0.016666666666666666 0.065
0 0.4166666666666667 0.6825 0.02666666666666667 0.041666666666666664
0 0.42583333333333334 0.6608333333333334 0.015 0.051666666666666666
0 0.4041666666666667 0.6466666666666666 0.015 0.03666666666666667
0 0.44916666666666666 0.6508333333333334 0.018333333333333333 0.055
0 0.395 0.6333333333333333 0.013333333333333334 0.05333333333333334
0 0.45166666666666666 0.6125 0.023333333333333334 0.045
0 0.4125 0.6075 0.015 0.051666666666666666
0 0.42583333333333334 0.6016666666666667 0.015 0.06666666666666667
0 0.4708333333333333 0.5983333333333334 0.018333333333333333 0.03666666666666667
0 0.4125 0.5625 0.03833333333333333 0.035
0 0.46 0.5625 0.02 0.058333333333333334
0 0.47833333333333333 0.56 0.03 0.04666666666666667
0 0.44083333333333335 0.5575 0.025 0.051666666666666666
