0 0.8583333333333333 0.4575 0.03333333333333333 0.051666666666666666
0 0.8725 0.4633333333333333 0.015 0.016666666666666666
0 0.15 0.4625 0.02 0.058333333333333334
0 0.8225 0.47333333333333333 0.028333333333333332 0.06333333333333334
0 0.14083333333333334 0.4825 0.025 0.04833333333333333
0 0.7283333333333334 0.48333333333333334 0.03333333333333333 0.06333333333333334
0 0.8483333333333334 0.4866666666666667 0.03 0.04
0 0.8783333333333333 0.5008333333333334 0.02666666666666667 0.065
0 0.9016666666666666 0.5075 0.02666666666666667 0.03833333333333333
0 0.16583333333333333 0.5091666666666667 0.021666666666666667 0.045
0 0.8491666666666666 0.5116666666666667 0.028333333333333332 0.04
0 0.13916666666666666 0.52 0.025 0.03333333333333333
0 0.185 0.525 0.023333333333333334 0.03666666666666667
0 0.16083333333333333 0.5283333333333333 0.025 0.056666666666666664
0 0.14666666666666667 0.5466666666666666 0.03666666666666667 0.02666666666666667
0 0.18083333333333335 0.5525 0.015 0.025
0 0.19416666666666665 0.5716666666666667 0.045 0.03666666666666667
0 0.15833333333333333 0.5783333333333334 0.03333333333333333 0.03666666666666667
0 0.8258333333333333 0.6 0.028333333333333332 0.043333333333333335
0 0.18916666666666668 0.6008333333333333 0.041666666666666664 0.035
0 0.8133333333333334 0.6375 0.03333333333333333 0.041666666666666664
0 0.8191666666666667 0.6841666666666667 0.025 0.051666666666666666
0 0.845 0.6933333333333334 0.02 0.07333333333333333
0 0.8208333333333333 0.7141666666666666 0.025 0.045
0 0.8108333333333333 0.7391666666666666 0.018333333333333333 0.06166666666666667
0 0.8216666666666667 0.7641666666666667 0.02 0.058333333333333334
0 0.6808333333333333 0.7833333333333333 0.021666666666666667 0.056666666666666664
0 0.8341666666666666 0.7741666666666667 0.011666666666666667 0.03833333333333333
0 0.8 0.7791666666666667 0.013333333333333334 0.035
0 0.8233333333333334 0.8125 0.02 0.058333333333333334
0 0.665 0.8158333333333333 0.03 0.03166666666666667
0 0.79 0.8183333333333334 0.016666666666666666 0.05333333333333334
0 0.6866666666666666 0.8225 0.03333333333333333 0.028333333333333332
0 0.8041666666666667 0.8366666666666667 0.018333333333333333 0.06333333333333334
0 0.7191666666666666 0.8441666666666666 0.028333333333333332 0.04833333333333333
0 0.7416666666666667 0.8475 0.02666666666666667 0.065
0 0.6733333333333333 0.8508333333333333 0.02666666666666667 0.03166666666666667
0 0.7008333333333333 0.8508333333333333 0.03166666666666667 0.028333333333333332
0 0.7883333333333333 0.8758333333333334 0.023333333333333334 0.04833333333333333
0 0.8116666666666666 0.8716666666666667 0.016666666666666666 0.05333333333333334
0 0.7916666666666666 0.9216666666666666 0.023333333333333334 0.056666666666666664
0 0.765 0.9308333333333333 0.043333333333333335 0.06166666666666667
0 0.7633333333333333 0.9308333333333333 0.043333333333333335 0.06166666666666667
0 0.7933333333333333 0.9441666666666667 0.04 0.051666666666666666
0 0.6325 0.9475 0.03166666666666667 0.055
0 0.7458333333333333 0.9833333333333333 0.03166666666666667 0.03333333333333333
0 0.7666666666666667 0.9875 0.02666666666666667 0.025
0 0.1875 0.16416666666666666 0.025 0.03833333333333333
0 0.25666666666666665 0.1625 0.02 0.075
0 0.008333333333333333 0.18083333333333335 0.016666666666666666 0.03833333333333333
0 0.17833333333333334 0.20666666666666667 0.016666666666666666 0.04666666666666667
0 0.16333333333333333 0.25916666666666666 0.02 0.065
0 0.11333333333333333 0.29 0.03 0.043333333333333335
0 0.6466666666666666 0.30583333333333335 0.03666666666666667 0.04833333333333333
0 0.07333333333333333 0.30333333333333334 0.03 0.05
0 0.14333333333333334 0.32 0.023333333333333334 0.09333333333333334
0 0.16833333333333333 0.33 0.02 0.08333333333333333
0 0.14916666666666667 0.3333333333333333 0.021666666666666667 0.08
0 0.08583333333333333 0.3466666666666667 0.028333333333333332 0.07
0 0.06583333333333333 0.3466666666666667 0.018333333333333333 0.05333333333333334
0 0.5033333333333333 0.35333333333333333 0.03666666666666667 0.03666666666666667
0 0.8266666666666667 0.3541666666666667 0.023333333333333334 0.07833333333333334
0 0.13166666666666665 0.3625 0.02 0.055
0 0.045 0.36833333333333335 0.023333333333333334 0.06666666666666667
0 0.11416666666666667 0.4008333333333333 0.018333333333333333 0.08166666666666667
0 0.14666666666666667 0.4091666666666667 0.02 0.055
0 0.13083333333333333 0.4058333333333333 0.025 0.058333333333333334
0 0.09416666666666666 0.41833333333333333 0.025 0.06666666666666667
0 0.03 0.425 0.02666666666666667 0.056666666666666664
0 0.165 0.4325 0.02 0.07166666666666667
0 0.13 0.44166666666666665 0.02 0.03666666666666667
