0 0.7041666666666667 0.46166666666666667 0.028333333333333332 0.043333333333333335
0 0.9566666666666667 0.46166666666666667 0.023333333333333334 0.07
0 0.69 0.49333333333333335 0.03333333333333333 0.03666666666666667
0 0.7116666666666667 0.49333333333333335 0.02666666666666667 0.043333333333333335
0 0.9583333333333334 0.5141666666666667 0.03666666666666667 0.06833333333333333
0 0.7133333333333334 0.5308333333333334 0.013333333333333334 0.051666666666666666
0 0.7383333333333333 0.5366666666666666 0.02666666666666667 0.05333333333333334
0 0.6891666666666667 0.535 0.021666666666666667 0.056666666666666664
0 0.3408333333333333 0.54 0.025 0.04666666666666667
0 0.3175 0.5541666666666667 0.018333333333333333 0.03833333333333333
0 0.7041666666666667 0.56 0.015 0.06
0 0.7391666666666666 0.5625 0.028333333333333332 0.065
0 0.3325 0.5683333333333334 0.018333333333333333 0.056666666666666664
0 0.2916666666666667 0.5708333333333333 0.016666666666666666 0.04833333333333333
0 0.2975 0.5716666666666667 0.028333333333333332 0.05333333333333334
0 0.7141666666666666 0.5791666666666667 0.015 0.03833333333333333
0 0.3625 0.5825 0.021666666666666667 0.055
0 0.35 0.5841666666666666 0.03 0.055
0 0.2733333333333333 0.6025 0.03666666666666667 0.06166666666666667
0 0.38333333333333336 0.6033333333333334 0.02 0.06333333333333334
0 0.6983333333333334 0.6008333333333333 0.016666666666666666 0.07166666666666667
0 0.7141666666666666 0.6141666666666666 0.021666666666666667 0.055
0 0.9541666666666667 0.04666666666666667 0.051666666666666666 0.03333333333333333
0 0.33 0.6125 0.02 0.045
0 0.2916666666666667 0.615 0.02666666666666667 0.05333333333333334
0 0.10083333333333333 0.6258333333333334 0.028333333333333332 0.045
0 0.345 0.625 0.016666666666666666 0.05
0 0.31833333333333336 0.6241666666666666 0.02666666666666667 0.055
0 0.12666666666666668 0.6366666666666667 0.03 0.056666666666666664
0 0.37916666666666665 0.635 0.018333333333333333 0.04
0 0.7133333333333334 0.6358333333333334 0.023333333333333334 0.06833333333333333
0 0.3591666666666667 0.6483333333333333 0.018333333333333333 0.05333333333333334
0 0.8375 0.6491666666666667 0.03166666666666667 0.03166666666666667
0 0.315 0.6525 0.023333333333333334 0.041666666666666664
0 0.12416666666666666 0.6641666666666667 0.021666666666666667 0.045
0 0.3425 0.6633333333333333 0.018333333333333333 0.05333333333333334
0 0.155 0.6716666666666666 0.03 0.043333333333333335
0 0.3775 0.6766666666666666 0.018333333333333333 0.06
0 0.18166666666666667 0.6833333333333333 0.03333333333333333 0.06666666666666667
0 0.33916666666666667 0.6866666666666666 0.018333333333333333 0.04666666666666667
0 0.3566666666666667 0.6975 0.013333333333333334 0.041666666666666664
0 0.15083333333333335 0.6991666666666667 0.035 0.035
0 0.31416666666666665 0.6941666666666667 0.018333333333333333 0.04833333333333333
0 0.12583333333333332 0.7016666666666667 0.028333333333333332 0.04
0 0.8516666666666667 0.6991666666666667 0.03 0.06166666666666667
0 0.32916666666666666 0.7066666666666667 0.025 0.05333333333333334
0 0.37166666666666665 0.705 0.02 0.07
0 0.25333333333333335 0.7108333333333333 0.03333333333333333 0.045
0 0.23416666666666666 0.7133333333333334 0.035 0.03
0 0.18083333333333335 0.7183333333333334 0.028333333333333332 0.04
0 0.34833333333333333 0.725 0.016666666666666666 0.05333333333333334
0 0.20416666666666666 0.7333333333333333 0.018333333333333333 0.05
0 0.145 0.7391666666666666 0.04 0.03833333333333333
0 0.8558333333333333 0.7366666666666667 0.018333333333333333 0.06
0 0.36333333333333334 0.7441666666666666 0.016666666666666666 0.055
0 0.345 0.7508333333333334 0.023333333333333334 0.03833333333333333
0 0.8766666666666667 0.7541666666666667 0.02 0.041666666666666664
0 0.2658333333333333 0.7508333333333334 0.035 0.03833333333333333
0 0.28833333333333333 0.7525 0.02666666666666667 0.025
0 0.3233333333333333 0.7508333333333334 0.02666666666666667 0.058333333333333334
0 0.24583333333333332 0.7558333333333334 0.03166666666666667 0.04833333333333333
0 0.19666666666666666 0.7583333333333333 0.02666666666666667 0.04666666666666667
0 0.22 0.7625 0.023333333333333334 0.045
0 0.345 0.7791666666666667 0.03 0.03833333333333333
0 0.36583333333333334 0.7825 0.025 0.03833333333333333
0 0.8791666666666667 0.7941666666666667 0.028333333333333332 0.065
0 0.2866666666666667 0.7875 0.04 0.035
0 0.26916666666666667 0.7975 0.04833333333333333 0.03166666666666667
0 0.8808333333333334 0.7975 0.025 0.06166666666666667
0 0.2125 0.8 0.021666666666666667 0.056666666666666664
0 0.37083333333333335 0.8108333333333333 0.03166666666666667 0.025
0 0.8808333333333334 0.8183333333333334 0.015 0.02
0 0.9841666666666666 0.07333333333333333 0.03166666666666667 0.03666666666666667
0 0.9741666666666666 0.085 0.051666666666666666 0.06
0 0.9408333333333333 0.16916666666666666 0.04833333333333333 0.03166666666666667
0 0.7066666666666667 0.22083333333333333 0.02666666666666667 0.04833333333333333
0 0.6866666666666666 0.24833333333333332 0.016666666666666666 0.06333333333333334
0 0.7091666666666666 0.25916666666666666 0.021666666666666667 0.065
0 0.6516666666666666 0.2816666666666667 0.016666666666666666 0.056666666666666664
0 0.6791666666666667 0.2808333333333333 0.021666666666666667 0.058333333333333334
0 0.9666666666666667 0.015 0.04 0.03
0 0.7108333333333333 0.3075 0.015 0.058333333333333334
0 0.6916666666666667 0.3175 0.02 0.055
0 0.6658333333333334 0.31166666666666665 0.015 0.056666666666666664
0 0.6975 0.3358333333333333 0.018333333333333333 0.055
0 0.7133333333333334 0.34 0.02 0.04666666666666667
0 0.6566666666666666 0.35083333333333333 0.02 0.06833333333333333
0 0.9833333333333333 0.3575 0.03333333333333333 0.04833333333333333
0 0.8333333333333334 0.3575 0.02 0.06833333333333333
0 0.6816666666666666 0.3575 0.016666666666666666 0.07166666666666667
0 0.7158333333333333 0.38333333333333336 0.025 0.043333333333333335
0 0.6691666666666667 0.38083333333333336 0.015 0.065
0 0.6966666666666667 0.39416666666666667 0.016666666666666666 0.06166666666666667
0 0.9825 0.3975 0.035 0.06166666666666667
0 0.9916666666666667 0.42083333333333334 0.016666666666666666 0.03833333333333333
0 0.6516666666666666 0.41833333333333333 0.023333333333333334 0.06666666666666667
0 0.6666666666666666 0.43333333333333335 0.016666666666666666 0.056666666666666664
0 0.9833333333333333 0.43083333333333335 0.03333333333333333 0.045
0 0.7033333333333334 0.4708333333333333 0.006666666666666667 0.0016666666666666668
0 0.6825 0.44166666666666665 0.015 0.06
