0 0.4241666666666667 0.45166666666666666 0.021666666666666667 0.07
0 0.39916666666666667 0.4508333333333333 0.018333333333333333 0.095
0 0.4575 0.4825 0.018333333333333333 0.07833333333333334
0 0.43333333333333335 0.49083333333333334 0.02 0.06166666666666667
0 0.42583333333333334 0.49583333333333335 0.03166666666666667 0.06833333333333333
0 0.44333333333333336 0.5075 0.02 0.06833333333333333
0 0.39666666666666667 0.5216666666666666 0.016666666666666666 0.04666666666666667
0 0.4625 0.5325 0.015 0.045
0 0.3975 0.5058333333333334 0.0016666666666666668 0.0016666666666666668
0 0.44583333333333336 0.54 0.018333333333333333 0.05
0 0.38333333333333336 0.5458333333333333 0.013333333333333334 0.07833333333333334
0 0.42 0.56 0.016666666666666666 0.07333333333333333
0 0.4025 0.5691666666666667 0.021666666666666667 0.045
0 0.44416666666666665 0.575 0.025 0.056666666666666664
0 0.43083333333333335 0.5708333333333333 0.015 0.06166666666666667
0 0.37083333333333335 0.5708333333333333 0.015 0.075
0 0.38416666666666666 0.6091666666666666 0.015 0.041666666666666664
0 0.4 0.6091666666666666 0.02666666666666667 0.051666666666666666
0 0.4125 0.6233333333333333 0.025 0.05
0 0.37833333333333335 0.665 0.023333333333333334 0.06666666666666667
0 0.3475 0.6658333333333334 0.028333333333333332 0.058333333333333334
0 0.39916666666666667 0.6716666666666666 0.015 0.056666666666666664
0 0.3675 0.73 0.018333333333333333 0.06666666666666667
0 0.9666666666666667 0.9175 0.04 0.085
0 0.4083333333333333 0.9316666666666666 0.03 0.08
0 0.9833333333333333 0.9791666666666666 0.03333333333333333 0.041666666666666664
0 0.9833333333333333 0.98 0.03333333333333333 0.04
0 0.9133333333333333 0.9866666666666667 0.013333333333333334 0.02666666666666667
0 0.44916666666666666 0.22 0.021666666666666667 0.08
0 0.455 0.2608333333333333 0.02 0.065
0 0.4375 0.2733333333333333 0.018333333333333333 0.06333333333333334
0 0.42333333333333334 0.29333333333333333 0.013333333333333334 0.05
0 0.4116666666666667 0.29333333333333333 0.016666666666666666 0.04666666666666667
0 0.42583333333333334 0.3225 0.025 0.06833333333333333
0 0.43916666666666665 0.3283333333333333 0.025 0.06
0 0.4075 0.33 0.021666666666666667 0.03
0 0.4075 0.3641666666666667 0.018333333333333333 0.04833333333333333
0 0.44 0.37333333333333335 0.02666666666666667 0.07
0 0.4508333333333333 0.37416666666666665 0.018333333333333333 0.07833333333333334
0 0.415 0.3825 0.02 0.045
0 0.42083333333333334 0.41333333333333333 0.015 0.06666666666666667
0 0.39916666666666667 0.4275 0.018333333333333333 0.051666666666666666
0 0.44083333333333335 0.42916666666666664 0.015 0.055
0 0.4125 0.4525 0.018333333333333333 0.07833333333333334
