0 0.555 0.5241666666666667 0.05 0.065
0 0.42916666666666664 0.5333333333333333 0.04833333333333333 0.06
0 0.4125 0.635 0.03833333333333333 0.08333333333333333
0 0.7066666666666667 0.6483333333333333 0.03333333333333333 0.09333333333333334
0 0.815 0.7591666666666667 0.03333333333333333 0.09833333333333333
0 0.7325 0.8108333333333333 0.045 0.065
0 0.7608333333333334 0.81 0.045 0.07333333333333333
0 0.575 0.82 0.04666666666666667 0.06666666666666667
0 0.5025 0.8333333333333334 0.045 0.07
0 0.7908333333333334 0.88 0.051666666666666666 0.05333333333333334
0 0.08583333333333333 0.1375 0.03166666666666667 0.085
0 0.0525 0.14333333333333334 0.028333333333333332 0.08666666666666667
0 0.19583333333333333 0.165 0.025 0.09
0 0.40166666666666667 0.2783333333333333 0.023333333333333334 0.08333333333333333
0 0.43916666666666665 0.39 0.055 0.043333333333333335
0 0.435 0.47 0.05 0.05
