0 0.7483333333333333 0.12166666666666667 0.023333333333333334 0.04666666666666667
0 0.6958333333333333 0.195 0.021666666666666667 0.05333333333333334
0 0.7191666666666666 0.2783333333333333 0.021666666666666667 0.03666666666666667
0 0.5983333333333334 0.38333333333333336 0.016666666666666666 0.04
0 0.6216666666666667 0.44166666666666665 0.016666666666666666 0.03333333333333333
0 0.4975 0.43333333333333335 0.018333333333333333 0.03666666666666667
0 0.5508333333333333 0.49666666666666665 0.015 0.03666666666666667
0 0.445 0.4666666666666667 0.02 0.03666666666666667
0 0.3383333333333333 0.475 0.023333333333333334 0.02666666666666667
0 0.32666666666666666 0.465 0.02 0.02666666666666667
0 0.3016666666666667 0.41583333333333333 0.02666666666666667 0.03166666666666667
0 0.19333333333333333 0.4175 0.016666666666666666 0.035
0 0.19833333333333333 0.2816666666666667 0.02 0.04666666666666667
