0 0.4666666666666667 0.14833333333333334 0.02666666666666667 0.03
0 0.5725 0.35833333333333334 0.03166666666666667 0.04
0 0.4691666666666667 0.39416666666666667 0.045 0.028333333333333332
0 0.5175 0.4816666666666667 0.03833333333333333 0.03333333333333333
0 0.4875 0.54 0.035 0.02666666666666667
0 0.595 0.6441666666666667 0.03 0.03833333333333333
0 0.5333333333333333 0.6325 0.02666666666666667 0.035
0 0.55 0.7383333333333333 0.02 0.043333333333333335
0 0.5058333333333334 0.7491666666666666 0.03166666666666667 0.03833333333333333
0 0.5175 0.8758333333333334 0.025 0.03833333333333333
0 0.5041666666666667 0.9608333333333333 0.035 0.03166666666666667
0 0.44333333333333336 0.9958333333333333 0.016666666666666666 0.008333333333333333
