0 0.8783333333333333 0.17 0.03 0.04666666666666667
0 0.8325 0.2733333333333333 0.021666666666666667 0.07
0 0.8766666666666667 0.4025 0.02666666666666667 0.055
0 0.7883333333333333 0.6291666666666667 0.02 0.055
0 0.5583333333333333 0.7366666666666667 0.023333333333333334 0.07333333333333333
0 0.6291666666666667 0.6566666666666666 0.021666666666666667 0.07
0 0.6766666666666666 0.5741666666666667 0.023333333333333334 0.07833333333333334
0 0.7483333333333333 0.5241666666666667 0.023333333333333334 0.075
0 0.6275 0.3675 0.021666666666666667 0.055
0 0.42583333333333334 0.7283333333333334 0.021666666666666667 0.07333333333333333
0 0.3883333333333333 0.6525 0.023333333333333334 0.041666666666666664
0 0.3 0.68 0.03666666666666667 0.056666666666666664
0 0.2758333333333333 0.46166666666666667 0.021666666666666667 0.07
