0 0.255 0.19833333333333333 0.03 0.04
0 0.28 0.31166666666666665 0.023333333333333334 0.06333333333333334
0 0.21916666666666668 0.39916666666666667 0.025 0.04833333333333333
0 0.3 0.485 0.02666666666666667 0.06666666666666667
0 0.37916666666666665 0.4508333333333333 0.03166666666666667 0.058333333333333334
0 0.4083333333333333 0.335 0.03 0.03
0 0.5033333333333333 0.33666666666666667 0.023333333333333334 0.04666666666666667
0 0.48333333333333334 0.41833333333333333 0.02 0.056666666666666664
0 0.45666666666666667 0.5966666666666667 0.03333333333333333 0.05333333333333334
0 0.5325 0.5983333333333334 0.03166666666666667 0.06
0 0.5875 0.6591666666666667 0.028333333333333332 0.06166666666666667
0 0.645 0.6683333333333333 0.02666666666666667 0.06
0 0.735 0.7483333333333333 0.02 0.056666666666666664
