0 0.16666666666666666 0.4633333333333333 0.03 0.07666666666666666
0 0.2866666666666667 0.33 0.03 0.06333333333333334
0 0.385 0.3475 0.023333333333333334 0.07166666666666667
0 0.4425 0.55 0.025 0.08
0 0.5358333333333334 0.5183333333333333 0.041666666666666664 0.05333333333333334
0 0.6358333333333334 0.4083333333333333 0.025 0.06
0 0.6066666666666667 0.7258333333333333 0.023333333333333334 0.08166666666666667
0 0.7416666666666667 0.8558333333333333 0.04 0.055
0 0.785 0.5633333333333334 0.03 0.07
0 0.8758333333333334 0.4583333333333333 0.028333333333333332 0.07333333333333333
0 0.9941666666666666 0.64 0.011666666666666667 0.043333333333333335
0 0.9316666666666666 0.8233333333333334 0.03 0.07
0 0.9833333333333333 0.9558333333333333 0.03333333333333333 0.058333333333333334
