0 0.8033333333333333 0.07833333333333334 0.03 0.056666666666666664
0 0.7416666666666667 0.1875 0.02666666666666667 0.075
0 0.7766666666666666 0.33 0.03 0.05333333333333334
0 0.6266666666666667 0.4725 0.02 0.06833333333333333
0 0.66 0.5683333333333334 0.02 0.06666666666666667
0 0.5008333333333334 0.5725 0.025 0.065
0 0.5441666666666667 0.5166666666666667 0.021666666666666667 0.06666666666666667
0 0.44333333333333336 0.415 0.03666666666666667 0.08333333333333333
0 0.42333333333333334 0.6225 0.023333333333333334 0.06833333333333333
0 0.29 0.6 0.023333333333333334 0.06333333333333334
0 0.24416666666666667 0.5266666666666666 0.03166666666666667 0.03666666666666667
0 0.12583333333333332 0.5225 0.045 0.051666666666666666
0 0.1225 0.31833333333333336 0.025 0.07333333333333333
