0 0.7991666666666667 0.9425 0.03166666666666667 0.058333333333333334
0 0.7341666666666666 0.8283333333333334 0.028333333333333332 0.07666666666666666
0 0.7708333333333334 0.6841666666666667 0.03166666666666667 0.06166666666666667
0 0.6166666666666667 0.535 0.02 0.07333333333333333
0 0.6516666666666666 0.4375 0.02 0.07166666666666667
0 0.485 0.43083333333333335 0.02666666666666667 0.065
0 0.5308333333333334 0.48833333333333334 0.021666666666666667 0.07
0 0.42833333333333334 0.6 0.03666666666666667 0.07666666666666666
0 0.4075 0.38083333333333336 0.025 0.07166666666666667
0 0.2683333333333333 0.4025 0.023333333333333334 0.06833333333333333
0 0.2225 0.47583333333333333 0.035 0.045
0 0.1 0.48083333333333333 0.04666666666666667 0.055
0 0.09583333333333334 0.695 0.025 0.07666666666666666
