0 0.205 0.6258333333333334 0.02666666666666667 0.10166666666666667
0 0.23916666666666667 0.56 0.025 0.08333333333333333
0 0.2683333333333333 0.5458333333333333 0.02666666666666667 0.09166666666666666
0 0.30583333333333335 0.5225 0.04833333333333333 0.065
0 0.3233333333333333 0.49583333333333335 0.05 0.065
0 0.4166666666666667 0.6291666666666667 0.02666666666666667 0.07833333333333334
0 0.39916666666666667 0.6866666666666666 0.028333333333333332 0.09333333333333334
0 0.445 0.78 0.023333333333333334 0.08
0 0.51 0.8141666666666667 0.04 0.06833333333333333
0 0.5308333333333334 0.8316666666666667 0.03166666666666667 0.08
0 0.5708333333333333 0.845 0.03833333333333333 0.09
0 0.6158333333333333 0.8341666666666666 0.03833333333333333 0.07166666666666667
0 0.6716666666666666 0.6316666666666667 0.02666666666666667 0.07666666666666666
0 0.6875 0.7075 0.025 0.07833333333333334
0 0.7141666666666666 0.6725 0.03166666666666667 0.065
0 0.7341666666666666 0.6033333333333334 0.03166666666666667 0.07333333333333333
0 0.1125 0.03166666666666667 0.051666666666666666 0.043333333333333335
