0 0.29 0.7008333333333333 0.04 0.03833333333333333
0 0.26916666666666667 0.5825 0.041666666666666664 0.051666666666666666
0 0.17583333333333334 0.2916666666666667 0.025 0.06666666666666667
0 0.11916666666666667 0.43 0.028333333333333332 0.11333333333333333
0 0.3925 0.5058333333333334 0.021666666666666667 0.07166666666666667
0 0.3441666666666667 0.30666666666666664 0.028333333333333332 0.10333333333333333
0 0.36833333333333335 0.07583333333333334 0.03 0.065
0 0.535 0.09166666666666666 0.03666666666666667 0.04666666666666667
0 0.5316666666666666 0.3025 0.03 0.06166666666666667
0 0.6175 0.35583333333333333 0.028333333333333332 0.06833333333333333
0 0.995 0.4708333333333333 0.01 0.051666666666666666
