0 0.8616666666666667 0.1625 0.03 0.06166666666666667
0 0.9316666666666666 0.041666666666666664 0.03666666666666667 0.06
0 0.7941666666666667 0.31416666666666665 0.025 0.105
0 0.6366666666666667 0.3358333333333333 0.023333333333333334 0.075
0 0.5833333333333334 0.5083333333333333 0.02666666666666667 0.10333333333333333
0 0.41333333333333333 0.45416666666666666 0.02666666666666667 0.06833333333333333
0 0.3883333333333333 0.7241666666666666 0.03 0.10833333333333334
0 0.21333333333333335 0.6891666666666667 0.04 0.065
0 0.22416666666666665 0.48833333333333334 0.03833333333333333 0.09333333333333334
0 0.135 0.4175 0.03 0.06833333333333333
0 0.3675 0.2675 0.021666666666666667 0.07166666666666667
0 0.49166666666666664 0.18916666666666668 0.04 0.051666666666666666
0 0.495 0.085 0.04 0.03666666666666667
