0 0.4925 0.6925 0.035 0.051666666666666666
0 0.5383333333333333 0.4925 0.02 0.06833333333333333
0 0.4175 0.6533333333333333 0.021666666666666667 0.05
0 0.38083333333333336 0.7058333333333333 0.018333333333333333 0.051666666666666666
0 0.255 0.705 0.023333333333333334 0.07
0 0.19166666666666668 0.615 0.023333333333333334 0.06333333333333334
0 0.20833333333333334 0.3441666666666667 0.02 0.055
0 0.1525 0.5283333333333333 0.021666666666666667 0.07
0 0.08833333333333333 0.4708333333333333 0.023333333333333334 0.06833333333333333
0 0.04416666666666667 0.5725 0.021666666666666667 0.07166666666666667
0 0.024166666666666666 0.21916666666666668 0.021666666666666667 0.065
