0 0.33916666666666667 0.7183333333333334 0.021666666666666667 0.08
0 0.38083333333333336 0.5933333333333334 0.025 0.07666666666666666
0 0.2475 0.4666666666666667 0.028333333333333332 0.056666666666666664
0 0.29333333333333333 0.33166666666666667 0.023333333333333334 0.07
0 0.24666666666666667 0.22583333333333333 0.03 0.04833333333333333
0 0.5083333333333333 0.43 0.023333333333333334 0.056666666666666664
0 0.45916666666666667 0.6458333333333334 0.021666666666666667 0.06166666666666667
0 0.5041666666666667 0.7458333333333333 0.021666666666666667 0.075
0 0.58 0.8158333333333333 0.02666666666666667 0.07833333333333334
0 0.7191666666666666 0.8041666666666667 0.025 0.075
0 0.7566666666666667 0.7416666666666667 0.03333333333333333 0.07333333333333333
0 0.855 0.7458333333333333 0.03666666666666667 0.041666666666666664
0 0.875 0.525 0.02666666666666667 0.07333333333333333
0 0.715 0.4625 0.0033333333333333335 0.0016666666666666668
