0 0.7633333333333333 0.9566666666666667 0.06333333333333334 0.08666666666666667
0 0.5341666666666667 0.42833333333333334 0.051666666666666666 0.10333333333333333
0 0.5925 0.34 0.06166666666666667 0.1
0 0.5208333333333334 0.32416666666666666 0.06166666666666667 0.09166666666666666
0 0.655 0.955 0.08666666666666667 0.05333333333333334
0 0.5658333333333333 0.2325 0.065 0.07166666666666667
0 0.5075 0.18916666666666668 0.045 0.12166666666666667
0 0.63 0.8558333333333333 0.07333333333333333 0.075
0 0.5083333333333333 0.8091666666666667 0.07 0.11166666666666666
0 0.84 0.8083333333333333 0.04666666666666667 0.10333333333333333
0 0.7758333333333334 0.7691666666666667 0.045 0.09166666666666666
0 0.8883333333333333 0.7683333333333333 0.04 0.1
0 0.73 0.735 0.06333333333333334 0.08666666666666667
0 0.9866666666666667 0.7275 0.02666666666666667 0.11166666666666666
0 0.52 0.6708333333333333 0.03666666666666667 0.11833333333333333
0 0.4675 0.6783333333333333 0.03833333333333333 0.13666666666666666
0 0.8375 0.9683333333333334 0.07166666666666667 0.06333333333333334
0 0.4141666666666667 0.545 0.035 0.13666666666666666
