0 0.6991666666666667 0.28583333333333333 0.041666666666666664 0.03833333333333333
0 0.7216666666666667 0.405 0.043333333333333335 0.05333333333333334
0 0.8158333333333333 0.7041666666666667 0.025 0.07166666666666667
0 0.8741666666666666 0.5625 0.03166666666666667 0.115
0 0.5941666666666666 0.48333333333333334 0.021666666666666667 0.07333333333333333
0 0.6441666666666667 0.6875 0.028333333333333332 0.105
0 0.6191666666666666 0.925 0.03166666666666667 0.07
0 0.4475 0.9066666666666666 0.041666666666666664 0.05333333333333334
0 0.45416666666666666 0.6925 0.035 0.06166666666666667
0 0.365 0.6391666666666667 0.03 0.07166666666666667
