0 0.09666666666666666 0.7333333333333333 0.03 0.08
0 0.23583333333333334 0.8191666666666667 0.035 0.065
0 0.3283333333333333 0.7591666666666667 0.02666666666666667 0.07166666666666667
0 0.35333333333333333 0.725 0.023333333333333334 0.09
0 0.47 0.5658333333333333 0.016666666666666666 0.005
0 0.5908333333333333 0.6066666666666667 0.0016666666666666668 0.0033333333333333335
0 0.49083333333333334 0.27 0.028333333333333332 0.08
0 0.6975 0.3675 0.045 0.09166666666666666
0 0.7908333333333334 0.41 0.03166666666666667 0.07666666666666666
0 0.6041666666666666 0.0825 0.045 0.045
0 0.7933333333333333 0.0475 0.03666666666666667 0.095
0 0.8858333333333334 0.1525 0.03166666666666667 0.06833333333333333
