0 0.4508333333333333 0.08916666666666667 0.045 0.03166666666666667
0 0.555 0.058333333333333334 0.03333333333333333 0.03666666666666667
0 0.49833333333333335 0.175 0.03666666666666667 0.03333333333333333
0 0.4816666666666667 0.225 0.03666666666666667 0.03
0 0.5891666666666666 0.30666666666666664 0.018333333333333333 0.04666666666666667
0 0.515 0.31833333333333336 0.02666666666666667 0.03666666666666667
0 0.5316666666666666 0.4216666666666667 0.02 0.043333333333333335
0 0.49666666666666665 0.4375 0.02 0.03833333333333333
0 0.49916666666666665 0.5566666666666666 0.025 0.03666666666666667
0 0.48583333333333334 0.6433333333333333 0.035 0.03
0 0.5283333333333333 0.7125 0.02666666666666667 0.03833333333333333
0 0.42583333333333334 0.6941666666666667 0.025 0.035
