0 0.5058333333333334 0.03166666666666667 0.06166666666666667 0.06
0 0.4625 0.12416666666666666 0.055 0.051666666666666666
0 0.5408333333333334 0.26916666666666667 0.03833333333333333 0.06833333333333333
0 0.6266666666666667 0.28833333333333333 0.04666666666666667 0.04
0 0.57 0.45 0.02666666666666667 0.07
0 0.49416666666666664 0.47583333333333333 0.041666666666666664 0.041666666666666664
0 0.5141666666666667 0.6833333333333333 0.045 0.05333333333333334
0 0.5008333333333334 0.8433333333333334 0.041666666666666664 0.05333333333333334
0 0.38333333333333336 0.9416666666666667 0.043333333333333335 0.06666666666666667
0 0.5725 0.9691666666666666 0.03833333333333333 0.06166666666666667
