0 0.12833333333333333 0.009166666666666667 0.02666666666666667 0.018333333333333333
0 0.21916666666666668 0.075 0.025 0.07666666666666666
0 0.24 0.0475 0.023333333333333334 0.09166666666666666
0 0.33416666666666667 0.3258333333333333 0.0016666666666666668 0.005
0 0.45166666666666666 0.32166666666666666 0.02666666666666667 0.056666666666666664
0 0.355 0.6091666666666666 0.03 0.07833333333333334
0 0.565 0.5666666666666667 0.04 0.05
0 0.6616666666666666 0.525 0.03 0.07
0 0.45666666666666667 0.8208333333333333 0.04 0.041666666666666664
0 0.6408333333333334 0.9116666666666666 0.03166666666666667 0.06666666666666667
0 0.745 0.8033333333333333 0.03 0.07333333333333333
