0 0.11583333333333333 0.65 0.025 0.043333333333333335
0 0.1725 0.58 0.025 0.04
0 0.21083333333333334 0.49666666666666665 0.021666666666666667 0.06
0 0.2975 0.4766666666666667 0.018333333333333333 0.06666666666666667
0 0.34 0.385 0.02 0.043333333333333335
0 0.38916666666666666 0.5533333333333333 0.028333333333333332 0.03666666666666667
0 0.4066666666666667 0.6266666666666667 0.03 0.02666666666666667
0 0.4658333333333333 0.5075 0.015 0.04833333333333333
0 0.43833333333333335 0.3975 0.02 0.065
0 0.4558333333333333 0.235 0.018333333333333333 0.06666666666666667
0 0.5533333333333333 0.25333333333333335 0.023333333333333334 0.03666666666666667
0 0.55 0.37583333333333335 0.023333333333333334 0.058333333333333334
0 0.6033333333333334 0.41833333333333333 0.02 0.04666666666666667
0 0.8466666666666667 0.505 0.023333333333333334 0.05333333333333334
