0 0.11166666666666666 0.8316666666666667 0.03 0.05333333333333334
0 0.0425 0.9433333333333334 0.035 0.07333333333333333
0 0.1775 0.6775 0.025 0.105
0 0.3325 0.6566666666666666 0.025 0.07333333333333333
0 0.38666666666666666 0.48583333333333334 0.02666666666666667 0.105
0 0.5558333333333333 0.5391666666666667 0.025 0.06833333333333333
0 0.5783333333333334 0.2725 0.03 0.10833333333333334
0 0.7525 0.30583333333333335 0.03833333333333333 0.065
0 0.7408333333333333 0.5091666666666667 0.03833333333333333 0.085
0 0.8308333333333333 0.5758333333333333 0.03166666666666667 0.06833333333333333
0 0.6 0.7241666666666666 0.023333333333333334 0.07166666666666667
0 0.4766666666666667 0.8008333333333333 0.04 0.051666666666666666
0 0.47333333333333333 0.9058333333333334 0.04 0.035
