0 0.32166666666666666 0.5483333333333333 0.02666666666666667 0.07333333333333333
0 0.36333333333333334 0.3308333333333333 0.04 0.058333333333333334
0 0.45166666666666666 0.375 0.023333333333333334 0.04666666666666667
0 0.49083333333333334 0.315 0.021666666666666667 0.05333333333333334
0 0.6308333333333334 0.31833333333333336 0.028333333333333332 0.07666666666666666
0 0.6975 0.41583333333333333 0.025 0.07166666666666667
0 0.7408333333333333 0.5083333333333333 0.028333333333333332 0.07666666666666666
0 0.6783333333333333 0.7116666666666667 0.02 0.06
0 0.8133333333333334 0.5733333333333334 0.02666666666666667 0.07666666666666666
0 0.8608333333333333 0.46166666666666667 0.021666666666666667 0.08
0 0.9375 0.7241666666666666 0.028333333333333332 0.06166666666666667
0 0.8825 0.8466666666666667 0.025 0.07333333333333333
0 0.9241666666666667 0.9608333333333333 0.03166666666666667 0.04833333333333333
