0 0.025833333333333333 0.3416666666666667 0.051666666666666666 0.056666666666666664
0 0.18 0.5883333333333334 0.06 0.10333333333333333
0 0.0875 0.78 0.055 0.08666666666666667
0 0.13 0.8533333333333334 0.03333333333333333 0.13
0 0.16166666666666665 0.9208333333333333 0.05333333333333334 0.11833333333333333
0 0.3125 0.9508333333333333 0.051666666666666666 0.09833333333333333
0 0.47 0.9375 0.03666666666666667 0.125
0 0.4716666666666667 0.8025 0.03333333333333333 0.135
0 0.6433333333333333 0.9075 0.06 0.085
0 0.7583333333333333 0.6325 0.04666666666666667 0.10166666666666667
0 0.685 0.3275 0.05333333333333334 0.10166666666666667
0 0.6358333333333334 0.30833333333333335 0.035 0.11666666666666667
0 0.7483333333333333 0.3025 0.04666666666666667 0.10833333333333334
0 0.4375 0.2808333333333333 0.051666666666666666 0.10166666666666667
0 0.6166666666666667 0.060833333333333336 0.05 0.105
0 0.5483333333333333 0.0075 0.0033333333333333335 0.005
0 0.0125 0.005833333333333334 0.025 0.011666666666666667
