0 0.8241666666666667 0.19833333333333333 0.035 0.056666666666666664
0 0.7658333333333334 0.30333333333333334 0.028333333333333332 0.06333333333333334
0 0.8125 0.4741666666666667 0.028333333333333332 0.06166666666666667
0 0.6541666666666667 0.6175 0.021666666666666667 0.06166666666666667
0 0.4891666666666667 0.4766666666666667 0.03833333333333333 0.07333333333333333
0 0.5616666666666666 0.6725 0.02 0.06166666666666667
0 0.6975 0.7441666666666666 0.021666666666666667 0.065
0 0.5091666666666667 0.7625 0.025 0.07166666666666667
0 0.41833333333333333 0.8166666666666667 0.02 0.06333333333333334
0 0.26416666666666666 0.8 0.025 0.08666666666666667
0 0.21583333333333332 0.6966666666666667 0.03166666666666667 0.04
0 0.07583333333333334 0.6783333333333333 0.03833333333333333 0.03
0 0.09916666666666667 0.44416666666666665 0.028333333333333332 0.065
