0 0.5533333333333333 0.9608333333333333 0.02666666666666667 0.035
0 0.44583333333333336 0.7466666666666667 0.035 0.04
0 0.5425 0.7141666666666666 0.028333333333333332 0.025
0 0.5025 0.6216666666666667 0.03833333333333333 0.03333333333333333
0 0.5325 0.5633333333333334 0.035 0.03333333333333333
0 0.42083333333333334 0.46416666666666667 0.03166666666666667 0.06166666666666667
0 0.485 0.4708333333333333 0.02666666666666667 0.035
0 0.4683333333333333 0.36333333333333334 0.016666666666666666 0.043333333333333335
0 0.5141666666666667 0.3491666666666667 0.035 0.041666666666666664
0 0.5016666666666667 0.22333333333333333 0.023333333333333334 0.03666666666666667
0 0.5775 0.08166666666666667 0.025 0.04
0 0.5141666666666667 0.13583333333333333 0.03166666666666667 0.03166666666666667
0 0.47 0.0625 0.023333333333333334 0.041666666666666664
