0 0.21916666666666668 0.8516666666666667 0.035 0.07
0 0.3933333333333333 0.6958333333333333 0.02 0.06166666666666667
0 0.35083333333333333 0.5533333333333333 0.021666666666666667 0.09
0 0.49 0.6183333333333333 0.02666666666666667 0.09
0 0.595 0.8033333333333333 0.03666666666666667 0.06333333333333334
0 0.5425 0.5441666666666667 0.028333333333333332 0.08166666666666667
0 0.6333333333333333 0.48333333333333334 0.02666666666666667 0.09
0 0.7933333333333333 0.5116666666666667 0.02666666666666667 0.08333333333333333
0 0.8475 0.6141666666666666 0.035 0.03833333333333333
0 0.9866666666666667 0.63 0.02666666666666667 0.03333333333333333
0 0.985 0.88 0.03 0.07666666666666666
