0 0.82 0.07583333333333334 0.03333333333333333 0.058333333333333334
0 0.7575 0.19333333333333333 0.028333333333333332 0.08333333333333333
0 0.8 0.3516666666666667 0.03 0.06666666666666667
0 0.6433333333333333 0.51 0.02 0.08
0 0.6825 0.6308333333333334 0.021666666666666667 0.085
0 0.5525 0.5991666666666666 0.0016666666666666668 0.0016666666666666668
0 0.46 0.39166666666666666 0.03 0.06
0 0.5033333333333333 0.6266666666666667 0.023333333333333334 0.05333333333333334
0 0.4166666666666667 0.6858333333333333 0.02 0.06166666666666667
0 0.27 0.6691666666666667 0.02666666666666667 0.08166666666666667
0 0.22166666666666668 0.5758333333333333 0.03333333333333333 0.041666666666666664
0 0.0875 0.5566666666666666 0.03833333333333333 0.03333333333333333
0 0.10083333333333333 0.3358333333333333 0.028333333333333332 0.085
