0 0.53 0.07666666666666666 0.03 0.03333333333333333
0 0.5275 0.3258333333333333 0.045 0.028333333333333332
0 0.4216666666666667 0.29083333333333333 0.03333333333333333 0.03833333333333333
0 0.4775 0.415 0.03833333333333333 0.03333333333333333
0 0.5075 0.47333333333333333 0.03833333333333333 0.03
0 0.3975 0.5666666666666667 0.03166666666666667 0.04666666666666667
0 0.46166666666666667 0.5683333333333334 0.02666666666666667 0.03666666666666667
0 0.4841666666666667 0.6866666666666666 0.025 0.04
0 0.44333333333333336 0.6741666666666667 0.02 0.045
0 0.4775 0.8158333333333333 0.025 0.03833333333333333
0 0.49083333333333334 0.9025 0.035 0.03166666666666667
0 0.5533333333333333 0.9558333333333333 0.023333333333333334 0.03833333333333333
0 0.44666666666666666 0.975 0.02666666666666667 0.043333333333333335
