0 0.21083333333333334 0.7166666666666667 0.051666666666666666 0.043333333333333335
0 0.3416666666666667 0.5525 0.04666666666666667 0.055
0 0.42333333333333334 0.6108333333333333 0.04 0.10166666666666667
0 0.4375 0.4 0.051666666666666666 0.04
0 0.5383333333333333 0.6983333333333334 0.02666666666666667 0.09666666666666666
0 0.5666666666666667 0.6783333333333333 0.04 0.07666666666666666
0 0.5908333333333333 0.3 0.028333333333333332 0.08333333333333333
0 0.6633333333333333 0.10333333333333333 0.02666666666666667 0.08333333333333333
0 0.7425 0.3875 0.041666666666666664 0.075
0 0.7833333333333333 0.3983333333333333 0.03333333333333333 0.08666666666666667
0 0.8241666666666667 0.39166666666666666 0.041666666666666664 0.08333333333333333
0 0.8641666666666666 0.12833333333333333 0.03833333333333333 0.10333333333333333
0 0.9583333333333334 0.44 0.03666666666666667 0.08
0 0.9925 0.5166666666666667 0.015 0.043333333333333335
