0 0.6758333333333333 0.7191666666666666 0.021666666666666667 0.08166666666666667
0 0.6333333333333333 0.5891666666666666 0.02666666666666667 0.07833333333333334
0 0.7708333333333334 0.45916666666666667 0.028333333333333332 0.058333333333333334
0 0.7233333333333334 0.31916666666666665 0.023333333333333334 0.075
0 0.7716666666666666 0.21 0.03 0.05
0 0.5 0.4216666666666667 0.023333333333333334 0.06
0 0.5525 0.6391666666666667 0.018333333333333333 0.055
0 0.505 0.7416666666666667 0.023333333333333334 0.07666666666666666
0 0.42833333333333334 0.8191666666666667 0.02666666666666667 0.08166666666666667
0 0.2841666666666667 0.8075 0.025 0.07833333333333334
0 0.2475 0.7425 0.035 0.075
0 0.14333333333333334 0.7441666666666666 0.03333333333333333 0.035
0 0.12416666666666666 0.52 0.025 0.07666666666666666
