0 0.6491666666666667 0.30833333333333335 0.021666666666666667 0.08333333333333333
0 0.6058333333333333 0.43916666666666665 0.025 0.08166666666666667
0 0.7441666666666666 0.57 0.028333333333333332 0.06
0 0.6966666666666667 0.7091666666666666 0.023333333333333334 0.075
0 0.7441666666666666 0.8208333333333333 0.03166666666666667 0.051666666666666666
0 0.47333333333333333 0.6083333333333333 0.023333333333333334 0.06
0 0.525 0.38083333333333336 0.023333333333333334 0.07833333333333334
0 0.47833333333333333 0.2808333333333333 0.023333333333333334 0.07833333333333334
0 0.4008333333333333 0.20916666666666667 0.028333333333333332 0.08166666666666667
0 0.25583333333333336 0.21916666666666668 0.025 0.07833333333333334
0 0.2175 0.28583333333333333 0.035 0.075
0 0.1125 0.2891666666666667 0.03166666666666667 0.028333333333333332
0 0.095 0.5083333333333333 0.02666666666666667 0.07666666666666666
0 0.2625 0.575 0.005 0.0033333333333333335
