0 0.034166666666666665 0.7191666666666666 0.025 0.051666666666666666
0 0.18833333333333332 0.675 0.023333333333333334 0.07666666666666666
0 0.24583333333333332 0.5183333333333333 0.025 0.06666666666666667
0 0.4141666666666667 0.5508333333333333 0.025 0.06833333333333333
0 0.43666666666666665 0.3 0.023333333333333334 0.07
0 0.6091666666666666 0.3233333333333333 0.03833333333333333 0.04666666666666667
0 0.6033333333333334 0.5291666666666667 0.03333333333333333 0.06166666666666667
0 0.6891666666666667 0.5841666666666666 0.028333333333333332 0.06833333333333333
0 0.46166666666666667 0.735 0.02 0.07333333333333333
0 0.3383333333333333 0.8141666666666667 0.043333333333333335 0.051666666666666666
0 0.3383333333333333 0.9191666666666667 0.04 0.041666666666666664
