0 0.08916666666666667 0.9441666666666667 0.028333333333333332 0.06166666666666667
0 0.11 0.6558333333333334 0.03333333333333333 0.06833333333333333
0 0.17916666666666667 0.7266666666666667 0.035 0.06333333333333334
0 0.23416666666666666 0.6333333333333333 0.028333333333333332 0.06
0 0.255 0.5175 0.03333333333333333 0.06166666666666667
0 0.3016666666666667 0.395 0.03666666666666667 0.06666666666666667
0 0.32416666666666666 0.77 0.018333333333333333 0.06333333333333334
0 0.4241666666666667 0.28833333333333333 0.03166666666666667 0.06333333333333334
0 0.4625 0.315 0.028333333333333332 0.06666666666666667
0 0.5258333333333334 0.24416666666666667 0.03833333333333333 0.055
0 0.625 0.405 0.02666666666666667 0.06666666666666667
