0 0.5041666666666667 0.30083333333333334 0.028333333333333332 0.021666666666666667
0 0.48583333333333334 0.5016666666666667 0.021666666666666667 0.07
0 0.5691666666666667 0.2683333333333333 0.0016666666666666668 0.0033333333333333335
0 0.6033333333333334 0.22416666666666665 0.016666666666666666 0.055
0 0.7291666666666666 0.165 0.018333333333333333 0.08
0 0.8025 0.23166666666666666 0.018333333333333333 0.04666666666666667
0 0.855 0.2841666666666667 0.02 0.075
0 0.8283333333333334 0.49416666666666664 0.023333333333333334 0.051666666666666666
0 0.9266666666666666 0.31833333333333336 0.02 0.056666666666666664
0 0.9533333333333334 0.20166666666666666 0.02 0.05
