0 0.6858333333333333 0.9358333333333333 0.03833333333333333 0.03833333333333333
0 0.6841666666666667 0.8291666666666667 0.041666666666666664 0.051666666666666666
0 0.5591666666666667 0.7516666666666667 0.021666666666666667 0.07
0 0.6066666666666667 0.565 0.02666666666666667 0.06666666666666667
0 0.5866666666666667 0.2916666666666667 0.03 0.11
0 0.4116666666666667 0.3258333333333333 0.04 0.065
0 0.41833333333333333 0.5441666666666667 0.03333333333333333 0.06166666666666667
0 0.33166666666666667 0.5991666666666666 0.02666666666666667 0.06833333333333333
0 0.7775 0.5366666666666666 0.025 0.056666666666666664
0 0.8341666666666666 0.6875 0.025 0.075
0 0.9891666666666666 0.725 0.021666666666666667 0.06666666666666667
