0 0.5625 0.9 0.041666666666666664 0.11666666666666667
0 0.6283333333333333 0.8083333333333333 0.043333333333333335 0.11333333333333333
0 0.5766666666666667 0.7008333333333333 0.04666666666666667 0.105
0 0.5616666666666666 0.655 0.05333333333333334 0.11666666666666667
0 0.5316666666666666 0.6225 0.03666666666666667 0.115
0 0.48 0.6308333333333334 0.03666666666666667 0.125
0 0.4266666666666667 0.7716666666666666 0.04 0.10666666666666667
0 0.3775 0.6216666666666667 0.03166666666666667 0.12
0 0.3491666666666667 0.5708333333333333 0.03833333333333333 0.115
0 0.3225 0.6425 0.041666666666666664 0.10833333333333334
0 0.28833333333333333 0.6891666666666667 0.04666666666666667 0.115
0 0.23666666666666666 0.63 0.04 0.11333333333333333
0 0.18083333333333335 0.635 0.03166666666666667 0.13
