0 0.8383333333333334 0.4875 0.02666666666666667 0.07166666666666667
0 0.7258333333333333 0.35333333333333333 0.035 0.09
0 0.6366666666666667 0.38916666666666666 0.023333333333333334 0.065
0 0.5791666666666667 0.5366666666666666 0.0016666666666666668 0.0033333333333333335
0 0.5008333333333334 0.5491666666666667 0.03833333333333333 0.051666666666666666
0 0.4075 0.44583333333333336 0.021666666666666667 0.065
0 0.43833333333333335 0.7408333333333333 0.02 0.07833333333333334
0 0.31583333333333335 0.865 0.035 0.05
0 0.27 0.5791666666666667 0.03333333333333333 0.10166666666666667
0 0.1875 0.48583333333333334 0.03166666666666667 0.105
0 0.07 0.6816666666666666 0.03333333333333333 0.07666666666666666
0 0.14083333333333334 0.84 0.028333333333333332 0.06333333333333334
0 0.0925 0.9625 0.03833333333333333 0.055
