0 0.8333333333333334 0.5 0.03 0.07333333333333333
0 0.7216666666666667 0.6425 0.02666666666666667 0.07166666666666667
0 0.62 0.635 0.02666666666666667 0.07333333333333333
0 0.5533333333333333 0.4425 0.03333333333333333 0.105
0 0.4683333333333333 0.48083333333333333 0.04 0.055
0 0.37333333333333335 0.6033333333333334 0.023333333333333334 0.07333333333333333
0 0.2225 0.45666666666666667 0.028333333333333332 0.07
0 0.3925 0.2841666666666667 0.021666666666666667 0.08166666666666667
0 0.25333333333333335 0.16666666666666666 0.03666666666666667 0.056666666666666664
0 0.13333333333333333 0.5758333333333333 0.03 0.07833333333333334
0 0.0075 0.4041666666666667 0.015 0.051666666666666666
0 0.06583333333333333 0.2175 0.028333333333333332 0.06833333333333333
0 0.013333333333333334 0.0925 0.02666666666666667 0.06166666666666667
