0 0.8475 0.57 0.03166666666666667 0.07666666666666666
0 0.7358333333333333 0.40166666666666667 0.03166666666666667 0.10666666666666667
0 0.6358333333333334 0.4175 0.021666666666666667 0.075
0 0.5658333333333333 0.6291666666666667 0.025 0.07833333333333334
0 0.4741666666666667 0.5641666666666667 0.041666666666666664 0.058333333333333334
0 0.38 0.43416666666666665 0.023333333333333334 0.07166666666666667
0 0.39166666666666666 0.7591666666666667 0.023333333333333334 0.085
0 0.24666666666666667 0.8691666666666666 0.03666666666666667 0.058333333333333334
0 0.2225 0.575 0.028333333333333332 0.07333333333333333
0 0.13333333333333333 0.4425 0.02666666666666667 0.08166666666666667
0 0.004166666666666667 0.6066666666666667 0.008333333333333333 0.04
0 0.055 0.8033333333333333 0.03 0.07
0 0.006666666666666667 0.9325 0.013333333333333334 0.055
