0 0.18 0.555 0.03 0.06333333333333334
0 0.22666666666666666 0.7108333333333333 0.02666666666666667 0.08166666666666667
0 0.17 0.825 0.03333333333333333 0.05333333333333334
0 0.4691666666666667 0.6216666666666667 0.025 0.06666666666666667
0 0.33416666666666667 0.4058333333333333 0.021666666666666667 0.09166666666666666
0 0.29083333333333333 0.2725 0.021666666666666667 0.09166666666666666
0 0.4241666666666667 0.36583333333333334 0.021666666666666667 0.06166666666666667
0 0.475 0.26166666666666666 0.02666666666666667 0.08333333333333333
0 0.5641666666666667 0.205 0.025 0.09
0 0.7191666666666666 0.24083333333333334 0.018333333333333333 0.06166666666666667
0 0.7608333333333334 0.32666666666666666 0.028333333333333332 0.04
0 0.8991666666666667 0.3458333333333333 0.03833333333333333 0.028333333333333332
0 0.8775 0.5616666666666666 0.028333333333333332 0.08333333333333333
