0 0.885 0.24333333333333335 0.03666666666666667 0.1
0 0.845 0.23083333333333333 0.043333333333333335 0.10166666666666667
0 0.7691666666666667 0.27416666666666667 0.045 0.10166666666666667
0 0.7725 0.17666666666666667 0.06166666666666667 0.10666666666666667
0 0.8266666666666667 0.0575 0.06 0.10833333333333334
0 0.7641666666666667 0.0575 0.075 0.07833333333333334
0 0.6825 0.07666666666666666 0.07833333333333334 0.05333333333333334
0 0.6808333333333333 0.018333333333333333 0.058333333333333334 0.03666666666666667
0 0.6291666666666667 0.18333333333333332 0.065 0.09
0 0.5491666666666667 0.20916666666666667 0.075 0.06166666666666667
0 0.4608333333333333 0.2941666666666667 0.028333333333333332 0.13833333333333334
0 0.5116666666666667 0.3616666666666667 0.05 0.10666666666666667
0 0.4008333333333333 0.4116666666666667 0.035 0.14
0 0.5241666666666667 0.5883333333333334 0.03833333333333333 0.13666666666666666
0 0.5225 0.7166666666666667 0.07166666666666667 0.07666666666666666
0 0.5625 0.7991666666666667 0.065 0.075
0 0.5025 0.8391666666666666 0.03833333333333333 0.12833333333333333
0 0.7816666666666666 0.7375 0.07333333333333333 0.08166666666666667
