0 0.8866666666666667 0.6666666666666666 0.023333333333333334 0.05
0 0.83 0.61 0.023333333333333334 0.02
0 0.7916666666666666 0.5191666666666667 0.02 0.06166666666666667
0 0.7083333333333334 0.49916666666666665 0.016666666666666666 0.065
0 0.6666666666666666 0.41083333333333333 0.02 0.03833333333333333
0 0.6183333333333333 0.5616666666666666 0.02666666666666667 0.06
0 0.6008333333333333 0.635 0.028333333333333332 0.05
0 0.5441666666666667 0.5266666666666666 0.018333333333333333 0.05333333333333334
0 0.57 0.42583333333333334 0.02 0.058333333333333334
0 0.5533333333333333 0.2625 0.016666666666666666 0.065
0 0.45666666666666667 0.2808333333333333 0.023333333333333334 0.03833333333333333
0 0.4608333333333333 0.4 0.021666666666666667 0.056666666666666664
0 0.4091666666666667 0.4425 0.018333333333333333 0.045
0 0.17083333333333334 0.5283333333333333 0.021666666666666667 0.05
