0 0.24 0.785 0.03 0.05
0 0.2891666666666667 0.6716666666666666 0.025 0.07666666666666666
0 0.24083333333333334 0.5291666666666667 0.028333333333333332 0.06166666666666667
0 0.38166666666666665 0.3958333333333333 0.023333333333333334 0.08166666666666667
0 0.3375 0.26416666666666666 0.021666666666666667 0.085
0 0.465 0.3383333333333333 0.02 0.06
0 0.5166666666666667 0.5691666666666667 0.023333333333333334 0.06166666666666667
0 0.5116666666666667 0.23416666666666666 0.023333333333333334 0.07833333333333334
0 0.5916666666666667 0.1625 0.02666666666666667 0.085
0 0.7391666666666666 0.17166666666666666 0.025 0.08
0 0.7783333333333333 0.23916666666666667 0.03666666666666667 0.075
0 0.885 0.23416666666666666 0.04 0.04833333333333333
0 0.9008333333333334 0.4683333333333333 0.025 0.08
