0 0.69 0.85 0.02666666666666667 0.03333333333333333
0 0.7033333333333334 0.75 0.02 0.04
0 0.6408333333333334 0.6808333333333333 0.025 0.04833333333333333
0 0.6933333333333334 0.5091666666666667 0.02 0.03833333333333333
0 0.7383333333333333 0.53 0.03666666666666667 0.04666666666666667
0 0.8141666666666667 0.6933333333333334 0.028333333333333332 0.02666666666666667
0 0.8741666666666666 0.5625 0.021666666666666667 0.045
0 0.8758333333333334 0.4058333333333333 0.03166666666666667 0.03833333333333333
0 0.81 0.3825 0.03333333333333333 0.051666666666666666
0 0.9483333333333334 0.24333333333333335 0.016666666666666666 0.043333333333333335
0 0.9275 0.19916666666666666 0.03166666666666667 0.07166666666666667
0 0.9841666666666666 0.19 0.03166666666666667 0.04666666666666667
