0 0.8541666666666666 0.5108333333333334 0.028333333333333332 0.075
0 0.7416666666666667 0.6375 0.03 0.06166666666666667
0 0.6491666666666667 0.62 0.021666666666666667 0.07
0 0.5908333333333333 0.44083333333333335 0.028333333333333332 0.10166666666666667
0 0.5066666666666667 0.4583333333333333 0.04 0.05333333333333334
0 0.4116666666666667 0.5683333333333334 0.023333333333333334 0.07
0 0.43916666666666665 0.2633333333333333 0.021666666666666667 0.08
0 0.31166666666666665 0.14 0.03666666666666667 0.05333333333333334
0 0.2708333333333333 0.4175 0.028333333333333332 0.06833333333333333
0 0.185 0.5166666666666667 0.02666666666666667 0.07333333333333333
0 0.06 0.33416666666666667 0.03333333333333333 0.08166666666666667
0 0.13083333333333333 0.175 0.028333333333333332 0.07333333333333333
0 0.08 0.04583333333333333 0.03666666666666667 0.058333333333333334
