0 0.775 0.04583333333333333 0.023333333333333334 0.051666666666666666
0 0.8466666666666667 0.13083333333333333 0.02666666666666667 0.055
0 0.8158333333333333 0.38916666666666666 0.025 0.045
0 0.7533333333333333 0.32083333333333336 0.02666666666666667 0.03833333333333333
0 0.7 0.4075 0.02666666666666667 0.045
0 0.675 0.5141666666666667 0.023333333333333334 0.045
0 0.6308333333333334 0.6333333333333333 0.03166666666666667 0.06666666666666667
0 0.6175 0.2816666666666667 0.018333333333333333 0.06
0 0.5125 0.7258333333333333 0.03166666666666667 0.058333333333333334
0 0.47583333333333333 0.7 0.028333333333333332 0.06333333333333334
0 0.4191666666666667 0.7591666666666667 0.035 0.055
0 0.325 0.6066666666666667 0.023333333333333334 0.06666666666666667
