0 0.4008333333333333 0.4775 0.03166666666666667 0.07833333333333334
0 0.49916666666666665 0.31083333333333335 0.03833333333333333 0.075
0 0.6783333333333333 0.2791666666666667 0.04 0.07833333333333334
0 0.5425 0.2733333333333333 0.025 0.08333333333333333
0 0.5491666666666667 0.9133333333333333 0.04833333333333333 0.056666666666666664
0 0.7958333333333333 0.865 0.035 0.07333333333333333
0 0.2608333333333333 0.7533333333333333 0.028333333333333332 0.08666666666666667
0 0.7583333333333333 0.755 0.03 0.08333333333333333
0 0.6483333333333333 0.74 0.05 0.04
0 0.8366666666666667 0.665 0.043333333333333335 0.08
0 0.4033333333333333 0.6758333333333333 0.056666666666666664 0.03833333333333333
0 0.6966666666666667 0.6641666666666667 0.03 0.09166666666666666
0 0.9841666666666666 0.6608333333333334 0.03166666666666667 0.08833333333333333
0 0.24916666666666668 0.6425 0.028333333333333332 0.085
0 0.44 0.5466666666666666 0.03333333333333333 0.08
