0 0.7075 0.3383333333333333 0.03166666666666667 0.09333333333333334
0 0.625 0.5225 0.02 0.10833333333333334
0 0.5241666666666667 0.5658333333333333 0.021666666666666667 0.11166666666666666
0 0.41333333333333333 0.3625 0.03333333333333333 0.10833333333333334
0 0.3541666666666667 0.4841666666666667 0.03833333333333333 0.065
0 0.245 0.33 0.023333333333333334 0.08333333333333333
0 0.08916666666666667 0.285 0.035 0.07
0 0.10083333333333333 0.5416666666666666 0.025 0.08
0 0.275 0.6391666666666667 0.023333333333333334 0.07833333333333334
0 0.034166666666666665 0.7491666666666666 0.025 0.085
