0 0.7941666666666667 0.5691666666666667 0.028333333333333332 0.085
0 0.6983333333333334 0.43416666666666665 0.023333333333333334 0.065
0 0.6041666666666666 0.4241666666666667 0.021666666666666667 0.06833333333333333
0 0.5341666666666667 0.6166666666666667 0.021666666666666667 0.07
0 0.45416666666666666 0.5475 0.03833333333333333 0.051666666666666666
0 0.37 0.42083333333333334 0.023333333333333334 0.07166666666666667
0 0.22333333333333333 0.5475 0.023333333333333334 0.07166666666666667
0 0.37416666666666665 0.7191666666666666 0.021666666666666667 0.07833333333333334
0 0.24 0.81 0.03333333333333333 0.056666666666666664
0 0.06416666666666666 0.7366666666666667 0.028333333333333332 0.06333333333333334
0 0.14416666666666667 0.41 0.025 0.07666666666666666
0 0.0125 0.5533333333333333 0.025 0.07333333333333333
0 0.011666666666666667 0.8466666666666667 0.023333333333333334 0.06
