0 0.78 0.405 0.02 0.04666666666666667
0 0.5683333333333334 0.5375 0.02 0.041666666666666664
0 0.5233333333333333 0.5866666666666667 0.02 0.05333333333333334
0 0.5333333333333333 0.6975 0.02 0.035
0 0.44583333333333336 0.735 0.015 0.06
0 0.42 0.59 0.016666666666666666 0.06
0 0.4375 0.4875 0.018333333333333333 0.045
0 0.365 0.4625 0.023333333333333334 0.035
0 0.37583333333333335 0.3908333333333333 0.025 0.025
0 0.33 0.6366666666666667 0.016666666666666666 0.056666666666666664
0 0.28583333333333333 0.545 0.018333333333333333 0.06
0 0.21083333333333334 0.5325 0.018333333333333333 0.03166666666666667
0 0.16583333333333333 0.47833333333333333 0.021666666666666667 0.02666666666666667
0 0.10916666666666666 0.43833333333333335 0.021666666666666667 0.04666666666666667
