0 0.3016666666666667 0.7408333333333333 0.023333333333333334 0.085
0 0.345 0.6066666666666667 0.02666666666666667 0.08333333333333333
0 0.20333333333333334 0.4775 0.03 0.04833333333333333
0 0.2525 0.32916666666666666 0.025 0.075
0 0.2025 0.215 0.03166666666666667 0.05
0 0.4816666666666667 0.43416666666666665 0.023333333333333334 0.06166666666666667
0 0.43 0.6633333333333333 0.02 0.06
0 0.4766666666666667 0.7675 0.023333333333333334 0.07166666666666667
0 0.5591666666666667 0.8308333333333333 0.025 0.058333333333333334
0 0.7075 0.83 0.021666666666666667 0.07666666666666666
0 0.75 0.7508333333333334 0.02666666666666667 0.045
0 0.8341666666666666 0.8025 0.0016666666666666668 0.0016666666666666668
0 0.87 0.5341666666666667 0.023333333333333334 0.07833333333333334
0 0.7391666666666666 0.42916666666666664 0.0016666666666666668 0.005
