0 0.805 0.145 0.03 0.043333333333333335
0 0.7783333333333333 0.26666666666666666 0.023333333333333334 0.06666666666666667
0 0.8433333333333334 0.36 0.02666666666666667 0.05333333333333334
0 0.7566666666666667 0.4508333333333333 0.02666666666666667 0.07166666666666667
0 0.6741666666666667 0.415 0.03166666666666667 0.06
0 0.6425 0.29083333333333333 0.03166666666666667 0.03166666666666667
0 0.54 0.29333333333333333 0.023333333333333334 0.05
0 0.5625 0.38083333333333336 0.018333333333333333 0.058333333333333334
0 0.5908333333333333 0.5708333333333333 0.035 0.055
0 0.51 0.5716666666666667 0.03333333333333333 0.06333333333333334
0 0.45166666666666666 0.6366666666666667 0.03 0.06666666666666667
0 0.39 0.6466666666666666 0.02666666666666667 0.06333333333333334
0 0.2941666666666667 0.7316666666666667 0.021666666666666667 0.06333333333333334
