0 0.21833333333333332 0.7441666666666666 0.02666666666666667 0.03166666666666667
0 0.2325 0.6491666666666667 0.021666666666666667 0.051666666666666666
0 0.18 0.5908333333333333 0.02 0.03833333333333333
0 0.26 0.45 0.023333333333333334 0.043333333333333335
0 0.20083333333333334 0.385 0.025 0.04666666666666667
0 0.2916666666666667 0.37416666666666665 0.023333333333333334 0.045
0 0.355 0.4708333333333333 0.013333333333333334 0.04833333333333333
0 0.31083333333333335 0.29333333333333333 0.025 0.043333333333333335
0 0.3491666666666667 0.21583333333333332 0.021666666666666667 0.051666666666666666
0 0.43666666666666665 0.13833333333333334 0.023333333333333334 0.04666666666666667
0 0.46416666666666667 0.155 0.021666666666666667 0.04666666666666667
0 0.5025 0.11666666666666667 0.021666666666666667 0.043333333333333335
0 0.58 0.22416666666666665 0.02 0.051666666666666666
