0 0.59 0.0275 0.05333333333333334 0.055
0 0.48 0.0125 0.03666666666666667 0.025
0 0.5791666666666667 0.13833333333333334 0.03833333333333333 0.04666666666666667
0 0.7066666666666667 0.2825 0.04 0.045
0 0.6258333333333334 0.3416666666666667 0.041666666666666664 0.03666666666666667
0 0.7366666666666667 0.48583333333333334 0.03 0.06833333333333333
0 0.8 0.46 0.03 0.06333333333333334
0 0.6033333333333334 0.6241666666666666 0.04666666666666667 0.041666666666666664
0 0.6758333333333333 0.7716666666666666 0.045 0.04
0 0.6941666666666667 0.9425 0.03166666666666667 0.06166666666666667
