0 0.5458333333333333 0.5116666666666667 0.028333333333333332 0.07
0 0.57 0.2683333333333333 0.02666666666666667 0.07
0 0.38416666666666666 0.29 0.03166666666666667 0.06
0 0.37833333333333335 0.49 0.04 0.05
0 0.29833333333333334 0.23583333333333334 0.03 0.065
0 0.5233333333333333 0.08666666666666667 0.02 0.07
0 0.7358333333333333 0.29583333333333334 0.021666666666666667 0.07166666666666667
0 0.7941666666666667 0.14166666666666666 0.025 0.07666666666666666
0 0.9416666666666667 0.1075 0.02666666666666667 0.065
0 0.6466666666666666 0.0175 0.04 0.035
