0 0.24333333333333335 0.39916666666666667 0.02 0.075
0 0.2825 0.5116666666666667 0.021666666666666667 0.07333333333333333
0 0.3516666666666667 0.4583333333333333 0.023333333333333334 0.07666666666666666
0 0.3975 0.38 0.021666666666666667 0.07
0 0.4008333333333333 0.6641666666666667 0.021666666666666667 0.051666666666666666
0 0.465 0.305 0.023333333333333334 0.07333333333333333
0 0.595 0.31666666666666665 0.02 0.07
0 0.6275 0.37833333333333335 0.03166666666666667 0.056666666666666664
0 0.7175 0.36083333333333334 0.035 0.055
0 0.7391666666666666 0.5766666666666667 0.021666666666666667 0.06333333333333334
0 0.15833333333333333 0.6291666666666667 0.02666666666666667 0.055
0 0.20166666666666666 0.7541666666666667 0.023333333333333334 0.06833333333333333
0 0.15833333333333333 0.8533333333333334 0.03 0.04666666666666667
