0 0.6508333333333334 0.5458333333333333 0.035 0.03166666666666667
0 0.6691666666666667 0.44083333333333335 0.035 0.045
0 0.5633333333333334 0.37583333333333335 0.02 0.06166666666666667
0 0.605 0.22333333333333333 0.02666666666666667 0.05333333333333334
0 0.5808333333333333 0.016666666666666666 0.021666666666666667 0.03333333333333333
0 0.44 0.0175 0.03333333333333333 0.035
0 0.44416666666666665 0.19833333333333333 0.028333333333333332 0.05333333333333334
0 0.37083333333333335 0.24333333333333335 0.025 0.06
0 0.03 0.355 0.03 0.07
0 0.7458333333333333 0.2 0.025 0.056666666666666664
0 0.8008333333333333 0.3125 0.021666666666666667 0.09833333333333333
0 0.9283333333333333 0.35083333333333333 0.02666666666666667 0.075
0 0.975 0.4658333333333333 0.03 0.075
