0 0.6766666666666666 0.0875 0.03666666666666667 0.03833333333333333
0 0.6758333333333333 0.1925 0.041666666666666664 0.051666666666666666
0 0.5525 0.26916666666666667 0.021666666666666667 0.07166666666666667
0 0.6 0.45416666666666666 0.02666666666666667 0.06833333333333333
0 0.5766666666666667 0.7058333333333333 0.02666666666666667 0.075
0 0.405 0.6858333333333333 0.04 0.06166666666666667
0 0.4116666666666667 0.4741666666666667 0.03333333333333333 0.06166666666666667
0 0.325 0.4191666666666667 0.03 0.06833333333333333
0 0.7691666666666667 0.48833333333333334 0.025 0.06666666666666667
0 0.8241666666666667 0.3333333333333333 0.025 0.07666666666666666
0 0.9775 0.31333333333333335 0.025 0.10333333333333333
