0 0.2125 0.010833333333333334 0.03166666666666667 0.021666666666666667
0 0.23166666666666666 0.1175 0.023333333333333334 0.051666666666666666
0 0.16083333333333333 0.20166666666666666 0.028333333333333332 0.056666666666666664
0 0.18916666666666668 0.4683333333333333 0.03166666666666667 0.06333333333333334
0 0.25166666666666665 0.4008333333333333 0.03333333333333333 0.058333333333333334
0 0.30916666666666665 0.47333333333333333 0.025 0.04666666666666667
0 0.3308333333333333 0.5875 0.03166666666666667 0.058333333333333334
0 0.3775 0.7 0.03166666666666667 0.06666666666666667
0 0.39 0.3525 0.016666666666666666 0.06166666666666667
0 0.49416666666666664 0.7941666666666667 0.03166666666666667 0.058333333333333334
0 0.53 0.7675 0.03 0.06166666666666667
0 0.5858333333333333 0.8258333333333333 0.035 0.055
0 0.68 0.6741666666666667 0.023333333333333334 0.065
