0 0.7808333333333334 0.985 0.03166666666666667 0.03
0 0.7616666666666667 0.8783333333333333 0.023333333333333334 0.04666666666666667
0 0.8316666666666667 0.7941666666666667 0.02666666666666667 0.058333333333333334
0 0.8033333333333333 0.5333333333333333 0.03 0.06333333333333334
0 0.7416666666666667 0.6 0.03333333333333333 0.06
0 0.6866666666666666 0.5291666666666667 0.02666666666666667 0.045
0 0.6641666666666667 0.4175 0.03166666666666667 0.058333333333333334
0 0.6066666666666667 0.6466666666666666 0.016666666666666666 0.06
0 0.6191666666666666 0.30583333333333335 0.03166666666666667 0.065
0 0.5041666666666667 0.21416666666666667 0.028333333333333332 0.055
0 0.4691666666666667 0.24083333333333334 0.028333333333333332 0.06166666666666667
0 0.4083333333333333 0.1875 0.02 0.045
0 0.3225 0.33 0.025 0.06666666666666667
