0 0.3358333333333333 0.30833333333333335 0.021666666666666667 0.08
0 0.37583333333333335 0.43083333333333335 0.025 0.075
0 0.24666666666666667 0.555 0.02666666666666667 0.06
0 0.29083333333333333 0.6841666666666667 0.021666666666666667 0.07166666666666667
0 0.24666666666666667 0.79 0.02666666666666667 0.04666666666666667
0 0.5016666666666667 0.59 0.023333333333333334 0.056666666666666664
0 0.4533333333333333 0.38166666666666665 0.02 0.056666666666666664
0 0.49583333333333335 0.2816666666666667 0.021666666666666667 0.07333333333333333
0 0.57 0.21416666666666667 0.02666666666666667 0.07833333333333334
0 0.705 0.225 0.023333333333333334 0.07333333333333333
0 0.7416666666666667 0.2866666666666667 0.03333333333333333 0.07
0 0.8408333333333333 0.2891666666666667 0.028333333333333332 0.025
0 0.8575 0.49583333333333335 0.025 0.075
0 0.7016666666666667 0.5583333333333333 0.0033333333333333335 0.0033333333333333335
