0 0.96 0.5508333333333333 0.03 0.035
0 0.9141666666666667 0.4141666666666667 0.028333333333333332 0.08166666666666667
0 0.7908333333333334 0.40166666666666667 0.021666666666666667 0.06
0 0.6641666666666667 0.5091666666666667 0.035 0.045
0 0.6475 0.5908333333333333 0.035 0.065
0 0.7408333333333333 0.25416666666666665 0.021666666666666667 0.085
0 0.6025 0.29833333333333334 0.025 0.05
0 0.5625 0.42083333333333334 0.021666666666666667 0.10833333333333334
0 0.58 0.07 0.023333333333333334 0.09333333333333334
0 0.44333333333333336 0.09166666666666666 0.03333333333333333 0.05333333333333334
0 0.44916666666666666 0.26 0.03166666666666667 0.08
0 0.375 0.3175 0.023333333333333334 0.058333333333333334
0 0.0475 0.4266666666666667 0.028333333333333332 0.07
