0 0.5408333333333334 0.9016666666666666 0.028333333333333332 0.03333333333333333
0 0.5383333333333333 0.6616666666666666 0.043333333333333335 0.03
0 0.43666666666666665 0.6958333333333333 0.03333333333333333 0.03833333333333333
0 0.49083333333333334 0.575 0.03833333333333333 0.03333333333333333
0 0.5183333333333333 0.52 0.03333333333333333 0.02666666666666667
0 0.4125 0.43083333333333335 0.03166666666666667 0.045
0 0.475 0.42833333333333334 0.02666666666666667 0.03666666666666667
0 0.4975 0.31416666666666665 0.021666666666666667 0.03833333333333333
0 0.4583333333333333 0.325 0.016666666666666666 0.043333333333333335
0 0.49 0.18916666666666668 0.023333333333333334 0.03833333333333333
0 0.5033333333333333 0.10583333333333333 0.03333333333333333 0.03166666666666667
0 0.5633333333333334 0.05416666666666667 0.023333333333333334 0.03833333333333333
0 0.4608333333333333 0.03666666666666667 0.025 0.04
