0 0.02666666666666667 0.5066666666666667 0.03 0.03666666666666667
0 0.07083333333333333 0.6275 0.028333333333333332 0.055
0 0.1925 0.655 0.021666666666666667 0.06
0 0.3175 0.5483333333333333 0.035 0.043333333333333335
0 0.335 0.4508333333333333 0.03333333333333333 0.03166666666666667
0 0.2425 0.7916666666666666 0.021666666666666667 0.07333333333333333
0 0.3775 0.7716666666666666 0.025 0.08333333333333333
0 0.4166666666666667 0.635 0.02 0.11
0 0.4 0.9666666666666667 0.023333333333333334 0.06666666666666667
0 0.5333333333333333 0.9575 0.03333333333333333 0.051666666666666666
0 0.5291666666666667 0.7916666666666666 0.03166666666666667 0.07666666666666666
0 0.6016666666666667 0.7366666666666667 0.02666666666666667 0.06
0 0.9208333333333333 0.6275 0.028333333333333332 0.065
