0 0.6616666666666666 0.22 0.023333333333333334 0.03
0 0.6725 0.30333333333333334 0.018333333333333333 0.03666666666666667
0 0.6216666666666667 0.3591666666666667 0.02 0.03833333333333333
0 0.66 0.515 0.02666666666666667 0.04666666666666667
0 0.7025 0.485 0.03166666666666667 0.03666666666666667
0 0.7608333333333334 0.35833333333333334 0.035 0.04
0 0.815 0.45916666666666667 0.02 0.03833333333333333
0 0.7625 0.6083333333333333 0.028333333333333332 0.043333333333333335
0 0.8133333333333334 0.5941666666666666 0.03333333333333333 0.03833333333333333
0 0.8725 0.7275 0.025 0.041666666666666664
0 0.8591666666666666 0.77 0.025 0.043333333333333335
0 0.9066666666666666 0.7691666666666667 0.02666666666666667 0.03833333333333333
0 0.9816666666666667 0.7241666666666666 0.02 0.041666666666666664
