0 0.0525 0.04416666666666667 0.028333333333333332 0.06166666666666667
0 0.07416666666666667 0.335 0.03166666666666667 0.06333333333333334
0 0.14416666666666667 0.2658333333333333 0.035 0.06166666666666667
0 0.18916666666666668 0.38416666666666666 0.0016666666666666668 0.0016666666666666668
0 0.22166666666666668 0.47583333333333333 0.03333333333333333 0.06166666666666667
0 0.2925 0.2225 0.018333333333333333 0.065
0 0.27 0.5975 0.03333333333333333 0.06833333333333333
0 0.39416666666666667 0.7066666666666667 0.03166666666666667 0.06333333333333334
0 0.43833333333333335 0.675 0.016666666666666666 0.05333333333333334
0 0.495 0.7533333333333333 0.04 0.056666666666666664
0 0.5975 0.5891666666666666 0.025 0.065
