0 0.22083333333333333 0.7583333333333333 0.03166666666666667 0.05
0 0.27416666666666667 0.6541666666666667 0.025 0.075
0 0.23166666666666666 0.5083333333333333 0.02666666666666667 0.056666666666666664
0 0.375 0.4033333333333333 0.02 0.05333333333333334
0 0.33666666666666667 0.25333333333333335 0.02 0.08333333333333333
0 0.4583333333333333 0.33916666666666667 0.02 0.058333333333333334
0 0.49916666666666665 0.5825 0.025 0.058333333333333334
0 0.5066666666666667 0.245 0.023333333333333334 0.07666666666666666
0 0.5875 0.19583333333333333 0.021666666666666667 0.085
0 0.73 0.2175 0.023333333333333334 0.07833333333333334
0 0.7658333333333334 0.2916666666666667 0.03166666666666667 0.07333333333333333
0 0.8975 0.33 0.03166666666666667 0.02666666666666667
0 0.8775 0.5308333333333334 0.025 0.07833333333333334
