0 0.49833333333333335 0.6808333333333333 0.03666666666666667 0.051666666666666666
0 0.4533333333333333 0.47833333333333333 0.02 0.06666666666666667
0 0.5758333333333333 0.6391666666666667 0.021666666666666667 0.045
0 0.6116666666666667 0.6941666666666667 0.02 0.055
0 0.7408333333333333 0.6941666666666667 0.025 0.07166666666666667
0 0.8041666666666667 0.6016666666666667 0.025 0.06666666666666667
0 0.7866666666666666 0.3275 0.02 0.058333333333333334
0 0.8441666666666666 0.5141666666666667 0.025 0.07166666666666667
0 0.91 0.455 0.023333333333333334 0.07
0 0.9541666666666667 0.5591666666666667 0.021666666666666667 0.07166666666666667
0 0.975 0.2 0.023333333333333334 0.06666666666666667
