0 0.5158333333333334 0.2975 0.045 0.115
0 0.39 0.465 0.043333333333333335 0.13
0 0.33416666666666667 0.3475 0.075 0.065
0 0.25833333333333336 0.12166666666666667 0.06 0.11
0 0.215 0.12833333333333333 0.07 0.10666666666666667
0 0.15833333333333333 0.08916666666666667 0.043333333333333335 0.13166666666666665
0 0.195 0.008333333333333333 0.043333333333333335 0.016666666666666666
0 0.33 0.008333333333333333 0.0033333333333333335 0.0033333333333333335
0 0.25416666666666665 0.013333333333333334 0.03833333333333333 0.02666666666666667
0 0.12666666666666668 0.18833333333333332 0.08333333333333333 0.06666666666666667
0 0.14 0.2625 0.043333333333333335 0.12166666666666667
0 0.14583333333333334 0.39166666666666666 0.07833333333333334 0.08
0 0.09166666666666666 0.2775 0.04 0.13833333333333334
0 0.09 0.4066666666666667 0.04666666666666667 0.12666666666666668
0 0.04083333333333333 0.39666666666666667 0.051666666666666666 0.12333333333333334
0 0.051666666666666666 0.5566666666666666 0.09 0.056666666666666664
0 0.0425 0.6666666666666666 0.03833333333333333 0.13333333333333333
0 0.17833333333333334 0.6675 0.04666666666666667 0.13833333333333334
0 0.3575 0.6316666666666667 0.04833333333333333 0.11666666666666667
0 0.44333333333333336 0.695 0.03666666666666667 0.12
0 0.09 0.9616666666666667 0.05333333333333334 0.07666666666666666
