0 0.2941666666666667 0.24833333333333332 0.021666666666666667 0.03
0 0.2833333333333333 0.33 0.02 0.03333333333333333
0 0.335 0.38666666666666666 0.02 0.04
0 0.29583333333333334 0.545 0.028333333333333332 0.04666666666666667
0 0.2525 0.5133333333333333 0.03166666666666667 0.03666666666666667
0 0.1925 0.3825 0.03166666666666667 0.035
0 0.14166666666666666 0.4866666666666667 0.02 0.04
0 0.14333333333333334 0.6208333333333333 0.03333333333333333 0.03833333333333333
0 0.19333333333333333 0.635 0.02666666666666667 0.043333333333333335
0 0.08083333333333333 0.7508333333333334 0.018333333333333333 0.035
0 0.09666666666666666 0.7958333333333333 0.02666666666666667 0.045
0 0.049166666666666664 0.7966666666666666 0.028333333333333332 0.04
