0 0.5875 0.49833333333333335 0.0016666666666666668 0.0033333333333333335
0 0.48083333333333333 0.5191666666666667 0.025 0.065
0 0.6791666666666667 0.6883333333333334 0.021666666666666667 0.07666666666666666
0 0.9183333333333333 0.6916666666666667 0.02666666666666667 0.07666666666666666
0 0.7008333333333333 0.7033333333333334 0.025 0.06666666666666667
0 0.4575 0.060833333333333336 0.03833333333333333 0.03833333333333333
0 0.7858333333333334 0.7658333333333334 0.03166666666666667 0.06166666666666667
0 0.1925 0.11583333333333333 0.03166666666666667 0.07166666666666667
0 0.5591666666666667 0.24 0.025 0.07333333333333333
0 0.36916666666666664 0.305 0.035 0.05333333333333334
0 0.2816666666666667 0.030833333333333334 0.03 0.06166666666666667
0 0.2775 0.35583333333333333 0.03166666666666667 0.06833333333333333
