0 0.25416666666666665 0.3616666666666667 0.025 0.043333333333333335
0 0.305 0.4325 0.02 0.051666666666666666
0 0.2791666666666667 0.515 0.025 0.03666666666666667
0 0.3983333333333333 0.6158333333333333 0.016666666666666666 0.035
0 0.37333333333333335 0.6675 0.016666666666666666 0.045
0 0.44416666666666665 0.6675 0.021666666666666667 0.03833333333333333
0 0.5 0.6683333333333333 0.016666666666666666 0.03666666666666667
0 0.5558333333333333 0.7033333333333334 0.021666666666666667 0.04
0 0.6383333333333333 0.69 0.03 0.043333333333333335
0 0.665 0.6958333333333333 0.02 0.03833333333333333
0 0.6975 0.6516666666666666 0.03166666666666667 0.03
0 0.7916666666666666 0.6441666666666667 0.03666666666666667 0.03166666666666667
0 0.8 0.5175 0.02 0.045
