0 0.965 0.375 0.03 0.08666666666666667
0 0.8375 0.36083333333333334 0.021666666666666667 0.06166666666666667
0 0.7058333333333333 0.4725 0.035 0.045
0 0.6891666666666667 0.5583333333333333 0.035 0.06666666666666667
0 0.7866666666666666 0.20833333333333334 0.023333333333333334 0.09
0 0.6433333333333333 0.25333333333333335 0.02666666666666667 0.05333333333333334
0 0.6025 0.38 0.021666666666666667 0.11666666666666667
0 0.62 0.03333333333333333 0.023333333333333334 0.06666666666666667
0 0.47833333333333333 0.051666666666666666 0.03333333333333333 0.03666666666666667
0 0.485 0.21666666666666667 0.03333333333333333 0.08333333333333333
0 0.41 0.27666666666666667 0.023333333333333334 0.06
0 0.0725 0.3883333333333333 0.03166666666666667 0.07
