0 0.45916666666666667 0.09333333333333334 0.041666666666666664 0.03
0 0.5616666666666666 0.06416666666666666 0.03333333333333333 0.035
0 0.5058333333333334 0.18 0.03833333333333333 0.03333333333333333
0 0.4891666666666667 0.22916666666666666 0.035 0.03166666666666667
0 0.5966666666666667 0.31333333333333335 0.016666666666666666 0.04666666666666667
0 0.5225 0.3233333333333333 0.025 0.03666666666666667
0 0.5025 0.44416666666666665 0.021666666666666667 0.03833333333333333
0 0.545 0.4266666666666667 0.03 0.05
0 0.49583333333333335 0.5658333333333333 0.045 0.045
0 0.4925 0.6483333333333333 0.035 0.03
0 0.535 0.7183333333333334 0.02666666666666667 0.04
0 0.43333333333333335 0.7008333333333333 0.023333333333333334 0.03833333333333333
