0 0.059166666666666666 0.6658333333333334 0.028333333333333332 0.08166666666666667
0 0.19666666666666666 0.7525 0.03333333333333333 0.06166666666666667
0 0.30333333333333334 0.7475 0.0033333333333333335 0.005
0 0.31583333333333335 0.6466666666666666 0.025 0.08333333333333333
0 0.4125 0.4841666666666667 0.0016666666666666668 0.005
0 0.5275 0.5216666666666666 0.025 0.07
0 0.4533333333333333 0.21916666666666668 0.02666666666666667 0.07833333333333334
0 0.6558333333333334 0.32 0.045 0.09333333333333334
0 0.7483333333333333 0.36333333333333334 0.03 0.07333333333333333
0 0.5666666666666667 0.035833333333333335 0.043333333333333335 0.045
0 0.7558333333333334 0.010833333333333334 0.025 0.021666666666666667
0 0.8475 0.12083333333333333 0.035 0.08166666666666667
