0 0.1 0.9816666666666667 0.04666666666666667 0.03666666666666667
0 0.205 0.3725 0.02666666666666667 0.10166666666666667
0 0.24083333333333334 0.44 0.025 0.08333333333333333
0 0.26916666666666667 0.43666666666666665 0.025 0.09
0 0.3025 0.47583333333333333 0.03833333333333333 0.08166666666666667
0 0.335 0.4675 0.03666666666666667 0.08166666666666667
0 0.4216666666666667 0.3566666666666667 0.02666666666666667 0.08
0 0.38416666666666666 0.21 0.03166666666666667 0.07666666666666666
0 0.4483333333333333 0.15833333333333333 0.02666666666666667 0.09666666666666666
0 0.5125 0.17083333333333334 0.041666666666666664 0.07833333333333334
0 0.5416666666666666 0.15916666666666668 0.03 0.085
0 0.5816666666666667 0.14666666666666667 0.04 0.09333333333333334
0 0.6266666666666667 0.15166666666666667 0.03666666666666667 0.08333333333333333
0 0.69 0.36833333333333335 0.03333333333333333 0.06666666666666667
0 0.7025 0.2816666666666667 0.025 0.08
0 0.7325 0.32 0.035 0.06666666666666667
0 0.7516666666666667 0.3858333333333333 0.02666666666666667 0.08166666666666667
