0 0.4891666666666667 0.5458333333333333 0.04833333333333333 0.095
0 0.45916666666666667 0.5241666666666667 0.035 0.12166666666666667
0 0.5683333333333334 0.4816666666666667 0.03666666666666667 0.10333333333333333
0 0.5158333333333334 0.475 0.028333333333333332 0.10666666666666667
0 0.37333333333333335 0.39916666666666667 0.05 0.10833333333333334
0 0.38666666666666666 0.31083333333333335 0.04 0.12833333333333333
0 0.4708333333333333 0.29583333333333334 0.07166666666666667 0.058333333333333334
0 0.4125 0.26166666666666666 0.028333333333333332 0.13333333333333333
0 0.3458333333333333 0.22083333333333333 0.03833333333333333 0.14166666666666666
0 0.46 0.22583333333333333 0.06333333333333334 0.08166666666666667
0 0.38416666666666666 0.19083333333333333 0.03833333333333333 0.11833333333333333
0 0.44583333333333336 0.95 0.06166666666666667 0.1
0 0.35583333333333333 0.1175 0.051666666666666666 0.08833333333333333
0 0.4191666666666667 0.1 0.06166666666666667 0.1
0 0.37916666666666665 0.015833333333333335 0.07166666666666667 0.03166666666666667
0 0.4741666666666667 0.8991666666666667 0.07166666666666667 0.07166666666666667
0 0.4025 0.5383333333333333 0.03166666666666667 0.13333333333333333
