0 0.43083333333333335 0.009166666666666667 0.03833333333333333 0.018333333333333333
0 0.48 0.09583333333333334 0.04 0.035
0 0.46166666666666667 0.14916666666666667 0.03666666666666667 0.028333333333333332
0 0.5791666666666667 0.24166666666666667 0.018333333333333333 0.05
0 0.4975 0.2525 0.028333333333333332 0.041666666666666664
0 0.515 0.36666666666666664 0.02 0.04666666666666667
0 0.47583333333333333 0.38416666666666666 0.025 0.041666666666666664
0 0.48083333333333333 0.5141666666666667 0.025 0.03833333333333333
0 0.465 0.6083333333333333 0.04 0.03333333333333333
0 0.5125 0.6841666666666667 0.028333333333333332 0.041666666666666664
0 0.4 0.665 0.02666666666666667 0.04
