0 0.5316666666666666 0.9158333333333334 0.02666666666666667 0.025
0 0.4325 0.9466666666666667 0.025 0.02666666666666667
0 0.49333333333333335 0.8258333333333333 0.03666666666666667 0.035
0 0.5108333333333334 0.7741666666666667 0.035 0.03166666666666667
0 0.4775 0.6825 0.025 0.03833333333333333
0 0.40166666666666667 0.6925 0.016666666666666666 0.04833333333333333
0 0.5 0.5616666666666666 0.03 0.04
0 0.4625 0.5783333333333334 0.018333333333333333 0.043333333333333335
0 0.49333333333333335 0.4425 0.023333333333333334 0.035
0 0.5683333333333334 0.30333333333333334 0.023333333333333334 0.03666666666666667
0 0.5075 0.3541666666666667 0.03833333333333333 0.03166666666666667
0 0.465 0.28583333333333333 0.023333333333333334 0.03833333333333333
