0 0.22333333333333333 0.7983333333333333 0.03 0.05
0 0.2708333333333333 0.6891666666666667 0.025 0.075
0 0.225 0.5516666666666666 0.02666666666666667 0.06
0 0.36 0.42333333333333334 0.023333333333333334 0.08
0 0.31916666666666665 0.29583333333333334 0.021666666666666667 0.08166666666666667
0 0.44083333333333335 0.36666666666666664 0.018333333333333333 0.06
0 0.49083333333333334 0.5916666666666667 0.025 0.06
0 0.485 0.26666666666666666 0.023333333333333334 0.07666666666666666
0 0.5625 0.19916666666666666 0.025 0.08166666666666667
0 0.705 0.2075 0.023333333333333334 0.07833333333333334
0 0.7416666666666667 0.27416666666666667 0.03333333333333333 0.07166666666666667
0 0.8491666666666666 0.2791666666666667 0.03166666666666667 0.025
0 0.8608333333333333 0.495 0.025 0.07333333333333333
