0 0.6666666666666666 0.23083333333333333 0.023333333333333334 0.035
0 0.6775 0.31 0.021666666666666667 0.03666666666666667
0 0.6258333333333334 0.36666666666666664 0.021666666666666667 0.04
0 0.665 0.5233333333333333 0.02666666666666667 0.04666666666666667
0 0.7075 0.49333333333333335 0.03166666666666667 0.03666666666666667
0 0.7658333333333334 0.3675 0.035 0.041666666666666664
0 0.8225 0.4675 0.018333333333333333 0.03833333333333333
0 0.7675 0.6175 0.028333333333333332 0.041666666666666664
0 0.8183333333333334 0.6033333333333334 0.03333333333333333 0.04
0 0.8775 0.7375 0.025 0.041666666666666664
0 0.865 0.7791666666666667 0.02666666666666667 0.045
0 0.9125 0.7783333333333333 0.028333333333333332 0.04
0 0.9883333333333333 0.7333333333333333 0.02 0.04
