0 0.39416666666666667 0.48833333333333334 0.035 0.08
0 0.49666666666666665 0.31833333333333336 0.04666666666666667 0.07666666666666666
0 0.6725 0.2866666666666667 0.041666666666666664 0.08
0 0.5358333333333334 0.2808333333333333 0.025 0.085
0 0.5433333333333333 0.9291666666666667 0.04666666666666667 0.055
0 0.7916666666666666 0.8783333333333333 0.03666666666666667 0.07666666666666666
0 0.25166666666666665 0.7658333333333334 0.03 0.08833333333333333
0 0.7533333333333333 0.7683333333333333 0.03 0.08333333333333333
0 0.6425 0.7525 0.051666666666666666 0.041666666666666664
0 0.8325 0.6775 0.045 0.08166666666666667
0 0.3958333333333333 0.6883333333333334 0.058333333333333334 0.04
0 0.6925 0.6766666666666666 0.03166666666666667 0.09333333333333334
0 0.9825 0.6725 0.035 0.09166666666666666
0 0.24 0.655 0.03 0.08333333333333333
0 0.43166666666666664 0.5575 0.03333333333333333 0.08166666666666667
