0 0.22583333333333333 0.7625 0.025 0.03166666666666667
0 0.24 0.6625 0.023333333333333334 0.055
0 0.185 0.5983333333333334 0.023333333333333334 0.043333333333333335
0 0.20833333333333334 0.38916666666666666 0.02666666666666667 0.051666666666666666
0 0.2683333333333333 0.455 0.02666666666666667 0.04666666666666667
0 0.3025 0.38083333333333336 0.025 0.041666666666666664
0 0.325 0.3025 0.023333333333333334 0.025
0 0.3616666666666667 0.21333333333333335 0.023333333333333334 0.05333333333333334
0 0.36833333333333335 0.4791666666666667 0.016666666666666666 0.04833333333333333
0 0.4533333333333333 0.13333333333333333 0.023333333333333334 0.05
0 0.48083333333333333 0.15166666666666667 0.025 0.05
0 0.5216666666666666 0.11083333333333334 0.023333333333333334 0.04833333333333333
0 0.6025 0.2225 0.018333333333333333 0.051666666666666666
