0 0.8041666666666667 0.7833333333333333 0.03166666666666667 0.05333333333333334
0 0.7483333333333333 0.6725 0.02666666666666667 0.07833333333333334
0 0.7933333333333333 0.5216666666666666 0.03 0.06333333333333334
0 0.6433333333333333 0.4008333333333333 0.023333333333333334 0.085
0 0.6825 0.27166666666666667 0.021666666666666667 0.06
0 0.5575 0.3441666666666667 0.021666666666666667 0.065
0 0.5033333333333333 0.2425 0.023333333333333334 0.08166666666666667
0 0.5125 0.595 0.025 0.06333333333333334
0 0.4191666666666667 0.18916666666666668 0.025 0.08833333333333333
0 0.2683333333333333 0.21583333333333332 0.023333333333333334 0.085
0 0.23083333333333333 0.2966666666666667 0.035 0.06666666666666667
0 0.11416666666666667 0.2975 0.041666666666666664 0.07166666666666667
0 0.11333333333333333 0.5416666666666666 0.02666666666666667 0.08333333333333333
