0 0.8916666666666667 0.6425 0.02666666666666667 0.075
0 0.7591666666666667 0.7441666666666666 0.041666666666666664 0.08166666666666667
0 0.6783333333333333 0.6816666666666666 0.023333333333333334 0.06333333333333334
0 0.6525 0.6166666666666667 0.021666666666666667 0.08
0 0.5558333333333333 0.46166666666666667 0.041666666666666664 0.04666666666666667
0 0.44666666666666666 0.5466666666666666 0.03333333333333333 0.09333333333333334
0 0.33 0.35 0.04 0.09
0 0.5166666666666667 0.24666666666666667 0.023333333333333334 0.07333333333333333
0 0.23833333333333334 0.41333333333333333 0.03666666666666667 0.1
0 0.4075 0.0825 0.03833333333333333 0.045
0 0.23333333333333334 0.04666666666666667 0.02666666666666667 0.06333333333333334
0 0.14583333333333334 0.17333333333333334 0.03166666666666667 0.07666666666666666
