0 0.7875 0.965 0.025 0.07
0 0.7466666666666667 0.995 0.01 0.01
0 0.6741666666666667 0.6891666666666667 0.045 0.045
0 0.5633333333333334 0.7291666666666666 0.02666666666666667 0.065
0 0.6566666666666666 0.4475 0.03 0.07166666666666667
0 0.45416666666666666 0.48583333333333334 0.03833333333333333 0.045
0 0.3616666666666667 0.5308333333333334 0.03 0.075
0 0.5591666666666667 0.245 0.041666666666666664 0.04
0 0.38083333333333336 0.16666666666666666 0.035 0.09
0 0.2808333333333333 0.25833333333333336 0.035 0.08666666666666667
0 0.36 0.011666666666666667 0.04 0.023333333333333334
