0 0.24333333333333335 0.0325 0.03 0.065
0 0.20583333333333334 0.18166666666666667 0.03166666666666667 0.06
0 0.3641666666666667 0.3333333333333333 0.018333333333333333 0.07666666666666666
0 0.33 0.44166666666666665 0.023333333333333334 0.07333333333333333
0 0.4525 0.3858333333333333 0.021666666666666667 0.075
0 0.5508333333333333 0.26166666666666666 0.03833333333333333 0.09333333333333334
0 0.5 0.44666666666666666 0.02666666666666667 0.07333333333333333
0 0.58 0.5 0.023333333333333334 0.07666666666666666
0 0.7241666666666666 0.4775 0.025 0.07166666666666667
0 0.7725 0.3933333333333333 0.03166666666666667 0.03666666666666667
0 0.8983333333333333 0.39166666666666666 0.05 0.06
0 0.9025 0.165 0.028333333333333332 0.08
