0 0.485 0.08833333333333333 0.03 0.02666666666666667
0 0.5883333333333334 0.059166666666666666 0.03333333333333333 0.03833333333333333
0 0.5266666666666666 0.18583333333333332 0.04 0.035
0 0.5083333333333333 0.2425 0.03666666666666667 0.035
0 0.5458333333333333 0.3416666666666667 0.028333333333333332 0.04
0 0.6266666666666667 0.33 0.016666666666666666 0.05
0 0.5233333333333333 0.4716666666666667 0.023333333333333334 0.043333333333333335
0 0.5633333333333334 0.455 0.02 0.04666666666666667
0 0.5283333333333333 0.6025 0.02666666666666667 0.03833333333333333
0 0.4483333333333333 0.7508333333333334 0.02666666666666667 0.03833333333333333
0 0.5125 0.695 0.03833333333333333 0.03333333333333333
0 0.56 0.7716666666666666 0.02666666666666667 0.043333333333333335
