0 0.78 0.18666666666666668 0.03333333333333333 0.056666666666666664
0 0.7208333333333333 0.2941666666666667 0.028333333333333332 0.065
0 0.7691666666666667 0.46416666666666667 0.03166666666666667 0.06833333333333333
0 0.6083333333333333 0.6275 0.023333333333333334 0.09166666666666666
0 0.6525 0.7541666666666667 0.021666666666666667 0.095
0 0.5158333333333334 0.6775 0.025 0.08833333333333333
0 0.4483333333333333 0.43666666666666665 0.03333333333333333 0.06333333333333334
0 0.46166666666666667 0.7658333333333334 0.02666666666666667 0.085
0 0.37 0.8183333333333334 0.023333333333333334 0.07
0 0.20833333333333334 0.7875 0.02 0.065
0 0.16333333333333333 0.695 0.03333333333333333 0.04
0 0.02 0.6758333333333333 0.04 0.028333333333333332
0 0.04416666666666667 0.44916666666666666 0.028333333333333332 0.08833333333333333
