0 0.20166666666666666 0.9383333333333334 0.04 0.04666666666666667
0 0.12666666666666668 0.9216666666666666 0.04 0.05
0 0.23416666666666666 0.82 0.028333333333333332 0.043333333333333335
0 0.3425 0.8808333333333334 0.025 0.055
0 0.225 0.7025 0.04 0.041666666666666664
0 0.24166666666666667 0.5608333333333333 0.043333333333333335 0.04833333333333333
0 0.3258333333333333 0.3858333333333333 0.03833333333333333 0.041666666666666664
0 0.3725 0.38 0.028333333333333332 0.05333333333333334
0 0.4091666666666667 0.275 0.03833333333333333 0.05
0 0.5316666666666666 0.3525 0.03333333333333333 0.051666666666666666
