0 0.8083333333333333 0.43166666666666664 0.07333333333333333 0.06333333333333334
0 0.6208333333333333 0.38 0.06833333333333333 0.056666666666666664
0 0.5991666666666666 0.17666666666666667 0.065 0.07333333333333333
0 0.285 0.060833333333333336 0.05 0.12166666666666667
0 0.6441666666666667 0.905 0.075 0.06333333333333334
0 0.6475 0.8083333333333333 0.07166666666666667 0.06333333333333334
0 0.7808333333333334 0.675 0.075 0.06666666666666667
0 0.06166666666666667 0.5541666666666667 0.07 0.085
0 0.7775 0.5583333333333333 0.07166666666666667 0.06
0 0.5825 0.9825 0.06833333333333333 0.035
