0 0.87 0.9591666666666666 0.07 0.08166666666666667
0 0.8133333333333334 0.8708333333333333 0.08 0.055
0 0.7241666666666666 0.7941666666666667 0.04833333333333333 0.13166666666666665
0 0.6825 0.7658333333333334 0.051666666666666666 0.12166666666666667
0 0.6033333333333334 0.8091666666666667 0.056666666666666664 0.14166666666666666
0 0.46166666666666667 0.9491666666666667 0.05 0.10166666666666667
0 0.4225 0.7341666666666666 0.055 0.11833333333333333
0 0.4275 0.46166666666666667 0.051666666666666666 0.12666666666666668
0 0.5458333333333333 0.4533333333333333 0.058333333333333334 0.10666666666666667
0 0.625 0.4608333333333333 0.07666666666666666 0.095
0 0.5558333333333333 0.31916666666666665 0.04833333333333333 0.11833333333333333
0 0.6741666666666667 0.35833333333333334 0.06833333333333333 0.09
0 0.7275 0.24333333333333335 0.07166666666666667 0.06666666666666667
0 0.6441666666666667 0.14666666666666667 0.06833333333333333 0.06666666666666667
0 0.5916666666666667 0.15583333333333332 0.06333333333333334 0.09833333333333333
0 0.6791666666666667 0.08916666666666667 0.075 0.055
0 0.73 0.013333333333333334 0.04 0.02666666666666667
0 0.8291666666666667 0.31833333333333336 0.06833333333333333 0.05
0 0.89 0.47333333333333333 0.08666666666666667 0.06
0 0.7825 0.54 0.07833333333333334 0.06333333333333334
0 0.8225 0.595 0.06166666666666667 0.08666666666666667
0 0.83 0.69 0.07 0.06333333333333334
