0 0.5708333333333333 0.9766666666666667 0.041666666666666664 0.03666666666666667
0 0.5008333333333334 0.835 0.041666666666666664 0.04666666666666667
0 0.5475 0.74 0.03833333333333333 0.043333333333333335
0 0.4841666666666667 0.5925 0.041666666666666664 0.055
0 0.3958333333333333 0.58 0.051666666666666666 0.04
0 0.445 0.43166666666666664 0.04666666666666667 0.07666666666666666
0 0.5341666666666667 0.3983333333333333 0.055 0.04666666666666667
0 0.5091666666666667 0.20666666666666667 0.03833333333333333 0.05
0 0.5241666666666667 0.06583333333333333 0.041666666666666664 0.04833333333333333
0 0.6275 0.0075 0.028333333333333332 0.015
