0 0.6283333333333333 0.17166666666666666 0.023333333333333334 0.03
0 0.6408333333333334 0.26916666666666667 0.021666666666666667 0.051666666666666666
0 0.5841666666666666 0.325 0.021666666666666667 0.04
0 0.6258333333333334 0.49083333333333334 0.028333333333333332 0.051666666666666666
0 0.6733333333333333 0.46166666666666667 0.03333333333333333 0.04
0 0.7425 0.315 0.025 0.02666666666666667
0 0.7966666666666666 0.4325 0.02 0.041666666666666664
0 0.7375 0.595 0.028333333333333332 0.04666666666666667
0 0.7925 0.58 0.035 0.043333333333333335
0 0.8558333333333333 0.725 0.028333333333333332 0.043333333333333335
0 0.8425 0.77 0.028333333333333332 0.04666666666666667
0 0.895 0.7691666666666667 0.03 0.041666666666666664
0 0.9775 0.7233333333333334 0.021666666666666667 0.05
