0 0.24 0.40166666666666667 0.03 0.07
0 0.33166666666666667 0.5616666666666666 0.023333333333333334 0.07333333333333333
0 0.42916666666666664 0.5841666666666666 0.021666666666666667 0.07166666666666667
0 0.5141666666666667 0.3908333333333333 0.025 0.075
0 0.5883333333333334 0.4816666666666667 0.03666666666666667 0.056666666666666664
0 0.6716666666666666 0.6141666666666666 0.023333333333333334 0.06833333333333333
0 0.6825 0.31583333333333335 0.021666666666666667 0.08166666666666667
0 0.8266666666666667 0.24083333333333334 0.03333333333333333 0.06166666666666667
0 0.8283333333333334 0.5025 0.023333333333333334 0.075
0 0.995 0.3433333333333333 0.01 0.06666666666666667
0 0.9058333333333334 0.6833333333333333 0.025 0.11
