0 0.7691666666666667 0.04 0.06166666666666667 0.08
0 0.55 0.5483333333333333 0.05 0.1
0 0.6058333333333333 0.6325 0.06166666666666667 0.095
0 0.5366666666666666 0.6483333333333333 0.06 0.09
0 0.6666666666666666 0.04083333333333333 0.08333333333333333 0.051666666666666666
0 0.5791666666666667 0.7366666666666667 0.06166666666666667 0.07
0 0.5241666666666667 0.7783333333333333 0.041666666666666664 0.11666666666666667
0 0.6425 0.13666666666666666 0.07166666666666667 0.07
0 0.525 0.18083333333333335 0.06666666666666667 0.10833333333333334
0 0.8433333333333334 0.1825 0.043333333333333335 0.09833333333333333
0 0.7816666666666666 0.22083333333333333 0.043333333333333335 0.08833333333333333
0 0.8908333333333334 0.22 0.03833333333333333 0.09333333333333334
0 0.7383333333333333 0.2525 0.06333333333333334 0.08166666666666667
0 0.9866666666666667 0.25916666666666666 0.02666666666666667 0.10833333333333334
0 0.5358333333333334 0.31416666666666665 0.035 0.115
0 0.485 0.30666666666666664 0.03666666666666667 0.13
0 0.8425 0.029166666666666667 0.06833333333333333 0.058333333333333334
0 0.43416666666666665 0.43583333333333335 0.035 0.13166666666666665
