0 0.27 0.8941666666666667 0.03666666666666667 0.115
0 0.32083333333333336 0.7758333333333334 0.035 0.12166666666666667
0 0.24666666666666667 0.8 0.043333333333333335 0.10666666666666667
0 0.21666666666666667 0.7308333333333333 0.04666666666666667 0.11166666666666666
0 0.19666666666666666 0.6858333333333333 0.05 0.105
0 0.1525 0.6616666666666666 0.06166666666666667 0.08
0 0.16083333333333333 0.5683333333333334 0.058333333333333334 0.10666666666666667
0 0.17416666666666666 0.4875 0.065 0.105
0 0.22833333333333333 0.43916666666666665 0.07333333333333333 0.06166666666666667
0 0.2758333333333333 0.5525 0.06166666666666667 0.10166666666666667
0 0.31333333333333335 0.5858333333333333 0.056666666666666664 0.11166666666666666
0 0.41833333333333333 0.6291666666666667 0.06333333333333334 0.09166666666666666
0 0.365 0.5066666666666667 0.08666666666666667 0.05333333333333334
0 0.4708333333333333 0.4975 0.075 0.06166666666666667
0 0.5091666666666667 0.4033333333333333 0.075 0.05
0 0.6058333333333333 0.5058333333333334 0.041666666666666664 0.12166666666666667
0 0.6391666666666667 0.5191666666666667 0.045 0.125
0 0.6941666666666667 0.5066666666666667 0.058333333333333334 0.11
0 0.7516666666666667 0.455 0.03333333333333333 0.13666666666666666
0 0.8875 0.5833333333333334 0.06166666666666667 0.09666666666666666
0 0.91 0.5066666666666667 0.05333333333333334 0.10666666666666667
0 0.97 0.5525 0.06 0.125
0 0.9891666666666666 0.7166666666666667 0.021666666666666667 0.08333333333333333
