0 0.8558333333333333 0.47 0.065 0.07666666666666666
0 0.9633333333333334 0.575 0.043333333333333335 0.11666666666666667
0 0.9608333333333333 0.11 0.051666666666666666 0.08666666666666667
0 0.3308333333333333 0.6325 0.065 0.051666666666666666
0 0.3525 0.8258333333333333 0.06166666666666667 0.06833333333333333
0 0.6475 0.9316666666666666 0.04833333333333333 0.11666666666666667
0 0.155 0.5808333333333333 0.06666666666666667 0.055
0 0.18583333333333332 0.46416666666666667 0.06833333333333333 0.055
0 0.18333333333333332 0.35333333333333333 0.06666666666666667 0.06333333333333334
0 0.3075 0.2275 0.065 0.058333333333333334
0 0.315 0.13916666666666666 0.06333333333333334 0.055
0 0.36916666666666664 0.05333333333333334 0.065 0.056666666666666664
