0 0.21916666666666668 0.019166666666666665 0.03166666666666667 0.03833333333333333
0 0.23916666666666667 0.14 0.025 0.05333333333333334
0 0.16416666666666666 0.225 0.028333333333333332 0.06333333333333334
0 0.19416666666666665 0.5075 0.03166666666666667 0.065
0 0.2608333333333333 0.43666666666666665 0.035 0.06
0 0.32083333333333336 0.5125 0.025 0.04833333333333333
0 0.3433333333333333 0.6325 0.03333333333333333 0.06166666666666667
0 0.39166666666666666 0.7508333333333334 0.03333333333333333 0.06833333333333333
0 0.405 0.38666666666666666 0.016666666666666666 0.06333333333333334
0 0.515 0.8491666666666666 0.03333333333333333 0.06166666666666667
0 0.5516666666666666 0.8208333333333333 0.03 0.065
0 0.6108333333333333 0.8825 0.035 0.058333333333333334
0 0.7091666666666666 0.7241666666666666 0.025 0.06833333333333333
