0 0.8416666666666667 0.255 0.03 0.1
0 0.8141666666666667 0.13916666666666666 0.04833333333333333 0.051666666666666666
0 0.7858333333333334 0.2075 0.045 0.075
0 0.7591666666666667 0.21083333333333334 0.041666666666666664 0.06833333333333333
0 0.735 0.3675 0.03333333333333333 0.09166666666666666
0 0.6041666666666666 0.19916666666666666 0.045 0.06166666666666667
0 0.5325 0.18583333333333332 0.04833333333333333 0.06833333333333333
0 0.585 0.485 0.04666666666666667 0.06666666666666667
0 0.44666666666666666 0.37916666666666665 0.03666666666666667 0.07833333333333334
0 0.4625 0.48333333333333334 0.045 0.06666666666666667
0 0.4675 0.545 0.04833333333333333 0.056666666666666664
0 0.4716666666666667 0.6208333333333333 0.05333333333333334 0.045
0 0.43583333333333335 0.7316666666666667 0.025 0.08333333333333333
0 0.23333333333333334 0.8416666666666667 0.02666666666666667 0.08333333333333333
0 0.12583333333333332 0.8616666666666667 0.035 0.08666666666666667
0 0.0925 0.8658333333333333 0.03166666666666667 0.09166666666666666
