0 0.8133333333333334 0.3325 0.02666666666666667 0.03166666666666667
0 0.7983333333333333 0.4266666666666667 0.02 0.05
0 0.8533333333333334 0.4891666666666667 0.02 0.041666666666666664
0 0.8325 0.695 0.025 0.043333333333333335
0 0.7725 0.63 0.025 0.043333333333333335
0 0.6766666666666666 0.6091666666666666 0.016666666666666666 0.04833333333333333
0 0.7391666666666666 0.7025 0.021666666666666667 0.03833333333333333
0 0.7208333333333333 0.79 0.025 0.04
0 0.6816666666666666 0.8666666666666667 0.023333333333333334 0.05333333333333334
0 0.5933333333333334 0.945 0.023333333333333334 0.043333333333333335
0 0.5658333333333333 0.9275 0.021666666666666667 0.045
0 0.5275 0.9666666666666667 0.021666666666666667 0.043333333333333335
0 0.4483333333333333 0.8566666666666667 0.02 0.05
