0 0.9883333333333333 0.5725 0.023333333333333334 0.09166666666666666
0 0.8533333333333334 0.6041666666666666 0.02666666666666667 0.105
0 0.7133333333333334 0.4666666666666667 0.04 0.05
0 0.6941666666666667 0.3566666666666667 0.03833333333333333 0.03333333333333333
0 0.7983333333333333 0.7358333333333333 0.023333333333333334 0.06166666666666667
0 0.6433333333333333 0.7216666666666667 0.02666666666666667 0.09666666666666666
0 0.5983333333333334 0.5375 0.02 0.065
0 0.62 0.9525 0.02666666666666667 0.095
0 0.4658333333333333 0.9225 0.03833333333333333 0.04833333333333333
0 0.4725 0.7425 0.035 0.08833333333333333
0 0.39166666666666666 0.6775 0.02666666666666667 0.065
0 0.02666666666666667 0.5566666666666666 0.03 0.07333333333333333
0 0.35 0.815 0.0033333333333333335 0.006666666666666667
