0 0.4175 0.47333333333333333 0.075 0.14666666666666667
0 0.6291666666666667 0.7766666666666666 0.04833333333333333 0.17666666666666667
0 0.5275 0.9066666666666666 0.08833333333333333 0.12666666666666668
0 0.49 0.9641666666666666 0.09333333333333334 0.07166666666666667
0 0.37916666666666665 0.9825 0.058333333333333334 0.035
0 0.28583333333333333 0.9841666666666666 0.035 0.03166666666666667
0 0.0425 0.6716666666666666 0.058333333333333334 0.17333333333333334
0 0.0225 0.8433333333333334 0.045 0.13
0 0.7833333333333333 0.8675 0.11 0.12833333333333333
0 0.8825 0.8908333333333334 0.10166666666666667 0.16166666666666665
0 0.9608333333333333 0.8366666666666667 0.07833333333333334 0.11333333333333333
0 0.865 0.7158333333333333 0.10666666666666667 0.125
0 0.9616666666666667 0.4175 0.07666666666666666 0.12833333333333333
