0 0.09166666666666666 0.9783333333333334 0.05333333333333334 0.043333333333333335
0 0.20083333333333334 0.3383333333333333 0.028333333333333332 0.10666666666666667
0 0.23583333333333334 0.4066666666666667 0.03166666666666667 0.09333333333333334
0 0.26666666666666666 0.4058333333333333 0.02666666666666667 0.095
0 0.30333333333333334 0.44583333333333336 0.04 0.085
0 0.33666666666666667 0.4375 0.03666666666666667 0.085
0 0.4275 0.32083333333333336 0.028333333333333332 0.085
0 0.3875 0.16916666666666666 0.035 0.08166666666666667
0 0.455 0.11416666666666667 0.03 0.10166666666666667
0 0.5216666666666666 0.125 0.04 0.07666666666666666
0 0.5533333333333333 0.115 0.03 0.09
0 0.5941666666666666 0.10166666666666667 0.041666666666666664 0.09666666666666666
0 0.6416666666666667 0.10666666666666667 0.04 0.08333333333333333
0 0.7075 0.3333333333333333 0.035 0.07
0 0.7208333333333333 0.24416666666666667 0.025 0.085
0 0.7533333333333333 0.2825 0.03666666666666667 0.07166666666666667
0 0.7725 0.35333333333333333 0.028333333333333332 0.08666666666666667
