0 0.7708333333333334 0.6266666666666667 0.028333333333333332 0.08
0 0.6816666666666666 0.4775 0.023333333333333334 0.06833333333333333
0 0.5866666666666667 0.4533333333333333 0.023333333333333334 0.07
0 0.5033333333333333 0.6425 0.023333333333333334 0.07166666666666667
0 0.42916666666666664 0.5541666666666667 0.035 0.058333333333333334
0 0.34833333333333333 0.4241666666666667 0.023333333333333334 0.065
0 0.33916666666666667 0.7166666666666667 0.021666666666666667 0.08
0 0.1975 0.7891666666666667 0.03166666666666667 0.06166666666666667
0 0.19583333333333333 0.5341666666666667 0.021666666666666667 0.07166666666666667
0 0.0225 0.6908333333333333 0.028333333333333332 0.065
0 0.12083333333333333 0.3566666666666667 0.025 0.10333333333333333
