0 0.105 0.03333333333333333 0.02666666666666667 0.06666666666666667
0 0.12916666666666668 0.32083333333333336 0.028333333333333332 0.04833333333333333
0 0.1975 0.2608333333333333 0.035 0.06166666666666667
0 0.255 0.34833333333333333 0.02666666666666667 0.04666666666666667
0 0.2758333333333333 0.47333333333333333 0.03166666666666667 0.06333333333333334
0 0.325 0.5958333333333333 0.03333333333333333 0.07166666666666667
0 0.3475 0.2175 0.018333333333333333 0.065
0 0.455 0.7008333333333333 0.023333333333333334 0.051666666666666666
0 0.495 0.6758333333333333 0.02 0.058333333333333334
0 0.55 0.7483333333333333 0.04 0.06
0 0.6558333333333334 0.5891666666666666 0.025 0.065
