0 0.2925 0.33166666666666667 0.03833333333333333 0.03666666666666667
0 0.2733333333333333 0.44583333333333336 0.04 0.051666666666666666
0 0.39166666666666666 0.52 0.02 0.07
0 0.3466666666666667 0.6933333333333334 0.02666666666666667 0.06333333333333334
0 0.36833333333333335 0.95 0.03 0.1
0 0.53 0.9183333333333333 0.04 0.04666666666666667
0 0.5225 0.7316666666666667 0.035 0.09
0 0.6075 0.665 0.028333333333333332 0.06666666666666667
0 0.18416666666666667 0.7241666666666666 0.025 0.06166666666666667
0 0.12916666666666668 0.5916666666666667 0.028333333333333332 0.10666666666666667
0 0.9841666666666666 0.5391666666666667 0.03166666666666667 0.075
