0 0.34 0.9016666666666666 0.03666666666666667 0.03666666666666667
0 0.3416666666666667 0.7991666666666667 0.04 0.04833333333333333
0 0.4625 0.7233333333333334 0.021666666666666667 0.06666666666666667
0 0.4175 0.5425 0.025 0.065
0 0.43833333333333335 0.29583333333333334 0.023333333333333334 0.06833333333333333
0 0.6058333333333333 0.31666666666666665 0.03833333333333333 0.05333333333333334
0 0.6008333333333333 0.5225 0.03166666666666667 0.058333333333333334
0 0.6841666666666667 0.575 0.028333333333333332 0.06666666666666667
0 0.25083333333333335 0.5083333333333333 0.025 0.06666666666666667
0 0.1975 0.6608333333333334 0.021666666666666667 0.07166666666666667
0 0.045 0.6825 0.023333333333333334 0.095
0 0.0033333333333333335 0.8391666666666666 0.006666666666666667 0.028333333333333332
