0 0.06833333333333333 0.33916666666666667 0.07 0.07166666666666667
0 0.04666666666666667 0.42 0.06333333333333334 0.09333333333333334
0 0.11416666666666667 0.4275 0.07833333333333334 0.06833333333333333
0 0.08 0.565 0.043333333333333335 0.10666666666666667
0 0.11916666666666667 0.565 0.06833333333333333 0.09333333333333334
0 0.14333333333333334 0.62 0.06333333333333334 0.10666666666666667
0 0.20583333333333334 0.6191666666666666 0.0016666666666666668 0.0016666666666666668
0 0.49 0.22583333333333333 0.05333333333333334 0.10166666666666667
0 0.6825 0.09083333333333334 0.06166666666666667 0.10833333333333334
0 0.7325 0.0825 0.06166666666666667 0.07833333333333334
0 0.8241666666666667 0.2633333333333333 0.07833333333333334 0.05333333333333334
0 0.9033333333333333 0.16333333333333333 0.06666666666666667 0.07666666666666666
0 0.9675 0.04083333333333333 0.06166666666666667 0.08166666666666667
0 0.87 0.35 0.06333333333333334 0.08666666666666667
0 0.8616666666666667 0.4166666666666667 0.07666666666666666 0.05333333333333334
0 0.9758333333333333 0.5758333333333333 0.04833333333333333 0.085
0 0.7633333333333333 0.9691666666666666 0.03666666666666667 0.06166666666666667
0 0.5091666666666667 0.7541666666666667 0.075 0.09166666666666666
0 0.5675 0.8141666666666667 0.065 0.095
0 0.5616666666666666 0.91 0.06333333333333334 0.07333333333333333
0 0.5416666666666666 0.94 0.0033333333333333335 0.0033333333333333335
0 0.4658333333333333 0.9775 0.06833333333333333 0.045
