0 0.0575 0.12166666666666667 0.025 0.07
0 0.1975 0.22 0.0016666666666666668 0.0033333333333333335
0 0.25833333333333336 0.3016666666666667 0.023333333333333334 0.06666666666666667
0 0.42 0.2808333333333333 0.02666666666666667 0.07833333333333334
0 0.4658333333333333 0.09416666666666666 0.021666666666666667 0.075
0 0.3458333333333333 0.023333333333333334 0.03833333333333333 0.04666666666666667
0 0.4425 0.515 0.025 0.07
0 0.605 0.49916666666666665 0.03666666666666667 0.06166666666666667
0 0.5983333333333334 0.3125 0.03666666666666667 0.09166666666666666
0 0.6841666666666667 0.2425 0.028333333333333332 0.065
