0 0.016666666666666666 0.5575 0.03333333333333333 0.115
0 0.8025 0.5641666666666667 0.06833333333333333 0.055
0 0.63 0.6125 0.06333333333333334 0.051666666666666666
0 0.61 0.8 0.056666666666666664 0.06666666666666667
0 0.32 0.9058333333333334 0.04666666666666667 0.115
0 0.02 0.07583333333333334 0.04 0.14166666666666666
0 0.6525 0.14333333333333334 0.06833333333333333 0.08333333333333333
0 0.6541666666666667 0.21833333333333332 0.065 0.056666666666666664
0 0.7758333333333334 0.3408333333333333 0.06833333333333333 0.06166666666666667
0 0.11583333333333333 0.4525 0.065 0.07833333333333334
0 0.7733333333333333 0.4475 0.06666666666666667 0.055
0 0.5933333333333334 0.0475 0.06333333333333334 0.055
