0 0.8925 0.5775 0.028333333333333332 0.07833333333333334
0 0.765 0.6933333333333334 0.03666666666666667 0.06
0 0.67 0.6566666666666666 0.023333333333333334 0.07
0 0.625 0.5166666666666667 0.03333333333333333 0.11
0 0.5308333333333334 0.46 0.041666666666666664 0.05
0 0.4266666666666667 0.5583333333333333 0.023333333333333334 0.07
0 0.47333333333333333 0.24416666666666667 0.023333333333333334 0.08166666666666667
0 0.285 0.3933333333333333 0.04 0.10333333333333333
0 0.195 0.46166666666666667 0.03 0.07333333333333333
0 0.3466666666666667 0.09333333333333334 0.04 0.05
0 0.16083333333333333 0.09583333333333334 0.028333333333333332 0.07166666666666667
0 0.0775 0.24833333333333332 0.035 0.09
