0 0.9891666666666666 0.6491666666666667 0.021666666666666667 0.08833333333333333
0 0.8633333333333333 0.6808333333333333 0.023333333333333334 0.09833333333333333
0 0.73 0.5633333333333334 0.03666666666666667 0.07333333333333333
0 0.7133333333333334 0.46416666666666667 0.03666666666666667 0.06833333333333333
0 0.8108333333333333 0.8158333333333333 0.021666666666666667 0.09166666666666666
0 0.6675 0.7708333333333334 0.028333333333333332 0.055
0 0.625 0.6433333333333333 0.02 0.11333333333333333
0 0.6425 0.98 0.021666666666666667 0.04
0 0.5008333333333334 0.9791666666666666 0.035 0.041666666666666664
0 0.5066666666666667 0.8091666666666667 0.03333333333333333 0.08166666666666667
0 0.43 0.75 0.02666666666666667 0.06333333333333334
0 0.09 0.635 0.03 0.07
