0 0.5425 0.21 0.028333333333333332 0.03
0 0.4375 0.415 0.03166666666666667 0.03666666666666667
0 0.5391666666666667 0.44916666666666666 0.045 0.028333333333333332
0 0.49166666666666664 0.535 0.03666666666666667 0.03333333333333333
0 0.52 0.5933333333333334 0.03666666666666667 0.03
0 0.415 0.6875 0.02666666666666667 0.028333333333333332
0 0.4766666666666667 0.6833333333333333 0.03 0.03666666666666667
0 0.46 0.785 0.016666666666666666 0.043333333333333335
0 0.5025 0.795 0.035 0.04
0 0.49333333333333335 0.9191666666666667 0.02666666666666667 0.03833333333333333
0 0.505 0.9925 0.03666666666666667 0.015
