0 0.059166666666666666 0.011666666666666667 0.018333333333333333 0.023333333333333334
0 0.155 0.37583333333333335 0.02666666666666667 0.03166666666666667
0 0.16916666666666666 0.4741666666666667 0.021666666666666667 0.051666666666666666
0 0.1125 0.54 0.021666666666666667 0.04
0 0.135 0.7533333333333333 0.02666666666666667 0.04666666666666667
0 0.1975 0.685 0.025 0.043333333333333335
0 0.2966666666666667 0.6658333333333334 0.016666666666666666 0.051666666666666666
0 0.23083333333333333 0.7625 0.021666666666666667 0.03833333333333333
0 0.25 0.8516666666666667 0.02666666666666667 0.04
0 0.29 0.9325 0.023333333333333334 0.051666666666666666
0 0.39 0.9958333333333333 0.013333333333333334 0.008333333333333333
0 0.4116666666666667 0.985 0.023333333333333334 0.03
0 0.5333333333333333 0.9233333333333333 0.02 0.05333333333333334
