0 0.050833333333333335 0.30833333333333335 0.028333333333333332 0.08
0 0.20583333333333334 0.22 0.04833333333333333 0.09
0 0.2866666666666667 0.30583333333333335 0.023333333333333334 0.075
0 0.2991666666666667 0.305 0.041666666666666664 0.08
0 0.41333333333333333 0.5525 0.056666666666666664 0.085
0 0.53 0.5058333333333334 0.04 0.095
0 0.43416666666666665 0.8158333333333333 0.028333333333333332 0.07833333333333334
0 0.6408333333333334 0.7558333333333334 0.03833333333333333 0.055
0 0.7408333333333333 0.7033333333333334 0.035 0.07666666666666666
0 0.8283333333333334 0.9683333333333334 0.03333333333333333 0.06333333333333334
