0 0.8258333333333333 0.16416666666666666 0.03166666666666667 0.051666666666666666
0 0.7758333333333334 0.2783333333333333 0.025 0.07666666666666666
0 0.8258333333333333 0.42083333333333334 0.03166666666666667 0.06833333333333333
0 0.6808333333333333 0.5616666666666666 0.025 0.08333333333333333
0 0.7258333333333333 0.6966666666666667 0.021666666666666667 0.08666666666666667
0 0.5958333333333333 0.6216666666666667 0.021666666666666667 0.06333333333333334
0 0.5425 0.38416666666666666 0.025 0.06166666666666667
0 0.5483333333333333 0.7283333333333334 0.023333333333333334 0.08
0 0.4666666666666667 0.8008333333333333 0.02666666666666667 0.085
0 0.31416666666666665 0.7916666666666666 0.025 0.08333333333333333
0 0.275 0.7216666666666667 0.03666666666666667 0.07666666666666666
0 0.16666666666666666 0.7341666666666666 0.043333333333333335 0.06166666666666667
0 0.14916666666666667 0.48833333333333334 0.025 0.08333333333333333
