0 0.7508333333333334 0.7908333333333334 0.03166666666666667 0.051666666666666666
0 0.7008333333333333 0.6783333333333333 0.025 0.07666666666666666
0 0.7491666666666666 0.5366666666666666 0.028333333333333332 0.06
0 0.6091666666666666 0.4033333333333333 0.025 0.08333333333333333
0 0.6525 0.27166666666666667 0.021666666666666667 0.08666666666666667
0 0.5266666666666666 0.3466666666666667 0.02 0.06
0 0.475 0.5766666666666667 0.023333333333333334 0.06
0 0.48 0.2425 0.023333333333333334 0.07833333333333334
0 0.4 0.17166666666666666 0.02666666666666667 0.08333333333333333
0 0.25333333333333335 0.18 0.023333333333333334 0.08
0 0.215 0.2475 0.03666666666666667 0.075
0 0.10833333333333334 0.24083333333333334 0.04 0.04833333333333333
0 0.0925 0.47583333333333333 0.025 0.07833333333333334
