0 0.72 0.7116666666666667 0.04 0.03666666666666667
0 0.7416666666666667 0.5908333333333333 0.043333333333333335 0.055
0 0.6158333333333333 0.5133333333333333 0.021666666666666667 0.07
0 0.6633333333333333 0.3283333333333333 0.02666666666666667 0.06666666666666667
0 0.64 0.07333333333333333 0.03 0.06666666666666667
0 0.4691666666666667 0.08833333333333333 0.03833333333333333 0.05
0 0.475 0.30416666666666664 0.03333333333333333 0.06166666666666667
0 0.3875 0.35833333333333334 0.028333333333333332 0.07
0 0.0008333333333333334 0.5333333333333333 0.0016666666666666668 0.0033333333333333335
0 0.8358333333333333 0.295 0.025 0.06666666666666667
0 0.8933333333333333 0.45666666666666667 0.03 0.07333333333333333
