0 0.785 0.21916666666666668 0.03 0.051666666666666666
0 0.7308333333333333 0.3233333333333333 0.025 0.07333333333333333
0 0.7741666666666667 0.47 0.028333333333333332 0.056666666666666664
0 0.6275 0.575 0.018333333333333333 0.056666666666666664
0 0.5033333333333333 0.4 0.023333333333333334 0.06333333333333334
0 0.5441666666666667 0.6408333333333334 0.018333333333333333 0.058333333333333334
0 0.6683333333333333 0.7125 0.02 0.058333333333333334
0 0.495 0.7258333333333333 0.02 0.055
0 0.4116666666666667 0.7766666666666666 0.02 0.06
0 0.26666666666666666 0.7558333333333334 0.016666666666666666 0.058333333333333334
0 0.23166666666666666 0.6908333333333333 0.03333333333333333 0.07166666666666667
0 0.105 0.6541666666666667 0.03333333333333333 0.028333333333333332
0 0.12 0.44666666666666666 0.02666666666666667 0.07333333333333333
