0 0.6708333333333333 0.4891666666666667 0.03833333333333333 0.065
0 0.6908333333333333 0.5725 0.035 0.045
0 0.59 0.6341666666666667 0.016666666666666666 0.058333333333333334
0 0.6291666666666667 0.7808333333333334 0.025 0.051666666666666666
0 0.6075 0.9816666666666667 0.021666666666666667 0.03666666666666667
0 0.4716666666666667 0.98 0.03333333333333333 0.04
0 0.475 0.805 0.02666666666666667 0.05
0 0.405 0.7608333333333334 0.023333333333333334 0.058333333333333334
0 0.08 0.6533333333333333 0.02666666666666667 0.06666666666666667
0 0.7658333333333334 0.8066666666666666 0.021666666666666667 0.06
0 0.8191666666666667 0.7391666666666666 0.005 0.005
0 0.9383333333333334 0.6641666666666667 0.02666666666666667 0.08166666666666667
0 0.9825 0.5483333333333333 0.028333333333333332 0.07
