0 0.415 0.8816666666666667 0.043333333333333335 0.11666666666666667
0 0.35 0.79 0.043333333333333335 0.11333333333333333
0 0.40166666666666667 0.6833333333333333 0.04666666666666667 0.10333333333333333
0 0.41583333333333333 0.6366666666666667 0.051666666666666666 0.11666666666666667
0 0.44666666666666666 0.6025 0.03666666666666667 0.115
0 0.49916666666666665 0.6108333333333333 0.03833333333333333 0.12833333333333333
0 0.5516666666666666 0.7533333333333333 0.04 0.10666666666666667
0 0.6016666666666667 0.6025 0.03333333333333333 0.11833333333333333
0 0.6308333333333334 0.5508333333333333 0.03833333333333333 0.115
0 0.6575 0.6233333333333333 0.041666666666666664 0.11
0 0.6916666666666667 0.6675 0.04666666666666667 0.11833333333333333
0 0.7425 0.61 0.03833333333333333 0.11333333333333333
0 0.7991666666666667 0.615 0.03166666666666667 0.13
