0 0.7691666666666667 0.25 0.03166666666666667 0.05333333333333334
0 0.7158333333333333 0.35583333333333333 0.025 0.075
0 0.76 0.51 0.023333333333333334 0.023333333333333334
0 0.6108333333333333 0.6108333333333333 0.018333333333333333 0.058333333333333334
0 0.6516666666666666 0.7508333333333334 0.02 0.06166666666666667
0 0.5266666666666666 0.6816666666666666 0.02 0.06666666666666667
0 0.485 0.4325 0.023333333333333334 0.065
0 0.47583333333333333 0.7733333333333333 0.021666666666666667 0.07666666666666666
0 0.39416666666666667 0.8258333333333333 0.025 0.085
0 0.24583333333333332 0.7941666666666667 0.018333333333333333 0.06166666666666667
0 0.20666666666666667 0.7141666666666666 0.023333333333333334 0.045
0 0.08083333333333333 0.6908333333333333 0.03166666666666667 0.03166666666666667
0 0.0975 0.4825 0.025 0.07833333333333334
