0 0.2225 0.0175 0.03166666666666667 0.035
0 0.24166666666666667 0.14 0.02666666666666667 0.06
0 0.16916666666666666 0.2225 0.025 0.055
0 0.19833333333333333 0.5075 0.03333333333333333 0.065
0 0.26666666666666666 0.42583333333333334 0.03 0.03833333333333333
0 0.3233333333333333 0.5166666666666667 0.03 0.05
0 0.41083333333333333 0.38916666666666666 0.018333333333333333 0.06833333333333333
0 0.34833333333333333 0.6366666666666667 0.03333333333333333 0.06
0 0.3983333333333333 0.75 0.03333333333333333 0.06666666666666667
0 0.52 0.8566666666666667 0.03333333333333333 0.06
0 0.5583333333333333 0.825 0.03333333333333333 0.06666666666666667
0 0.6166666666666667 0.89 0.03666666666666667 0.06
0 0.7175 0.7283333333333334 0.025 0.06666666666666667
