0 0.1 0.9525 0.02666666666666667 0.095
0 0.14 0.9116666666666666 0.06 0.05
0 0.08166666666666667 0.8375 0.05333333333333334 0.045
0 0.11916666666666667 0.7808333333333334 0.045 0.051666666666666666
0 0.15166666666666667 0.7016666666666667 0.04666666666666667 0.06666666666666667
0 0.15083333333333335 0.6025 0.041666666666666664 0.085
0 0.2075 0.58 0.041666666666666664 0.07
0 0.21583333333333332 0.49166666666666664 0.041666666666666664 0.07333333333333333
0 0.2683333333333333 0.495 0.04 0.07666666666666666
0 0.4025 0.7741666666666667 0.045 0.095
0 0.44333333333333336 0.8375 0.0033333333333333335 0.011666666666666667
0 0.48583333333333334 0.7025 0.051666666666666666 0.055
0 0.45416666666666666 0.6583333333333333 0.04833333333333333 0.07666666666666666
0 0.5766666666666667 0.6 0.03333333333333333 0.1
0 0.54 0.26666666666666666 0.043333333333333335 0.08666666666666667
0 0.5758333333333333 0.25083333333333335 0.03833333333333333 0.08166666666666667
0 0.6 0.17666666666666667 0.05 0.06666666666666667
0 0.6825 0.0475 0.04833333333333333 0.058333333333333334
0 0.6875 0.013333333333333334 0.04833333333333333 0.02666666666666667
