0 0.9416666666666667 0.235 0.023333333333333334 0.10333333333333333
0 0.7941666666666667 0.24916666666666668 0.025 0.075
0 0.6491666666666667 0.11666666666666667 0.03833333333333333 0.05
0 0.6441666666666667 0.015833333333333335 0.03833333333333333 0.03166666666666667
0 0.7383333333333333 0.41833333333333333 0.02666666666666667 0.10333333333333333
0 0.5758333333333333 0.37083333333333335 0.025 0.065
0 0.53 0.1925 0.02 0.06833333333333333
0 0.5566666666666666 0.63 0.02666666666666667 0.10333333333333333
0 0.39 0.59 0.03666666666666667 0.05
0 0.39666666666666667 0.4066666666666667 0.03666666666666667 0.09
0 0.31166666666666665 0.3383333333333333 0.02666666666666667 0.06666666666666667
0 0.9891666666666666 0.08 0.021666666666666667 0.04666666666666667
