0 0.8116666666666666 0.46416666666666667 0.03 0.07833333333333334
0 0.7025 0.6283333333333333 0.028333333333333332 0.10333333333333333
0 0.6016666666666667 0.6133333333333333 0.02666666666666667 0.07333333333333333
0 0.535 0.405 0.023333333333333334 0.07666666666666666
0 0.44666666666666666 0.4683333333333333 0.04 0.056666666666666664
0 0.3516666666666667 0.5958333333333333 0.023333333333333334 0.06833333333333333
0 0.3641666666666667 0.27666666666666667 0.021666666666666667 0.08333333333333333
0 0.22166666666666668 0.16916666666666666 0.03666666666666667 0.058333333333333334
0 0.19666666666666666 0.47583333333333333 0.03 0.10833333333333334
0 0.11 0.5883333333333334 0.02666666666666667 0.08
0 0.03333333333333333 0.23416666666666666 0.03 0.06833333333333333
