0 0.7916666666666666 0.034166666666666665 0.06666666666666667 0.06833333333333333
0 0.7383333333333333 0.115 0.07666666666666666 0.05
0 0.6541666666666667 0.185 0.045 0.12333333333333334
0 0.615 0.2125 0.04666666666666667 0.11166666666666666
0 0.5416666666666666 0.17083333333333334 0.05333333333333334 0.13166666666666665
0 0.4075 0.0425 0.045 0.085
0 0.3725 0.24166666666666667 0.051666666666666666 0.11
0 0.37666666666666665 0.4975 0.04666666666666667 0.12166666666666667
0 0.4875 0.505 0.055 0.1
0 0.5625 0.4975 0.07166666666666667 0.08833333333333333
0 0.4975 0.6283333333333333 0.045 0.11
0 0.6075 0.5933333333333334 0.065 0.08333333333333333
0 0.6566666666666666 0.7008333333333333 0.06666666666666667 0.06166666666666667
0 0.58 0.7916666666666666 0.06333333333333334 0.06333333333333334
0 0.53 0.7816666666666666 0.06 0.09
0 0.6125 0.8441666666666666 0.06833333333333333 0.051666666666666666
0 0.6391666666666667 0.9508333333333333 0.075 0.09833333333333333
0 0.7533333333333333 0.63 0.06333333333333334 0.04666666666666667
0 0.8108333333333333 0.4866666666666667 0.075 0.05333333333333334
0 0.7083333333333334 0.4241666666666667 0.07333333333333333 0.058333333333333334
0 0.7466666666666667 0.37083333333333335 0.056666666666666664 0.07833333333333334
0 0.7541666666666667 0.2825 0.065 0.058333333333333334
