0 0.8108333333333333 0.795 0.028333333333333332 0.03333333333333333
0 0.7958333333333333 0.6958333333333333 0.021666666666666667 0.055
0 0.8525 0.6308333333333334 0.021666666666666667 0.045
0 0.8291666666666667 0.4166666666666667 0.025 0.05
0 0.7675 0.4841666666666667 0.025 0.04833333333333333
0 0.7341666666666666 0.405 0.025 0.04666666666666667
0 0.7091666666666666 0.3283333333333333 0.021666666666666667 0.02666666666666667
0 0.6716666666666666 0.2375 0.023333333333333334 0.055
0 0.6666666666666666 0.5083333333333333 0.016666666666666666 0.05
0 0.5791666666666667 0.15583333333333332 0.025 0.04833333333333333
0 0.55 0.175 0.023333333333333334 0.05
0 0.5108333333333334 0.13333333333333333 0.021666666666666667 0.04666666666666667
0 0.4275 0.24916666666666668 0.018333333333333333 0.051666666666666666
