0 0.245 0.5991666666666666 0.02 0.04833333333333333
0 0.4575 0.46416666666666667 0.018333333333333333 0.041666666666666664
0 0.5025 0.42083333333333334 0.018333333333333333 0.041666666666666664
0 0.4925 0.3025 0.021666666666666667 0.03833333333333333
0 0.5808333333333333 0.265 0.015 0.06333333333333334
0 0.6066666666666667 0.4116666666666667 0.016666666666666666 0.06
0 0.5908333333333333 0.5108333333333334 0.015 0.051666666666666666
0 0.6633333333333333 0.5408333333333334 0.023333333333333334 0.03833333333333333
0 0.6525 0.6108333333333333 0.025 0.025
0 0.6983333333333334 0.36583333333333334 0.02 0.06166666666666667
0 0.7433333333333333 0.4575 0.02 0.06166666666666667
0 0.8183333333333334 0.4691666666666667 0.016666666666666666 0.035
0 0.8641666666666666 0.5258333333333334 0.021666666666666667 0.021666666666666667
0 0.9208333333333333 0.5658333333333333 0.021666666666666667 0.04833333333333333
