0 0.765 0.7958333333333333 0.03 0.055
0 0.7333333333333333 0.935 0.03 0.07333333333333333
0 0.6158333333333333 0.6566666666666666 0.018333333333333333 0.06
0 0.6466666666666666 0.5691666666666667 0.02 0.06166666666666667
0 0.535 0.6241666666666666 0.02 0.045
0 0.49333333333333335 0.565 0.023333333333333334 0.06
0 0.42916666666666664 0.6975 0.035 0.075
0 0.42 0.5208333333333334 0.023333333333333334 0.065
0 0.29 0.54 0.023333333333333334 0.06
0 0.2475 0.5983333333333334 0.03833333333333333 0.05333333333333334
0 0.12916666666666668 0.6116666666666667 0.045 0.05
0 0.11916666666666667 0.8041666666666667 0.025 0.07166666666666667
