0 0.5475 0.12 0.035 0.05
0 0.49916666666666665 0.25166666666666665 0.051666666666666666 0.056666666666666664
0 0.3933333333333333 0.2175 0.03333333333333333 0.06166666666666667
0 0.4866666666666667 0.3625 0.04 0.045
0 0.6075 0.5041666666666667 0.041666666666666664 0.041666666666666664
0 0.5233333333333333 0.5641666666666667 0.06 0.041666666666666664
0 0.6366666666666667 0.7066666666666667 0.03 0.06666666666666667
0 0.6983333333333334 0.68 0.03 0.06
0 0.5133333333333333 0.8441666666666666 0.03666666666666667 0.03833333333333333
0 0.5766666666666667 0.985 0.04 0.03
