0 0.8208333333333333 0.5216666666666666 0.028333333333333332 0.07666666666666666
0 0.715 0.3883333333333333 0.02666666666666667 0.07666666666666666
0 0.62 0.39 0.03 0.1
0 0.5675 0.5983333333333334 0.021666666666666667 0.06666666666666667
0 0.4816666666666667 0.5533333333333333 0.04 0.05333333333333334
0 0.39166666666666666 0.44333333333333336 0.023333333333333334 0.06666666666666667
0 0.4125 0.7375 0.021666666666666667 0.07833333333333334
0 0.2525 0.5816666666666667 0.025 0.06666666666666667
0 0.17 0.4766666666666667 0.02666666666666667 0.07
0 0.285 0.8516666666666667 0.03666666666666667 0.05333333333333334
0 0.11 0.81 0.02666666666666667 0.06333333333333334
0 0.058333333333333334 0.9283333333333333 0.03666666666666667 0.056666666666666664
0 0.04416666666666667 0.6433333333333333 0.035 0.07666666666666666
