0 0.8208333333333333 0.4816666666666667 0.028333333333333332 0.07666666666666666
0 0.7091666666666666 0.655 0.005 0.0033333333333333335
0 0.6216666666666667 0.6108333333333333 0.03 0.09833333333333333
0 0.5691666666666667 0.405 0.021666666666666667 0.06666666666666667
0 0.485 0.44916666666666666 0.03666666666666667 0.051666666666666666
0 0.39666666666666667 0.56 0.023333333333333334 0.07
0 0.4166666666666667 0.2658333333333333 0.02 0.075
0 0.25833333333333336 0.4216666666666667 0.02666666666666667 0.06333333333333334
0 0.175 0.5266666666666666 0.02666666666666667 0.07333333333333333
0 0.28833333333333333 0.155 0.03666666666666667 0.05333333333333334
0 0.1175 0.195 0.025 0.06333333333333334
0 0.065 0.0775 0.03666666666666667 0.055
0 0.051666666666666666 0.3591666666666667 0.03333333333333333 0.075
