0 0.015 0.535 0.03 0.05
0 0.0775 0.4575 0.025 0.03166666666666667
0 0.12 0.355 0.02 0.043333333333333335
0 0.2275 0.32083333333333336 0.018333333333333333 0.055
0 0.34 0.41833333333333333 0.03333333333333333 0.04
0 0.36 0.4891666666666667 0.03333333333333333 0.058333333333333334
0 0.2733333333333333 0.195 0.023333333333333334 0.08
0 0.39666666666666667 0.22916666666666666 0.023333333333333334 0.04833333333333333
0 0.43083333333333335 0.3616666666666667 0.018333333333333333 0.05333333333333334
0 0.41583333333333333 0.0325 0.021666666666666667 0.065
0 0.5375 0.0425 0.028333333333333332 0.04833333333333333
0 0.5325 0.19666666666666666 0.028333333333333332 0.07
0 0.5983333333333334 0.24666666666666667 0.023333333333333334 0.05333333333333334
0 0.8908333333333334 0.3425 0.025 0.06166666666666667
