0 0.5275 0.9766666666666667 0.06166666666666667 0.04666666666666667
0 0.4891666666666667 0.895 0.041666666666666664 0.05
0 0.5625 0.7508333333333334 0.03833333333333333 0.06833333333333333
0 0.645 0.7325 0.04666666666666667 0.03833333333333333
0 0.59 0.5733333333333334 0.02666666666666667 0.07
0 0.5075 0.5408333333333334 0.058333333333333334 0.055
0 0.535 0.345 0.043333333333333335 0.05
0 0.5225 0.18666666666666668 0.041666666666666664 0.05333333333333334
0 0.4066666666666667 0.0875 0.043333333333333335 0.06833333333333333
0 0.5925 0.06 0.03833333333333333 0.06666666666666667
