0 0.43166666666666664 0.7333333333333333 0.03 0.03
0 0.41333333333333333 0.6525 0.03 0.03833333333333333
0 0.355 0.44666666666666666 0.02 0.07
0 0.30916666666666665 0.5616666666666666 0.018333333333333333 0.05
0 0.21333333333333335 0.6025 0.02 0.035
0 0.16916666666666666 0.6791666666666667 0.025 0.055
0 0.105 0.7591666666666667 0.02666666666666667 0.055
0 0.4975 0.6 0.018333333333333333 0.05333333333333334
0 0.4683333333333333 0.48083333333333333 0.02 0.058333333333333334
0 0.4866666666666667 0.2925 0.02 0.075
0 0.5983333333333334 0.3125 0.02666666666666667 0.041666666666666664
0 0.5941666666666666 0.46 0.025 0.043333333333333335
0 0.6533333333333333 0.49166666666666664 0.023333333333333334 0.06
0 0.9275 0.5933333333333334 0.025 0.06
0 0.16583333333333333 0.5783333333333334 0.0016666666666666668 0.0033333333333333335
