0 0.6516666666666666 0.905 0.03666666666666667 0.04
0 0.6491666666666667 0.805 0.03833333333333333 0.05
0 0.5325 0.7316666666666667 0.021666666666666667 0.06666666666666667
0 0.5766666666666667 0.555 0.023333333333333334 0.06333333333333334
0 0.5583333333333333 0.29833333333333334 0.02666666666666667 0.10333333333333333
0 0.3933333333333333 0.33166666666666667 0.03666666666666667 0.06333333333333334
0 0.39916666666666667 0.535 0.03166666666666667 0.06
0 0.31666666666666665 0.5875 0.02666666666666667 0.065
0 0.7383333333333333 0.5241666666666667 0.02666666666666667 0.06166666666666667
0 0.7916666666666666 0.6708333333333333 0.023333333333333334 0.075
0 0.9383333333333334 0.7083333333333334 0.023333333333333334 0.06
0 0.9908333333333333 0.8325 0.018333333333333333 0.06166666666666667
