0 0.6 0.9816666666666667 0.03333333333333333 0.03666666666666667
0 0.49583333333333335 0.9458333333333333 0.051666666666666666 0.051666666666666666
0 0.51 0.8425 0.04 0.03833333333333333
0 0.4025 0.6816666666666666 0.03833333333333333 0.05333333333333334
0 0.48333333333333334 0.625 0.056666666666666664 0.04666666666666667
0 0.3875 0.47583333333333333 0.03166666666666667 0.065
0 0.32666666666666666 0.5016666666666667 0.04 0.04
0 0.505 0.35833333333333334 0.05333333333333334 0.043333333333333335
0 0.46166666666666667 0.20333333333333334 0.06333333333333334 0.04
0 0.4658333333333333 0.0475 0.058333333333333334 0.041666666666666664
