0 0.9625 0.4275 0.03166666666666667 0.08833333333333333
0 0.8283333333333334 0.41583333333333333 0.023333333333333334 0.065
0 0.6966666666666667 0.5283333333333333 0.03666666666666667 0.04666666666666667
0 0.6791666666666667 0.6316666666666667 0.035 0.03333333333333333
0 0.7766666666666666 0.27666666666666667 0.023333333333333334 0.056666666666666664
0 0.63 0.3025 0.023333333333333334 0.058333333333333334
0 0.5891666666666666 0.4608333333333333 0.018333333333333333 0.06166666666666667
0 0.6083333333333333 0.0825 0.023333333333333334 0.065
0 0.4633333333333333 0.09666666666666666 0.03333333333333333 0.04
0 0.47 0.2675 0.03333333333333333 0.08166666666666667
0 0.3933333333333333 0.3258333333333333 0.02666666666666667 0.06166666666666667
0 0.04833333333333333 0.44333333333333336 0.03 0.07
