0 0.2175 0.94 0.028333333333333332 0.06666666666666667
0 0.18 0.77 0.03333333333333333 0.06
0 0.3425 0.6166666666666667 0.021666666666666667 0.08
0 0.30583333333333335 0.5075 0.021666666666666667 0.075
0 0.43333333333333335 0.5633333333333334 0.023333333333333334 0.07666666666666666
0 0.4825 0.5 0.025 0.07
0 0.5433333333333333 0.7016666666666667 0.03333333333333333 0.056666666666666664
0 0.5658333333333333 0.4475 0.025 0.07833333333333334
0 0.7141666666666666 0.4725 0.025 0.075
0 0.7658333333333334 0.5575 0.03166666666666667 0.035
0 0.8941666666666667 0.5566666666666666 0.051666666666666666 0.06
0 0.8991666666666667 0.7875 0.03166666666666667 0.08166666666666667
