0 0.2708333333333333 0.021666666666666667 0.03166666666666667 0.04
0 0.285 0.15166666666666667 0.02666666666666667 0.06666666666666667
0 0.21 0.22333333333333333 0.02666666666666667 0.056666666666666664
0 0.23 0.5033333333333333 0.03333333333333333 0.06333333333333334
0 0.30083333333333334 0.43583333333333335 0.035 0.058333333333333334
0 0.3525 0.5258333333333334 0.03166666666666667 0.045
0 0.37416666666666665 0.6458333333333334 0.035 0.055
0 0.425 0.7558333333333334 0.02666666666666667 0.051666666666666666
0 0.44333333333333336 0.41 0.02 0.06333333333333334
0 0.5366666666666666 0.8808333333333334 0.03333333333333333 0.055
0 0.575 0.8541666666666666 0.03333333333333333 0.06166666666666667
0 0.6258333333333334 0.9191666666666667 0.03166666666666667 0.058333333333333334
0 0.735 0.7758333333333334 0.023333333333333334 0.06166666666666667
