0 0.9725 0.5766666666666667 0.028333333333333332 0.03666666666666667
0 0.9283333333333333 0.7 0.023333333333333334 0.08
0 0.8158333333333333 0.72 0.018333333333333333 0.056666666666666664
0 0.6966666666666667 0.6216666666666667 0.03333333333333333 0.05
0 0.675 0.5425 0.03333333333333333 0.058333333333333334
0 0.7675 0.8516666666666667 0.021666666666666667 0.08333333333333333
0 0.6016666666666667 0.7 0.02 0.10666666666666667
0 0.6383333333333333 0.8308333333333333 0.023333333333333334 0.08166666666666667
0 0.6141666666666666 0.9933333333333333 0.018333333333333333 0.013333333333333334
0 0.4891666666666667 0.9933333333333333 0.03166666666666667 0.013333333333333334
0 0.495 0.8516666666666667 0.03 0.07666666666666666
0 0.42583333333333334 0.7975 0.025 0.055
0 0.11916666666666667 0.6925 0.025 0.058333333333333334
0 0.08833333333333333 0.7333333333333333 0.0033333333333333335 0.006666666666666667
