0 0.8425 0.06166666666666667 0.03166666666666667 0.04
0 0.8225 0.18333333333333332 0.025 0.056666666666666664
0 0.8958333333333334 0.26916666666666667 0.025 0.051666666666666666
0 0.8666666666666667 0.55 0.03333333333333333 0.06333333333333334
0 0.7991666666666667 0.47 0.028333333333333332 0.04
0 0.7425 0.56 0.028333333333333332 0.05
0 0.6558333333333334 0.43166666666666664 0.018333333333333333 0.06333333333333334
0 0.7183333333333334 0.6783333333333333 0.03333333333333333 0.06
0 0.6675 0.7908333333333334 0.035 0.06833333333333333
0 0.5466666666666666 0.8975 0.03333333333333333 0.06166666666666667
0 0.5091666666666667 0.865 0.03166666666666667 0.06666666666666667
0 0.45 0.9308333333333333 0.03666666666666667 0.058333333333333334
0 0.35083333333333333 0.7708333333333334 0.028333333333333332 0.06833333333333333
