0 0.715 0.5141666666666667 0.02 0.07166666666666667
0 0.6766666666666666 0.31 0.03666666666666667 0.05333333333333334
0 0.5958333333333333 0.35083333333333333 0.025 0.045
0 0.5566666666666666 0.2941666666666667 0.02 0.051666666666666666
0 0.4266666666666667 0.29833333333333334 0.02666666666666667 0.07333333333333333
0 0.36333333333333334 0.39 0.023333333333333334 0.06666666666666667
0 0.3233333333333333 0.47833333333333333 0.023333333333333334 0.07333333333333333
0 0.38166666666666665 0.6675 0.02 0.055
0 0.255 0.5383333333333333 0.023333333333333334 0.07
0 0.21083333333333334 0.43333333333333335 0.021666666666666667 0.07333333333333333
0 0.13916666666666666 0.6791666666666667 0.028333333333333332 0.058333333333333334
0 0.18916666666666668 0.7941666666666667 0.021666666666666667 0.06833333333333333
0 0.15083333333333335 0.9025 0.03166666666666667 0.045
