0 0.8283333333333334 0.4508333333333333 0.03 0.07166666666666667
0 0.72 0.5883333333333334 0.02666666666666667 0.06666666666666667
0 0.6216666666666667 0.5816666666666667 0.023333333333333334 0.07
0 0.5566666666666666 0.39416666666666667 0.03333333333333333 0.10166666666666667
0 0.47333333333333333 0.43166666666666664 0.04 0.05333333333333334
0 0.38166666666666665 0.5491666666666667 0.023333333333333334 0.06833333333333333
0 0.23416666666666666 0.4091666666666667 0.028333333333333332 0.06833333333333333
0 0.39916666666666667 0.24 0.021666666666666667 0.08
0 0.265 0.1275 0.03666666666666667 0.055
0 0.14833333333333334 0.5233333333333333 0.02666666666666667 0.07666666666666666
0 0.016666666666666666 0.3425 0.03333333333333333 0.065
0 0.0825 0.17666666666666667 0.028333333333333332 0.06666666666666667
0 0.02666666666666667 0.05416666666666667 0.03666666666666667 0.058333333333333334
