0 0.6683333333333333 0.22916666666666666 0.023333333333333334 0.028333333333333332
0 0.68 0.3175 0.02 0.04833333333333333
0 0.6291666666666667 0.36833333333333335 0.021666666666666667 0.04
0 0.6675 0.5241666666666667 0.028333333333333332 0.045
0 0.71 0.49333333333333335 0.03 0.03666666666666667
0 0.7666666666666667 0.36916666666666664 0.03666666666666667 0.041666666666666664
0 0.8225 0.4683333333333333 0.018333333333333333 0.04
0 0.77 0.6158333333333333 0.02666666666666667 0.041666666666666664
0 0.82 0.6008333333333333 0.03333333333333333 0.03833333333333333
0 0.8783333333333333 0.7341666666666666 0.02666666666666667 0.041666666666666664
0 0.8658333333333333 0.7758333333333334 0.025 0.045
0 0.9125 0.7733333333333333 0.028333333333333332 0.043333333333333335
0 0.9883333333333333 0.7308333333333333 0.023333333333333334 0.041666666666666664
