0 0.9583333333333334 0.030833333333333334 0.02666666666666667 0.06166666666666667
0 0.74 0.04083333333333333 0.023333333333333334 0.06833333333333333
0 0.7325 0.05333333333333334 0.0016666666666666668 0.0033333333333333335
0 0.6325 0.30666666666666664 0.041666666666666664 0.043333333333333335
0 0.525 0.26916666666666667 0.02666666666666667 0.06166666666666667
0 0.6141666666666666 0.5383333333333333 0.028333333333333332 0.07
0 0.42 0.5016666666666667 0.03666666666666667 0.043333333333333335
0 0.33166666666666667 0.4583333333333333 0.02666666666666667 0.07333333333333333
0 0.5191666666666667 0.7358333333333333 0.045 0.03833333333333333
0 0.3516666666666667 0.8208333333333333 0.03 0.065
0 0.25166666666666665 0.7175 0.03333333333333333 0.07833333333333334
0 0.32916666666666666 0.9708333333333333 0.03833333333333333 0.04833333333333333
