0 0.9891666666666666 0.4475 0.021666666666666667 0.051666666666666666
0 0.945 0.55 0.023333333333333334 0.05
0 0.8791666666666667 0.4791666666666667 0.025 0.075
0 0.8366666666666667 0.3925 0.023333333333333334 0.06833333333333333
0 0.8216666666666667 0.6683333333333333 0.02 0.056666666666666664
0 0.7733333333333333 0.3 0.023333333333333334 0.07333333333333333
0 0.645 0.29 0.02 0.07333333333333333
0 0.6108333333333333 0.3433333333333333 0.025 0.07
0 0.535 0.31333333333333335 0.03666666666666667 0.05333333333333334
0 0.48333333333333334 0.5166666666666667 0.02 0.07
