0 0.9383333333333334 0.3383333333333333 0.03333333333333333 0.06666666666666667
0 0.8733333333333333 0.505 0.016666666666666666 0.07
0 0.7783333333333333 0.5525 0.02666666666666667 0.065
0 0.6175 0.525 0.03166666666666667 0.06333333333333334
0 0.6141666666666666 0.32083333333333336 0.035 0.051666666666666666
0 0.5075 0.38666666666666666 0.025 0.07666666666666666
0 0.55 0.6891666666666667 0.023333333333333334 0.105
0 0.39 0.5883333333333334 0.023333333333333334 0.07
0 0.36833333333333335 0.375 0.02666666666666667 0.06666666666666667
0 0.34 0.825 0.023333333333333334 0.10666666666666667
0 0.17833333333333334 0.7316666666666667 0.03666666666666667 0.06666666666666667
0 0.20833333333333334 0.5291666666666667 0.03333333333333333 0.06833333333333333
0 0.12916666666666668 0.4475 0.035 0.065
