0 0.965 0.9333333333333333 0.04 0.08333333333333333
0 0.8925 0.8083333333333333 0.028333333333333332 0.06333333333333334
0 0.8191666666666667 0.6733333333333333 0.028333333333333332 0.07
0 0.6533333333333333 0.6275 0.02666666666666667 0.07833333333333334
0 0.5966666666666667 0.4633333333333333 0.02666666666666667 0.06666666666666667
0 0.49916666666666665 0.78 0.041666666666666664 0.056666666666666664
0 0.5383333333333333 0.875 0.043333333333333335 0.03666666666666667
0 0.36833333333333335 0.6991666666666667 0.023333333333333334 0.07166666666666667
0 0.4166666666666667 0.5 0.02666666666666667 0.07666666666666666
0 0.39166666666666666 0.22833333333333333 0.03 0.08
0 0.2075 0.25416666666666665 0.041666666666666664 0.051666666666666666
0 0.215 0.4775 0.03666666666666667 0.06833333333333333
0 0.12166666666666667 0.535 0.03333333333333333 0.07333333333333333
