0 0.8241666666666667 0.2758333333333333 0.028333333333333332 0.03166666666666667
0 0.8091666666666667 0.37666666666666665 0.021666666666666667 0.05333333333333334
0 0.8658333333333333 0.44166666666666665 0.021666666666666667 0.043333333333333335
0 0.78 0.5908333333333333 0.02666666666666667 0.04833333333333333
0 0.8425 0.6591666666666667 0.025 0.04833333333333333
0 0.745 0.6666666666666666 0.023333333333333334 0.03666666666666667
0 0.6775 0.5666666666666667 0.015 0.05
0 0.725 0.7575 0.02666666666666667 0.045
0 0.6841666666666667 0.8408333333333333 0.025 0.055
0 0.5891666666666666 0.9233333333333333 0.025 0.05
0 0.5608333333333333 0.905 0.025 0.05
0 0.52 0.9466666666666667 0.023333333333333334 0.04666666666666667
0 0.4375 0.8316666666666667 0.021666666666666667 0.056666666666666664
