0 0.7608333333333334 0.7866666666666666 0.028333333333333332 0.04666666666666667
0 0.715 0.6816666666666666 0.023333333333333334 0.07
0 0.76 0.5508333333333333 0.02666666666666667 0.058333333333333334
0 0.6283333333333333 0.43916666666666665 0.02 0.051666666666666666
0 0.67 0.305 0.02 0.08
0 0.5525 0.37583333333333335 0.018333333333333333 0.055
0 0.505 0.5875 0.023333333333333334 0.055
0 0.5091666666666667 0.27666666666666667 0.021666666666666667 0.07333333333333333
0 0.43583333333333335 0.21083333333333334 0.025 0.07833333333333334
0 0.29833333333333334 0.21916666666666668 0.023333333333333334 0.075
0 0.2633333333333333 0.2816666666666667 0.03333333333333333 0.07
0 0.16583333333333333 0.27166666666666667 0.03833333333333333 0.056666666666666664
0 0.14833333333333334 0.4925 0.023333333333333334 0.075
