0 0.3908333333333333 0.6791666666666667 0.035 0.028333333333333332
0 0.2725 0.7308333333333333 0.045 0.051666666666666666
0 0.3416666666666667 0.56 0.05 0.04666666666666667
0 0.38083333333333336 0.48333333333333334 0.04833333333333333 0.03666666666666667
0 0.31833333333333336 0.3625 0.03333333333333333 0.045
0 0.2425 0.35333333333333333 0.03833333333333333 0.03333333333333333
0 0.29583333333333334 0.22333333333333333 0.025 0.056666666666666664
0 0.38416666666666666 0.2025 0.0016666666666666668 0.005
0 0.35 0.0425 0.05 0.045
0 0.4075 0.9883333333333333 0.035 0.023333333333333334
