0 0.9916666666666667 0.5591666666666667 0.016666666666666666 0.085
0 0.8608333333333333 0.5775 0.025 0.06833333333333333
0 0.7208333333333333 0.4575 0.03833333333333333 0.04833333333333333
0 0.7025 0.3475 0.03833333333333333 0.035
0 0.8041666666666667 0.7233333333333334 0.028333333333333332 0.06666666666666667
0 0.6525 0.6933333333333334 0.028333333333333332 0.06
0 0.6083333333333333 0.5283333333333333 0.02 0.07
0 0.6275 0.9275 0.025 0.07166666666666667
0 0.475 0.9091666666666667 0.03666666666666667 0.045
0 0.4825 0.7308333333333333 0.035 0.085
0 0.40166666666666667 0.6683333333333333 0.02666666666666667 0.06666666666666667
0 0.04 0.5466666666666666 0.03 0.07333333333333333
