0 0.49833333333333335 0.29 0.03 0.023333333333333334
0 0.4791666666666667 0.5091666666666667 0.021666666666666667 0.075
0 0.58 0.2816666666666667 0.023333333333333334 0.04666666666666667
0 0.6066666666666667 0.20666666666666667 0.016666666666666666 0.06
0 0.7433333333333333 0.14083333333333334 0.02 0.08833333333333333
0 0.8233333333333334 0.21416666666666667 0.02 0.051666666666666666
0 0.8808333333333334 0.2791666666666667 0.021666666666666667 0.06833333333333333
0 0.8525 0.5008333333333334 0.025 0.058333333333333334
0 0.96 0.30583333333333335 0.023333333333333334 0.07166666666666667
0 0.9891666666666666 0.18166666666666667 0.021666666666666667 0.056666666666666664
