0 0.92 0.27 0.02666666666666667 0.07666666666666666
0 0.775 0.1875 0.04666666666666667 0.085
0 0.6983333333333334 0.2683333333333333 0.023333333333333334 0.07
0 0.6783333333333333 0.26666666666666666 0.023333333333333334 0.07666666666666666
0 0.58 0.5 0.05333333333333334 0.08
0 0.47 0.4525 0.04 0.09166666666666666
0 0.5608333333333333 0.7458333333333333 0.028333333333333332 0.07166666666666667
0 0.365 0.685 0.04 0.056666666666666664
0 0.27 0.6283333333333333 0.04 0.09666666666666666
0 0.4608333333333333 0.9325 0.03833333333333333 0.041666666666666664
0 0.2825 0.9833333333333333 0.03166666666666667 0.03333333333333333
0 0.18916666666666668 0.8875 0.035 0.08166666666666667
