0 0.21916666666666668 0.08583333333333333 0.03166666666666667 0.041666666666666664
0 0.23666666666666666 0.21666666666666667 0.03 0.07333333333333333
0 0.165 0.29333333333333333 0.02666666666666667 0.056666666666666664
0 0.19416666666666665 0.5708333333333333 0.03166666666666667 0.065
0 0.25916666666666666 0.5016666666666667 0.035 0.06
0 0.31833333333333336 0.5791666666666667 0.02666666666666667 0.045
0 0.3416666666666667 0.6966666666666667 0.03333333333333333 0.056666666666666664
0 0.4041666666666667 0.4533333333333333 0.018333333333333333 0.06333333333333334
0 0.3933333333333333 0.8083333333333333 0.03333333333333333 0.06666666666666667
0 0.5125 0.9125 0.03166666666666667 0.058333333333333334
0 0.5491666666666667 0.8816666666666667 0.03166666666666667 0.06333333333333334
0 0.6058333333333333 0.9441666666666667 0.035 0.058333333333333334
0 0.705 0.7908333333333334 0.023333333333333334 0.06833333333333333
