0 0.24083333333333334 0.9658333333333333 0.03166666666666667 0.03833333333333333
0 0.25916666666666666 0.85 0.025 0.05333333333333334
0 0.18916666666666668 0.7675 0.028333333333333332 0.06166666666666667
0 0.2816666666666667 0.58 0.02666666666666667 0.03666666666666667
0 0.22166666666666668 0.5116666666666667 0.02666666666666667 0.043333333333333335
0 0.33666666666666667 0.49583333333333335 0.02666666666666667 0.045
0 0.3591666666666667 0.3825 0.03166666666666667 0.058333333333333334
0 0.4066666666666667 0.2725 0.03 0.065
0 0.4175 0.615 0.018333333333333333 0.06
0 0.5216666666666666 0.17583333333333334 0.03 0.058333333333333334
0 0.56 0.21166666666666667 0.023333333333333334 0.05
0 0.62 0.15166666666666667 0.02 0.04
0 0.7058333333333333 0.295 0.025 0.06333333333333334
