0 0.6091666666666666 0.4841666666666667 0.03166666666666667 0.08166666666666667
0 0.5066666666666667 0.30916666666666665 0.04 0.07833333333333334
0 0.31916666666666665 0.2758333333333333 0.041666666666666664 0.08166666666666667
0 0.4608333333333333 0.27 0.025 0.08666666666666667
0 0.45416666666666666 0.9408333333333333 0.04833333333333333 0.058333333333333334
0 0.19666666666666666 0.8883333333333333 0.03666666666666667 0.07666666666666666
0 0.7541666666666667 0.7708333333333334 0.028333333333333332 0.09166666666666666
0 0.23583333333333334 0.7741666666666667 0.03166666666666667 0.08833333333333333
0 0.3516666666666667 0.7575 0.05333333333333334 0.041666666666666664
0 0.15416666666666667 0.68 0.045 0.08333333333333333
0 0.6066666666666667 0.6916666666666667 0.056666666666666664 0.04
0 0.2991666666666667 0.6783333333333333 0.03166666666666667 0.09666666666666666
0 0.008333333333333333 0.6658333333333334 0.016666666666666666 0.075
0 0.7675 0.6566666666666666 0.03166666666666667 0.08666666666666667
0 0.5675 0.5575 0.03166666666666667 0.085
