0 0.08166666666666667 0.345 0.02666666666666667 0.06333333333333334
0 0.385 0.245 0.023333333333333334 0.056666666666666664
0 0.4533333333333333 0.19166666666666668 0.03 0.07333333333333333
0 0.44916666666666666 0.03333333333333333 0.028333333333333332 0.04666666666666667
0 0.5741666666666667 0.0275 0.021666666666666667 0.055
0 0.5941666666666666 0.22833333333333333 0.021666666666666667 0.05
0 0.5583333333333333 0.36333333333333334 0.02 0.06
0 0.6516666666666666 0.4225 0.03333333333333333 0.041666666666666664
0 0.6316666666666667 0.5125 0.03333333333333333 0.028333333333333332
0 0.7216666666666667 0.2025 0.02 0.06166666666666667
0 0.7691666666666667 0.32083333333333336 0.018333333333333333 0.058333333333333334
0 0.88 0.35833333333333334 0.02 0.04666666666666667
0 0.925 0.4633333333333333 0.02666666666666667 0.03666666666666667
0 0.9866666666666667 0.5341666666666667 0.02666666666666667 0.06833333333333333
