0 0.8041666666666667 0.77 0.03166666666666667 0.05333333333333334
0 0.7483333333333333 0.6608333333333334 0.02666666666666667 0.07833333333333334
0 0.7916666666666666 0.5108333333333334 0.03 0.065
0 0.6433333333333333 0.3983333333333333 0.02 0.06
0 0.6833333333333333 0.24083333333333334 0.02 0.08833333333333333
0 0.5558333333333333 0.31916666666666665 0.021666666666666667 0.085
0 0.5125 0.585 0.025 0.06333333333333334
0 0.505 0.23416666666666666 0.023333333333333334 0.08166666666666667
0 0.42 0.18083333333333335 0.02666666666666667 0.08833333333333333
0 0.2708333333333333 0.205 0.025 0.08333333333333333
0 0.23333333333333334 0.2816666666666667 0.03333333333333333 0.07666666666666666
0 0.09666666666666666 0.32166666666666666 0.03 0.03
0 0.11666666666666667 0.5316666666666666 0.02666666666666667 0.08333333333333333
