0 0.20416666666666666 0.31416666666666665 0.045 0.041666666666666664
0 0.33166666666666667 0.47 0.04666666666666667 0.05333333333333334
0 0.4091666666666667 0.4175 0.03833333333333333 0.10166666666666667
0 0.42333333333333334 0.6166666666666667 0.05 0.04
0 0.52 0.3325 0.02666666666666667 0.095
0 0.5466666666666666 0.35 0.03666666666666667 0.07333333333333333
0 0.5691666666666667 0.7116666666666667 0.028333333333333332 0.07666666666666666
0 0.6383333333333333 0.8991666666666667 0.02666666666666667 0.07833333333333334
0 0.7141666666666666 0.6283333333333333 0.041666666666666664 0.07333333333333333
0 0.7525 0.6166666666666667 0.03166666666666667 0.08333333333333333
0 0.7925 0.6233333333333333 0.041666666666666664 0.08
0 0.83 0.8758333333333334 0.03666666666666667 0.10166666666666667
0 0.92 0.5775 0.03666666666666667 0.075
0 0.9658333333333333 0.5125 0.03833333333333333 0.058333333333333334
0 0.98 0.5616666666666666 0.04 0.043333333333333335
