0 0.8916666666666667 0.8383333333333334 0.03666666666666667 0.06333333333333334
0 0.8258333333333333 0.6966666666666667 0.028333333333333332 0.06333333333333334
0 0.7475 0.5841666666666666 0.028333333333333332 0.065
0 0.5858333333333333 0.5508333333333333 0.028333333333333332 0.07166666666666667
0 0.5041666666666667 0.7883333333333333 0.045 0.03666666666666667
0 0.44083333333333335 0.7025 0.041666666666666664 0.051666666666666666
0 0.5283333333333333 0.3933333333333333 0.02666666666666667 0.06666666666666667
0 0.3566666666666667 0.43666666666666665 0.023333333333333334 0.07333333333333333
0 0.31333333333333335 0.6325 0.023333333333333334 0.07166666666666667
0 0.32666666666666666 0.17833333333333334 0.02666666666666667 0.07666666666666666
0 0.15 0.20416666666666666 0.04 0.06833333333333333
0 0.1625 0.42833333333333334 0.035 0.06333333333333334
0 0.07333333333333333 0.48833333333333334 0.03333333333333333 0.07
