0 0.095 0.36 0.02666666666666667 0.07666666666666666
0 0.23083333333333333 0.2575 0.041666666666666664 0.085
0 0.31333333333333335 0.32166666666666666 0.023333333333333334 0.06666666666666667
0 0.3408333333333333 0.3875 0.021666666666666667 0.08166666666666667
0 0.43916666666666665 0.5458333333333333 0.041666666666666664 0.045
0 0.5508333333333333 0.4575 0.035 0.09833333333333333
0 0.6666666666666666 0.6725 0.03333333333333333 0.065
0 0.4791666666666667 0.7641666666666667 0.025 0.07833333333333334
0 0.7633333333333333 0.595 0.03666666666666667 0.10333333333333333
0 0.59 0.9333333333333333 0.04 0.04666666666666667
0 0.7683333333333333 0.9683333333333334 0.03 0.06333333333333334
0 0.8591666666666666 0.8383333333333334 0.035 0.08333333333333333
