0 0.6441666666666667 0.52 0.03166666666666667 0.07666666666666666
0 0.6566666666666666 0.2525 0.06 0.08166666666666667
0 0.5483333333333333 0.2275 0.02666666666666667 0.07166666666666667
0 0.42916666666666664 0.4633333333333333 0.051666666666666666 0.08333333333333333
0 0.33916666666666667 0.43666666666666665 0.028333333333333332 0.07333333333333333
0 0.5416666666666666 0.7341666666666666 0.043333333333333335 0.041666666666666664
0 0.36 0.825 0.03 0.07
0 0.25333333333333335 0.7158333333333333 0.03666666666666667 0.085
0 0.3358333333333333 0.9816666666666667 0.041666666666666664 0.03666666666666667
0 0.785 0.01 0.023333333333333334 0.02
