0 0.6516666666666666 0.655 0.023333333333333334 0.08
0 0.6108333333333333 0.5308333333333334 0.025 0.06833333333333333
0 0.7433333333333333 0.41 0.02666666666666667 0.056666666666666664
0 0.6975 0.27666666666666667 0.025 0.07
0 0.7433333333333333 0.1725 0.03 0.04833333333333333
0 0.48333333333333334 0.37333333333333335 0.023333333333333334 0.056666666666666664
0 0.5341666666666667 0.5833333333333334 0.018333333333333333 0.056666666666666664
0 0.48833333333333334 0.6783333333333333 0.023333333333333334 0.07333333333333333
0 0.415 0.7541666666666667 0.02666666666666667 0.07833333333333334
0 0.27666666666666667 0.7358333333333333 0.023333333333333334 0.06166666666666667
0 0.2425 0.68 0.035 0.07
0 0.1425 0.68 0.03166666666666667 0.03
0 0.12416666666666666 0.47 0.025 0.07666666666666666
