0 0.43166666666666664 0.07333333333333333 0.02666666666666667 0.03333333333333333
0 0.435 0.3333333333333333 0.043333333333333335 0.03
0 0.5433333333333333 0.29583333333333334 0.03333333333333333 0.041666666666666664
0 0.485 0.42833333333333334 0.04 0.03666666666666667
0 0.4533333333333333 0.4891666666666667 0.03666666666666667 0.03166666666666667
0 0.5675 0.5925 0.028333333333333332 0.03166666666666667
0 0.5025 0.5858333333333333 0.028333333333333332 0.03833333333333333
0 0.4775 0.71 0.025 0.04
0 0.5216666666666666 0.6958333333333333 0.023333333333333334 0.051666666666666666
0 0.48583333333333334 0.8441666666666666 0.025 0.041666666666666664
0 0.4716666666666667 0.9341666666666667 0.03666666666666667 0.03166666666666667
0 0.4058333333333333 0.985 0.025 0.03
0 0.5191666666666667 0.9933333333333333 0.025 0.013333333333333334
