0 0.8358333333333333 0.035833333333333335 0.025 0.055
0 0.9066666666666666 0.11916666666666667 0.02666666666666667 0.058333333333333334
0 0.88 0.39166666666666666 0.03 0.06333333333333334
0 0.8158333333333333 0.3225 0.03166666666666667 0.058333333333333334
0 0.7591666666666667 0.40166666666666667 0.025 0.04666666666666667
0 0.7375 0.5166666666666667 0.028333333333333332 0.06
0 0.6891666666666667 0.6283333333333333 0.03166666666666667 0.06666666666666667
0 0.675 0.2725 0.016666666666666666 0.06166666666666667
0 0.5691666666666667 0.7225 0.03166666666666667 0.058333333333333334
0 0.5333333333333333 0.6966666666666667 0.03 0.06333333333333334
0 0.4683333333333333 0.7475 0.023333333333333334 0.041666666666666664
0 0.38 0.6008333333333333 0.023333333333333334 0.065
