0 0.8283333333333334 0.35333333333333333 0.02666666666666667 0.10333333333333333
0 0.7925 0.42 0.025 0.08666666666666667
0 0.7616666666666667 0.43416666666666665 0.02666666666666667 0.09166666666666666
0 0.7241666666666666 0.4583333333333333 0.04833333333333333 0.06333333333333334
0 0.7058333333333333 0.4875 0.04833333333333333 0.065
0 0.61 0.3491666666666667 0.02666666666666667 0.07833333333333334
0 0.6283333333333333 0.2916666666666667 0.03 0.09666666666666666
0 0.58 0.195 0.023333333333333334 0.08333333333333333
0 0.5133333333333333 0.15833333333333333 0.04 0.07
0 0.4925 0.14166666666666666 0.03166666666666667 0.08
0 0.45166666666666666 0.1275 0.03666666666666667 0.09166666666666666
0 0.4058333333333333 0.14083333333333334 0.03833333333333333 0.07833333333333334
0 0.34833333333333333 0.345 0.02666666666666667 0.08
0 0.3325 0.2683333333333333 0.025 0.07666666666666666
0 0.305 0.305 0.03333333333333333 0.06666666666666667
0 0.2841666666666667 0.37666666666666665 0.03166666666666667 0.07333333333333333
0 0.9233333333333333 0.9633333333333334 0.05333333333333334 0.04666666666666667
