0 0.8541666666666666 0.535 0.06833333333333333 0.08666666666666667
0 0.9675 0.4191666666666667 0.045 0.125
0 0.9658333333333333 0.9166666666666666 0.055 0.09666666666666666
0 0.295 0.36 0.06666666666666667 0.056666666666666664
0 0.31833333333333336 0.15416666666666667 0.06333333333333334 0.07166666666666667
0 0.6333333333333333 0.050833333333333335 0.05 0.10166666666666667
0 0.1075 0.4141666666666667 0.07166666666666667 0.058333333333333334
0 0.14083333333333334 0.5383333333333333 0.07166666666666667 0.06
0 0.13666666666666666 0.6525 0.07333333333333333 0.06166666666666667
0 0.26916666666666667 0.79 0.07166666666666667 0.06333333333333334
0 0.2783333333333333 0.885 0.06666666666666667 0.06
0 0.335 0.9725 0.07 0.055
