0 0.7141666666666666 0.6783333333333333 0.021666666666666667 0.08333333333333333
0 0.67 0.5458333333333333 0.02666666666666667 0.08166666666666667
0 0.8091666666666667 0.41333333333333333 0.028333333333333332 0.06
0 0.7616666666666667 0.2725 0.023333333333333334 0.075
0 0.81 0.16 0.03 0.05
0 0.535 0.375 0.023333333333333334 0.06
0 0.5875 0.5975 0.018333333333333333 0.058333333333333334
0 0.54 0.7025 0.023333333333333334 0.07833333333333334
0 0.4608333333333333 0.78 0.028333333333333332 0.08333333333333333
0 0.31416666666666665 0.7683333333333333 0.025 0.08
0 0.2775 0.7016666666666667 0.035 0.07666666666666666
0 0.17083333333333334 0.7025 0.03166666666666667 0.035
0 0.1525 0.47583333333333333 0.025 0.07833333333333334
