0 0.21416666666666667 0.52 0.035 0.07333333333333333
0 0.5691666666666667 0.5116666666666667 0.028333333333333332 0.06333333333333334
0 0.20583333333333334 0.3175 0.03833333333333333 0.04833333333333333
0 0.9133333333333333 0.945 0.03666666666666667 0.07666666666666666
0 0.3775 0.2891666666666667 0.028333333333333332 0.085
0 0.485 0.9075 0.043333333333333335 0.035
0 0.8425 0.8175 0.028333333333333332 0.09166666666666666
0 0.47833333333333333 0.805 0.04 0.05333333333333334
0 0.3575 0.7283333333333334 0.021666666666666667 0.07333333333333333
0 0.7766666666666666 0.7016666666666667 0.023333333333333334 0.06333333333333334
0 0.6341666666666667 0.6133333333333333 0.0016666666666666668 0.0033333333333333335
0 0.12583333333333332 0.58 0.03166666666666667 0.06666666666666667
0 0.40166666666666667 0.5458333333333333 0.02666666666666667 0.06833333333333333
