0 0.21333333333333335 0.9075 0.03333333333333333 0.041666666666666664
0 0.23 0.78 0.03 0.07333333333333333
0 0.16 0.7041666666666667 0.02666666666666667 0.058333333333333334
0 0.18833333333333332 0.43333333333333335 0.03333333333333333 0.06333333333333334
0 0.25166666666666665 0.5 0.03333333333333333 0.06
0 0.30916666666666665 0.4266666666666667 0.028333333333333332 0.043333333333333335
0 0.3325 0.31083333333333335 0.03166666666666667 0.058333333333333334
0 0.3925 0.5483333333333333 0.018333333333333333 0.06333333333333334
0 0.3825 0.20083333333333334 0.03166666666666667 0.065
0 0.49916666666666665 0.09916666666666667 0.03166666666666667 0.058333333333333334
0 0.535 0.13 0.03 0.06333333333333334
0 0.59 0.06916666666666667 0.03333333333333333 0.058333333333333334
0 0.6875 0.21833333333333332 0.025 0.06666666666666667
