0 0.8141666666666667 0.6991666666666667 0.035 0.06166666666666667
0 0.7408333333333333 0.49 0.018333333333333333 0.11
0 0.6391666666666667 0.4583333333333333 0.025 0.07
0 0.4666666666666667 0.49083333333333334 0.03333333333333333 0.06833333333333333
0 0.47583333333333333 0.695 0.041666666666666664 0.06
0 0.3516666666666667 0.6316666666666667 0.02666666666666667 0.08333333333333333
0 0.3925 0.30833333333333335 0.025 0.11333333333333333
0 0.21583333333333332 0.42916666666666664 0.025 0.06166666666666667
0 0.1925 0.6541666666666667 0.03166666666666667 0.075
0 0.0175 0.4891666666666667 0.035 0.06833333333333333
0 0.0025 0.265 0.005 0.04
0 0.15916666666666668 0.18 0.025 0.08333333333333333
