0 0.17166666666666666 0.22083333333333333 0.03333333333333333 0.055
0 0.23083333333333333 0.335 0.028333333333333332 0.08
0 0.18416666666666667 0.49583333333333335 0.03166666666666667 0.06166666666666667
0 0.3425 0.64 0.021666666666666667 0.06
0 0.5066666666666667 0.48833333333333334 0.03333333333333333 0.06333333333333334
0 0.43333333333333335 0.6941666666666667 0.02 0.06166666666666667
0 0.29833333333333334 0.7658333333333334 0.02 0.065
0 0.485 0.79 0.02666666666666667 0.08333333333333333
0 0.5766666666666667 0.8383333333333334 0.02 0.06333333333333334
0 0.7341666666666666 0.8108333333333333 0.021666666666666667 0.065
0 0.7791666666666667 0.72 0.03166666666666667 0.043333333333333335
0 0.9191666666666667 0.7016666666666667 0.041666666666666664 0.03333333333333333
0 0.8958333333333334 0.4741666666666667 0.028333333333333332 0.08166666666666667
