0 0.8366666666666667 0.043333333333333335 0.03 0.07333333333333333
0 0.91 0.11333333333333333 0.02666666666666667 0.06333333333333334
0 0.8875 0.3925 0.028333333333333332 0.051666666666666666
0 0.8208333333333333 0.33 0.035 0.06
0 0.7658333333333334 0.4191666666666667 0.028333333333333332 0.058333333333333334
0 0.745 0.5333333333333333 0.03 0.06
0 0.6766666666666666 0.2891666666666667 0.016666666666666666 0.06166666666666667
0 0.6983333333333334 0.6508333333333334 0.03333333333333333 0.06833333333333333
0 0.5733333333333334 0.7533333333333333 0.023333333333333334 0.05
0 0.54 0.7333333333333333 0.03 0.06333333333333334
0 0.48 0.8033333333333333 0.04 0.056666666666666664
0 0.38166666666666665 0.6458333333333334 0.023333333333333334 0.065
