0 0.2916666666666667 0.315 0.04 0.04666666666666667
0 0.27166666666666667 0.42583333333333334 0.04 0.051666666666666666
0 0.3933333333333333 0.5008333333333334 0.02 0.06833333333333333
0 0.3466666666666667 0.6791666666666667 0.02666666666666667 0.065
0 0.37 0.9241666666666667 0.03 0.065
0 0.535 0.9091666666666667 0.04 0.051666666666666666
0 0.5283333333333333 0.7016666666666667 0.03333333333333333 0.06
0 0.6133333333333333 0.65 0.03 0.07
0 0.9916666666666667 0.5291666666666667 0.016666666666666666 0.058333333333333334
0 0.17916666666666667 0.7116666666666667 0.025 0.06666666666666667
0 0.125 0.5558333333333333 0.03 0.07166666666666667
