0 0.7408333333333333 0.08 0.025 0.05333333333333334
0 0.8125 0.1625 0.028333333333333332 0.058333333333333334
0 0.7841666666666667 0.43416666666666665 0.03166666666666667 0.065
0 0.7208333333333333 0.36583333333333334 0.03166666666666667 0.058333333333333334
0 0.6641666666666667 0.44083333333333335 0.028333333333333332 0.04833333333333333
0 0.6391666666666667 0.555 0.03166666666666667 0.06
0 0.58 0.31583333333333335 0.016666666666666666 0.06166666666666667
0 0.5941666666666666 0.6683333333333333 0.03166666666666667 0.06666666666666667
0 0.4741666666666667 0.7641666666666667 0.03166666666666667 0.058333333333333334
0 0.43833333333333335 0.7366666666666667 0.03 0.06333333333333334
0 0.3925 0.815 0.0016666666666666668 0.0033333333333333335
0 0.2866666666666667 0.6425 0.023333333333333334 0.065
