0 0.47833333333333333 0.33416666666666667 0.043333333333333335 0.10833333333333334
0 0.5975 0.49166666666666664 0.041666666666666664 0.12333333333333334
0 0.65 0.38166666666666665 0.07 0.06333333333333334
0 0.7225 0.16833333333333333 0.058333333333333334 0.10333333333333333
0 0.7625 0.17416666666666666 0.06833333333333333 0.10166666666666667
0 0.8158333333333333 0.13666666666666666 0.041666666666666664 0.12333333333333334
0 0.7908333333333334 0.034166666666666665 0.055 0.065
0 0.6566666666666666 0.06 0.006666666666666667 0.0033333333333333335
0 0.7375 0.03916666666666667 0.06166666666666667 0.07833333333333334
0 0.8475 0.23166666666666666 0.07833333333333334 0.06333333333333334
0 0.8333333333333334 0.30416666666666664 0.04 0.115
0 0.8291666666666667 0.4241666666666667 0.075 0.075
0 0.88 0.31416666666666665 0.03666666666666667 0.13166666666666665
0 0.8816666666666667 0.4375 0.043333333333333335 0.12166666666666667
0 0.9275 0.4275 0.04833333333333333 0.11833333333333333
0 0.9175 0.58 0.085 0.05333333333333334
0 0.925 0.6833333333333333 0.03666666666666667 0.12666666666666668
0 0.7975 0.6841666666666667 0.045 0.13166666666666665
0 0.6275 0.6508333333333334 0.045 0.10833333333333334
0 0.5475 0.71 0.035 0.11333333333333333
0 0.8808333333333334 0.9633333333333334 0.051666666666666666 0.07333333333333333
0 0.9875 0.9483333333333334 0.025 0.10333333333333333
