0 0.8291666666666667 0.8008333333333333 0.035 0.055
0 0.7716666666666666 0.6908333333333333 0.02666666666666667 0.07833333333333334
0 0.8166666666666667 0.5333333333333333 0.03 0.06
0 0.5325 0.61 0.025 0.06666666666666667
0 0.6625 0.41333333333333333 0.021666666666666667 0.08666666666666667
0 0.705 0.28 0.02 0.06333333333333334
0 0.575 0.355 0.02 0.06333333333333334
0 0.5225 0.25416666666666665 0.021666666666666667 0.08166666666666667
0 0.43583333333333335 0.2125 0.021666666666666667 0.065
0 0.28583333333333333 0.22416666666666665 0.025 0.085
0 0.25916666666666666 0.29583333333333334 0.0016666666666666668 0.005
0 0.1175 0.32083333333333336 0.03833333333333333 0.06166666666666667
0 0.1275 0.5566666666666666 0.025 0.08333333333333333
