0 0.5358333333333334 0.8525 0.041666666666666664 0.035
0 0.6758333333333333 0.9125 0.051666666666666666 0.06166666666666667
0 0.5941666666666666 0.71 0.058333333333333334 0.05333333333333334
0 0.5558333333333333 0.6233333333333333 0.03833333333333333 0.04
0 0.6191666666666666 0.47833333333333333 0.03833333333333333 0.05333333333333334
0 0.7091666666666666 0.4666666666666667 0.045 0.043333333333333335
0 0.6475 0.315 0.028333333333333332 0.06333333333333334
0 0.5708333333333333 0.2891666666666667 0.055 0.045
0 0.5825 0.10083333333333333 0.058333333333333334 0.051666666666666666
0 0.5808333333333333 0.0125 0.055 0.025
