0 0.30916666666666665 0.6683333333333333 0.041666666666666664 0.04
0 0.2875 0.545 0.041666666666666664 0.05333333333333334
0 0.18916666666666668 0.22916666666666666 0.025 0.085
0 0.12833333333333333 0.38166666666666665 0.03 0.12
0 0.4175 0.465 0.021666666666666667 0.07333333333333333
0 0.36666666666666664 0.25166666666666665 0.03 0.11
0 0.39416666666666667 0.021666666666666667 0.028333333333333332 0.043333333333333335
0 0.5683333333333334 0.025 0.04 0.05
0 0.5641666666666667 0.2475 0.035 0.065
0 0.6541666666666667 0.30416666666666664 0.028333333333333332 0.07166666666666667
