0 0.8608333333333333 0.7925 0.0016666666666666668 0.005
0 0.9383333333333334 0.9233333333333333 0.03666666666666667 0.06
0 0.8058333333333333 0.6591666666666667 0.025 0.10166666666666667
0 0.6533333333333333 0.6391666666666667 0.023333333333333334 0.07166666666666667
0 0.6008333333333333 0.4708333333333333 0.028333333333333332 0.10166666666666667
0 0.43666666666666665 0.525 0.023333333333333334 0.06666666666666667
0 0.4141666666666667 0.26166666666666666 0.028333333333333332 0.10666666666666667
0 0.24416666666666667 0.295 0.03833333333333333 0.06333333333333334
0 0.255 0.49083333333333334 0.03666666666666667 0.09166666666666666
0 0.1675 0.56 0.028333333333333332 0.06666666666666667
0 0.3925 0.7041666666666667 0.021666666666666667 0.07166666666666667
0 0.5125 0.78 0.03833333333333333 0.05
0 0.5158333333333334 0.8816666666666667 0.03833333333333333 0.03666666666666667
