0 0.4675 0.9558333333333333 0.055 0.07166666666666667
0 0.3358333333333333 0.9658333333333333 0.03833333333333333 0.06833333333333333
0 0.49583333333333335 0.8591666666666666 0.04833333333333333 0.04833333333333333
0 0.6225 0.7225 0.045 0.055
0 0.5475 0.6341666666666667 0.03833333333333333 0.07166666666666667
0 0.6775 0.51 0.03166666666666667 0.08333333333333333
0 0.7491666666666666 0.565 0.045 0.06666666666666667
0 0.5758333333333333 0.32083333333333336 0.04833333333333333 0.04833333333333333
0 0.6508333333333334 0.16583333333333333 0.055 0.055
0 0.6908333333333333 0.0075 0.028333333333333332 0.015
