0 0.5608333333333333 0.51 0.021666666666666667 0.07333333333333333
0 0.5141666666666667 0.2975 0.03833333333333333 0.055
0 0.4325 0.3433333333333333 0.021666666666666667 0.04666666666666667
0 0.39166666666666666 0.27416666666666667 0.023333333333333334 0.075
0 0.25833333333333336 0.285 0.02666666666666667 0.07666666666666666
0 0.1925 0.3825 0.025 0.06833333333333333
0 0.21166666666666667 0.67 0.023333333333333334 0.06
0 0.15083333333333335 0.47333333333333333 0.021666666666666667 0.07666666666666666
0 0.08083333333333333 0.5358333333333334 0.025 0.075
0 0.034166666666666665 0.42583333333333334 0.021666666666666667 0.07833333333333334
0 0.011666666666666667 0.8041666666666667 0.023333333333333334 0.07166666666666667
