0 0.21333333333333335 0.7783333333333333 0.03333333333333333 0.05333333333333334
0 0.27 0.6683333333333333 0.02666666666666667 0.07666666666666666
0 0.22583333333333333 0.515 0.028333333333333332 0.06
0 0.37916666666666665 0.3883333333333333 0.018333333333333333 0.06
0 0.33666666666666667 0.25583333333333336 0.02 0.06166666666666667
0 0.4658333333333333 0.3358333333333333 0.018333333333333333 0.058333333333333334
0 0.5091666666666667 0.5891666666666666 0.025 0.065
0 0.5183333333333333 0.2475 0.023333333333333334 0.051666666666666666
0 0.6033333333333334 0.18083333333333335 0.023333333333333334 0.08833333333333333
0 0.7533333333333333 0.20583333333333334 0.023333333333333334 0.085
0 0.7975 0.30416666666666664 0.028333333333333332 0.03833333333333333
0 0.9333333333333333 0.32416666666666666 0.03666666666666667 0.028333333333333332
0 0.9108333333333334 0.5391666666666667 0.028333333333333332 0.08166666666666667
