0 0.6108333333333333 0.095 0.035 0.056666666666666664
0 0.6966666666666667 0.11166666666666666 0.02666666666666667 0.05
0 0.6483333333333333 0.27666666666666667 0.03666666666666667 0.06
0 0.565 0.3225 0.043333333333333335 0.03833333333333333
0 0.5033333333333333 0.25083333333333335 0.043333333333333335 0.035
0 0.4533333333333333 0.4025 0.02 0.058333333333333334
0 0.4091666666666667 0.3466666666666667 0.018333333333333333 0.05333333333333334
0 0.5391666666666667 0.5375 0.041666666666666664 0.03833333333333333
0 0.4675 0.6175 0.045 0.03833333333333333
0 0.435 0.7308333333333333 0.03666666666666667 0.051666666666666666
0 0.3825 0.7891666666666667 0.035 0.051666666666666666
0 0.32416666666666666 0.96 0.03166666666666667 0.05333333333333334
