0 0.5275 0.5283333333333333 0.005 0.0033333333333333335
0 0.4475 0.545 0.025 0.07
0 0.6491666666666667 0.7175 0.021666666666666667 0.07833333333333334
0 0.8925 0.7216666666666667 0.028333333333333332 0.08
0 0.6708333333333333 0.7333333333333333 0.025 0.07
0 0.42083333333333334 0.07583333333333334 0.041666666666666664 0.041666666666666664
0 0.7566666666666667 0.7958333333333333 0.03333333333333333 0.06166666666666667
0 0.1525 0.1275 0.028333333333333332 0.06833333333333333
0 0.5258333333333334 0.25833333333333336 0.028333333333333332 0.07333333333333333
0 0.33166666666666667 0.3258333333333333 0.03666666666666667 0.055
0 0.24333333333333335 0.03666666666666667 0.03333333333333333 0.07333333333333333
0 0.2375 0.37666666666666665 0.035 0.07
