0 0.8533333333333334 0.43916666666666665 0.02666666666666667 0.075
0 0.7341666666666666 0.33416666666666667 0.03166666666666667 0.055
0 0.6466666666666666 0.36833333333333335 0.023333333333333334 0.06333333333333334
0 0.6091666666666666 0.51 0.021666666666666667 0.07666666666666666
0 0.5158333333333334 0.55 0.03833333333333333 0.04666666666666667
0 0.4191666666666667 0.4583333333333333 0.021666666666666667 0.06333333333333334
0 0.4633333333333333 0.7516666666666667 0.023333333333333334 0.07333333333333333
0 0.2866666666666667 0.6116666666666667 0.03666666666666667 0.09666666666666666
0 0.20333333333333334 0.5491666666666667 0.02666666666666667 0.06833333333333333
0 0.345 0.8908333333333334 0.03666666666666667 0.04833333333333333
0 0.17083333333333334 0.89 0.028333333333333332 0.06666666666666667
0 0.09333333333333334 0.7441666666666666 0.03333333333333333 0.07833333333333334
