0 0.8941666666666667 0.3275 0.025 0.055
0 0.8358333333333333 0.38666666666666666 0.025 0.023333333333333334
0 0.7958333333333333 0.48333333333333334 0.021666666666666667 0.06
0 0.7075 0.5041666666666667 0.018333333333333333 0.07166666666666667
0 0.6125 0.4275 0.028333333333333332 0.045
0 0.5958333333333333 0.3541666666666667 0.028333333333333332 0.03833333333333333
0 0.6666666666666666 0.6091666666666666 0.02 0.06166666666666667
0 0.5625 0.5825 0.018333333333333333 0.06166666666666667
0 0.5366666666666666 0.4866666666666667 0.02 0.08
0 0.5458333333333333 0.7516666666666667 0.018333333333333333 0.06666666666666667
0 0.445 0.7325 0.023333333333333334 0.03833333333333333
0 0.44916666666666666 0.6058333333333333 0.025 0.058333333333333334
0 0.39416666666666667 0.565 0.021666666666666667 0.05
0 0.145 0.4741666666666667 0.023333333333333334 0.051666666666666666
