0 0.1475 0.965 0.025 0.05
0 0.07666666666666666 0.885 0.02666666666666667 0.056666666666666664
0 0.09666666666666666 0.625 0.02666666666666667 0.05
0 0.16083333333333333 0.6875 0.03166666666666667 0.051666666666666666
0 0.21083333333333334 0.5966666666666667 0.028333333333333332 0.06
0 0.23083333333333333 0.49 0.03166666666666667 0.056666666666666664
0 0.275 0.375 0.03333333333333333 0.06
0 0.29583333333333334 0.725 0.018333333333333333 0.06
0 0.3883333333333333 0.27666666666666667 0.03 0.06
0 0.425 0.3025 0.02666666666666667 0.06166666666666667
0 0.48333333333333334 0.23583333333333334 0.03666666666666667 0.051666666666666666
0 0.575 0.38416666666666666 0.023333333333333334 0.065
