0 0.020833333333333332 0.6966666666666667 0.041666666666666664 0.13
0 0.29 0.37833333333333335 0.07 0.10333333333333333
0 0.3641666666666667 0.37416666666666665 0.06833333333333333 0.06166666666666667
0 0.39166666666666666 0.4925 0.043333333333333335 0.125
0 0.3308333333333333 0.5275 0.07166666666666667 0.09166666666666666
0 0.2875 0.5208333333333334 0.06833333333333333 0.10166666666666667
0 0.20833333333333334 0.75 0.07666666666666666 0.06666666666666667
0 0.15 0.8691666666666666 0.05 0.12833333333333333
0 0.17083333333333334 0.985 0.035 0.03
0 0.11166666666666666 0.9925 0.03 0.015
0 0.42 0.5858333333333333 0.07666666666666666 0.065
0 0.4041666666666667 0.6508333333333334 0.041666666666666664 0.095
0 0.3933333333333333 0.79 0.06333333333333334 0.1
0 0.4558333333333333 0.6875 0.045 0.12166666666666667
0 0.5016666666666667 0.74 0.06666666666666667 0.09
0 0.4583333333333333 0.8358333333333333 0.056666666666666664 0.10833333333333334
0 0.43583333333333335 0.9475 0.07833333333333334 0.09166666666666666
0 0.4925 0.9691666666666666 0.07833333333333334 0.058333333333333334
