0 0.4658333333333333 0.105 0.03166666666666667 0.03
0 0.5625 0.07416666666666667 0.03166666666666667 0.035
0 0.5066666666666667 0.1925 0.03666666666666667 0.035
0 0.4816666666666667 0.245 0.03666666666666667 0.03
0 0.59 0.33916666666666667 0.023333333333333334 0.03833333333333333
0 0.5225 0.33666666666666667 0.025 0.03666666666666667
0 0.5016666666666667 0.45416666666666666 0.023333333333333334 0.03833333333333333
0 0.545 0.44083333333333335 0.03 0.045
0 0.5066666666666667 0.5766666666666667 0.023333333333333334 0.03666666666666667
0 0.49416666666666664 0.6633333333333333 0.035 0.03
0 0.5366666666666666 0.7325 0.023333333333333334 0.03833333333333333
0 0.43333333333333335 0.7141666666666666 0.023333333333333334 0.03833333333333333
