0 0.2525 0.8883333333333333 0.025 0.04666666666666667
0 0.30666666666666664 0.8133333333333334 0.023333333333333334 0.05333333333333334
0 0.2816666666666667 0.7291666666666666 0.023333333333333334 0.03833333333333333
0 0.405 0.6216666666666667 0.016666666666666666 0.04
0 0.38083333333333336 0.5658333333333333 0.018333333333333333 0.035
0 0.5058333333333334 0.5725 0.018333333333333333 0.03833333333333333
0 0.4525 0.5075 0.018333333333333333 0.035
0 0.5591666666666667 0.5408333333333334 0.018333333333333333 0.03833333333333333
0 0.6675 0.5316666666666666 0.021666666666666667 0.03
0 0.6783333333333333 0.5425 0.02 0.028333333333333332
0 0.7041666666666667 0.5908333333333333 0.028333333333333332 0.03166666666666667
0 0.8141666666666667 0.5891666666666666 0.018333333333333333 0.03833333333333333
0 0.81 0.7258333333333333 0.023333333333333334 0.04833333333333333
