0 0.7666666666666667 0.5633333333333334 0.03 0.07
0 0.6658333333333334 0.38916666666666666 0.028333333333333332 0.105
0 0.5658333333333333 0.39166666666666666 0.021666666666666667 0.07
0 0.48833333333333334 0.5941666666666666 0.023333333333333334 0.075
0 0.405 0.5141666666666667 0.04 0.058333333333333334
0 0.31666666666666665 0.38166666666666665 0.023333333333333334 0.07
0 0.15666666666666668 0.4891666666666667 0.02666666666666667 0.115
0 0.31583333333333335 0.695 0.021666666666666667 0.08333333333333333
0 0.17 0.7841666666666667 0.03666666666666667 0.06166666666666667
0 0.0825 0.31416666666666665 0.0016666666666666668 0.0016666666666666668
