0 0.46166666666666667 0.9583333333333334 0.02666666666666667 0.03333333333333333
0 0.565 0.7508333333333334 0.03333333333333333 0.03833333333333333
0 0.4716666666666667 0.72 0.02666666666666667 0.023333333333333334
0 0.5108333333333334 0.6291666666666667 0.03833333333333333 0.035
0 0.4816666666666667 0.5716666666666667 0.03666666666666667 0.03
0 0.5883333333333334 0.475 0.03 0.03333333333333333
0 0.5266666666666666 0.4816666666666667 0.02666666666666667 0.03666666666666667
0 0.5433333333333333 0.37666666666666665 0.016666666666666666 0.043333333333333335
0 0.49916666666666665 0.3625 0.035 0.041666666666666664
0 0.5116666666666667 0.24 0.023333333333333334 0.03666666666666667
0 0.43666666666666665 0.1025 0.023333333333333334 0.03833333333333333
0 0.49916666666666665 0.155 0.03166666666666667 0.03
0 0.5416666666666666 0.08416666666666667 0.023333333333333334 0.041666666666666664
