0 0.47333333333333333 0.06666666666666667 0.04 0.03
0 0.5766666666666667 0.03666666666666667 0.03333333333333333 0.03666666666666667
0 0.5191666666666667 0.15583333333333332 0.03833333333333333 0.035
0 0.5008333333333334 0.21 0.035 0.03
0 0.6116666666666667 0.2975 0.02 0.045
0 0.5358333333333334 0.30583333333333335 0.028333333333333332 0.03833333333333333
0 0.5158333333333334 0.43 0.021666666666666667 0.04
0 0.5533333333333333 0.4125 0.02 0.04833333333333333
0 0.52 0.5533333333333333 0.02666666666666667 0.03666666666666667
0 0.505 0.6433333333333333 0.03666666666666667 0.03
0 0.55 0.7158333333333333 0.023333333333333334 0.03833333333333333
0 0.4425 0.6975 0.025 0.03833333333333333
