0 0.145 0.1325 0.02666666666666667 0.045
0 0.18833333333333332 0.23333333333333334 0.023333333333333334 0.06666666666666667
0 0.145 0.3591666666666667 0.02666666666666667 0.055
0 0.23166666666666666 0.5816666666666667 0.02 0.05333333333333334
0 0.4558333333333333 0.6775 0.021666666666666667 0.055
0 0.3875 0.6075 0.021666666666666667 0.06833333333333333
0 0.34 0.5208333333333334 0.023333333333333334 0.06166666666666667
0 0.27 0.47833333333333333 0.023333333333333334 0.07333333333333333
0 0.38916666666666666 0.3258333333333333 0.021666666666666667 0.058333333333333334
0 0.5875 0.6766666666666666 0.021666666666666667 0.07
0 0.6225 0.6033333333333334 0.025 0.043333333333333335
0 0.7091666666666666 0.6308333333333334 0.035 0.055
0 0.7325 0.4166666666666667 0.021666666666666667 0.07
