0 0.060833333333333336 0.9291666666666667 0.028333333333333332 0.06833333333333333
0 0.2175 0.8925 0.025 0.08166666666666667
0 0.2791666666666667 0.74 0.025 0.05333333333333334
0 0.45416666666666666 0.76 0.028333333333333332 0.07
0 0.48 0.5016666666666667 0.03 0.07
0 0.6575 0.5133333333333333 0.041666666666666664 0.07
0 0.6508333333333334 0.7358333333333333 0.035 0.065
0 0.7433333333333333 0.7933333333333333 0.03 0.07
0 0.5033333333333333 0.95 0.023333333333333334 0.07666666666666666
0 0.37583333333333335 0.9883333333333333 0.03833333333333333 0.023333333333333334
