0 0.1675 0.4975 0.028333333333333332 0.07833333333333334
0 0.27666666666666667 0.38083333333333336 0.02666666666666667 0.058333333333333334
0 0.36666666666666664 0.3975 0.02 0.065
0 0.4191666666666667 0.5833333333333334 0.021666666666666667 0.07333333333333333
0 0.5058333333333334 0.5533333333333333 0.041666666666666664 0.05
0 0.61 0.41833333333333333 0.0033333333333333335 0.01
0 0.57 0.7425 0.02 0.075
0 0.6941666666666667 0.8625 0.035 0.051666666666666666
0 0.7333333333333333 0.5941666666666666 0.02666666666666667 0.065
0 0.8166666666666667 0.49833333333333335 0.02666666666666667 0.06666666666666667
0 0.9375 0.6708333333333333 0.035 0.075
0 0.8691666666666666 0.8191666666666667 0.028333333333333332 0.08833333333333333
0 0.9183333333333333 0.9525 0.03666666666666667 0.055
