0 0.3541666666666667 0.24916666666666668 0.021666666666666667 0.028333333333333332
0 0.3433333333333333 0.3383333333333333 0.02 0.04666666666666667
0 0.3958333333333333 0.39166666666666666 0.021666666666666667 0.04
0 0.35583333333333333 0.5508333333333333 0.028333333333333332 0.04833333333333333
0 0.31083333333333335 0.5191666666666667 0.03166666666666667 0.03833333333333333
0 0.25333333333333335 0.3908333333333333 0.03666666666666667 0.041666666666666664
0 0.19833333333333333 0.4925 0.02 0.041666666666666664
0 0.25166666666666665 0.6441666666666667 0.02666666666666667 0.045
0 0.2 0.63 0.03333333333333333 0.04
0 0.14 0.7658333333333334 0.02666666666666667 0.041666666666666664
0 0.15333333333333332 0.8075 0.02666666666666667 0.045
0 0.105 0.8075 0.03 0.041666666666666664
0 0.020833333333333332 0.7541666666666667 0.041666666666666664 0.07166666666666667
