0 0.44166666666666665 0.5391666666666667 0.04666666666666667 0.03833333333333333
0 0.5075 0.6683333333333333 0.041666666666666664 0.03333333333333333
0 0.5233333333333333 0.8133333333333334 0.02666666666666667 0.05
0 0.5625 0.8975 0.045 0.03833333333333333
0 0.39916666666666667 0.1675 0.028333333333333332 0.055
0 0.4508333333333333 0.023333333333333334 0.041666666666666664 0.04666666666666667
0 0.54 0.255 0.03666666666666667 0.04666666666666667
0 0.4625 0.2966666666666667 0.03833333333333333 0.03666666666666667
0 0.6175 0.4141666666666667 0.025 0.055
0 0.5591666666666667 0.4475 0.028333333333333332 0.058333333333333334
