0 0.11416666666666667 0.655 0.028333333333333332 0.07666666666666666
0 0.24166666666666667 0.735 0.03 0.056666666666666664
0 0.3283333333333333 0.6841666666666667 0.02666666666666667 0.06833333333333333
0 0.3525 0.6391666666666667 0.021666666666666667 0.08166666666666667
0 0.44916666666666666 0.4975 0.005 0.005
0 0.5491666666666667 0.5216666666666666 0.021666666666666667 0.06666666666666667
0 0.48083333333333333 0.23916666666666667 0.025 0.075
0 0.6691666666666667 0.3333333333333333 0.041666666666666664 0.08666666666666667
0 0.7541666666666667 0.375 0.028333333333333332 0.07
0 0.5858333333333333 0.07 0.03833333333333333 0.043333333333333335
0 0.7575 0.0275 0.028333333333333332 0.055
0 0.8466666666666667 0.1475 0.03333333333333333 0.07833333333333334
