0 0.43666666666666665 0.014166666666666666 0.03333333333333333 0.028333333333333332
0 0.3825 0.15333333333333332 0.03166666666666667 0.05333333333333334
0 0.4375 0.29333333333333333 0.051666666666666666 0.04
0 0.5275 0.24916666666666668 0.035 0.04833333333333333
0 0.5466666666666666 0.45 0.02666666666666667 0.06
0 0.6075 0.4166666666666667 0.025 0.056666666666666664
0 0.43166666666666664 0.5475 0.03 0.041666666666666664
0 0.485 0.6816666666666666 0.056666666666666664 0.03333333333333333
0 0.4791666666666667 0.8458333333333333 0.0016666666666666668 0.0016666666666666668
0 0.5575 0.9208333333333333 0.03166666666666667 0.03833333333333333
