0 0.7275 0.7333333333333333 0.021666666666666667 0.02666666666666667
0 0.7391666666666666 0.65 0.018333333333333333 0.03666666666666667
0 0.6875 0.5933333333333334 0.021666666666666667 0.04
0 0.7283333333333334 0.44 0.023333333333333334 0.043333333333333335
0 0.7691666666666667 0.47 0.03166666666666667 0.03666666666666667
0 0.8291666666666667 0.6016666666666667 0.025 0.02666666666666667
0 0.8791666666666667 0.49666666666666665 0.021666666666666667 0.04
0 0.8766666666666667 0.3625 0.03333333333333333 0.03833333333333333
0 0.8275 0.3475 0.028333333333333332 0.045
0 0.9241666666666667 0.22916666666666666 0.0016666666666666668 0.0016666666666666668
0 0.9225 0.18916666666666668 0.025 0.045
0 0.9691666666666666 0.18833333333333332 0.028333333333333332 0.04
