0 0.9133333333333333 0.8116666666666666 0.03 0.056666666666666664
0 0.8491666666666666 0.6658333333333334 0.025 0.095
0 0.7075 0.6083333333333333 0.0016666666666666668 0.0033333333333333335
0 0.5541666666666667 0.7841666666666667 0.03833333333333333 0.04833333333333333
0 0.5575 0.8858333333333334 0.03833333333333333 0.035
0 0.6425 0.485 0.025 0.08
0 0.4791666666666667 0.5275 0.025 0.065
0 0.43416666666666665 0.7091666666666666 0.021666666666666667 0.06833333333333333
0 0.45416666666666666 0.2833333333333333 0.025 0.07
0 0.2866666666666667 0.30833333333333335 0.04 0.04666666666666667
0 0.29583333333333334 0.51 0.03166666666666667 0.06
0 0.21083333333333334 0.5641666666666667 0.028333333333333332 0.065
0 0.9816666666666667 0.9266666666666666 0.03666666666666667 0.06
