0 0.27 0.6491666666666667 0.03 0.07833333333333334
0 0.34833333333333333 0.49166666666666664 0.02 0.07666666666666666
0 0.43583333333333335 0.41833333333333333 0.0016666666666666668 0.0033333333333333335
0 0.5958333333333333 0.5158333333333334 0.035 0.08166666666666667
0 0.535 0.6291666666666667 0.03 0.09833333333333333
0 0.6908333333333333 0.6716666666666666 0.021666666666666667 0.07666666666666666
0 0.6683333333333333 0.38916666666666666 0.023333333333333334 0.075
0 0.8233333333333334 0.4825 0.023333333333333334 0.06833333333333333
0 0.8308333333333333 0.7208333333333333 0.03166666666666667 0.065
0 0.8875 0.2841666666666667 0.021666666666666667 0.11166666666666666
0 0.9908333333333333 0.5808333333333333 0.018333333333333333 0.10166666666666667
