0 0.7658333333333334 0.0375 0.018333333333333333 0.03833333333333333
0 0.8466666666666667 0.38166666666666665 0.023333333333333334 0.03666666666666667
0 0.8575 0.4675 0.021666666666666667 0.04833333333333333
0 0.8066666666666666 0.5191666666666667 0.02 0.03833333333333333
0 0.845 0.6791666666666667 0.03 0.045
0 0.8883333333333333 0.6433333333333333 0.03333333333333333 0.03333333333333333
0 0.9433333333333334 0.5183333333333333 0.04 0.04
0 0.995 0.6191666666666666 0.01 0.03833333333333333
0 0.9558333333333333 0.76 0.015 0.02666666666666667
0 0.9891666666666666 0.7533333333333333 0.021666666666666667 0.03666666666666667
0 0.0575 0.48583333333333334 0.018333333333333333 0.051666666666666666
