0 0.49166666666666664 0.17083333333333334 0.04 0.03166666666666667
0 0.3591666666666667 0.11333333333333333 0.04833333333333333 0.056666666666666664
0 0.43583333333333335 0.30333333333333334 0.055 0.05
0 0.4716666666666667 0.3858333333333333 0.03666666666666667 0.03833333333333333
0 0.41083333333333333 0.5216666666666666 0.035 0.05
0 0.3275 0.53 0.041666666666666664 0.03333333333333333
0 0.38666666666666666 0.6741666666666667 0.02666666666666667 0.065
0 0.4508333333333333 0.6983333333333334 0.03833333333333333 0.03666666666666667
0 0.44583333333333336 0.8775 0.055 0.04833333333333333
0 0.45 0.9925 0.04 0.015
