0 0.3408333333333333 0.9416666666666667 0.03833333333333333 0.04
0 0.3425 0.835 0.041666666666666664 0.05333333333333334
0 0.4683333333333333 0.755 0.023333333333333334 0.07333333333333333
0 0.42083333333333334 0.5675 0.025 0.06833333333333333
0 0.4425 0.31 0.025 0.07333333333333333
0 0.6191666666666666 0.335 0.041666666666666664 0.05
0 0.6116666666666667 0.5458333333333333 0.03333333333333333 0.06166666666666667
0 0.6991666666666667 0.6025 0.028333333333333332 0.06833333333333333
0 0.2475 0.5341666666666667 0.025 0.06166666666666667
0 0.19083333333333333 0.69 0.021666666666666667 0.07666666666666666
0 0.0325 0.7141666666666666 0.025 0.09833333333333333
