0 0.4558333333333333 0.9591666666666666 0.025 0.03166666666666667
0 0.5575 0.755 0.03166666666666667 0.03666666666666667
0 0.4658333333333333 0.725 0.025 0.023333333333333334
0 0.5033333333333333 0.6358333333333334 0.03666666666666667 0.035
0 0.47583333333333333 0.5791666666666667 0.035 0.03166666666666667
0 0.5808333333333333 0.4891666666666667 0.03166666666666667 0.04833333333333333
0 0.52 0.49083333333333334 0.02666666666666667 0.035
0 0.5358333333333334 0.38916666666666666 0.018333333333333333 0.041666666666666664
0 0.4925 0.37583333333333335 0.03166666666666667 0.03833333333333333
0 0.505 0.255 0.023333333333333334 0.03666666666666667
0 0.43166666666666664 0.11916666666666667 0.023333333333333334 0.03833333333333333
0 0.49166666666666664 0.17166666666666666 0.03333333333333333 0.03
0 0.5333333333333333 0.10166666666666667 0.023333333333333334 0.04
