0 0.8675 0.8358333333333333 0.028333333333333332 0.045
0 0.825 0.7375 0.023333333333333334 0.06833333333333333
0 0.8675 0.615 0.028333333333333332 0.056666666666666664
0 0.7833333333333333 0.39916666666666667 0.016666666666666666 0.051666666666666666
0 0.5641666666666667 0.3075 0.021666666666666667 0.04833333333333333
0 0.6316666666666667 0.3775 0.02 0.055
0 0.6766666666666666 0.4575 0.02 0.058333333333333334
0 0.7458333333333333 0.49833333333333335 0.021666666666666667 0.07
0 0.6291666666666667 0.6483333333333333 0.021666666666666667 0.05333333333333334
0 0.4375 0.305 0.021666666666666667 0.07
0 0.4025 0.37833333333333335 0.025 0.04
0 0.31833333333333336 0.35 0.03333333333333333 0.05333333333333334
0 0.295 0.5575 0.02 0.06833333333333333
