0 0.2125 0.8016666666666666 0.03166666666666667 0.05
0 0.26 0.6933333333333334 0.023333333333333334 0.07333333333333333
0 0.21333333333333335 0.5558333333333333 0.02666666666666667 0.058333333333333334
0 0.35083333333333333 0.44083333333333335 0.021666666666666667 0.055
0 0.3075 0.30083333333333334 0.021666666666666667 0.08166666666666667
0 0.42916666666666664 0.375 0.018333333333333333 0.056666666666666664
0 0.47833333333333333 0.5933333333333334 0.023333333333333334 0.06
0 0.47333333333333333 0.2725 0.023333333333333334 0.075
0 0.5491666666666667 0.20416666666666666 0.025 0.08166666666666667
0 0.6925 0.2125 0.025 0.07833333333333334
0 0.7291666666666666 0.2775 0.035 0.07166666666666667
0 0.83 0.2658333333333333 0.04 0.058333333333333334
0 0.8475 0.4975 0.025 0.075
