0 0.21833333333333332 0.7625 0.03 0.051666666666666666
0 0.2725 0.6558333333333334 0.025 0.075
0 0.22916666666666666 0.5083333333333333 0.028333333333333332 0.05333333333333334
0 0.3775 0.3858333333333333 0.018333333333333333 0.058333333333333334
0 0.33666666666666667 0.25666666666666665 0.02 0.06
0 0.4625 0.33416666666666667 0.018333333333333333 0.058333333333333334
0 0.5033333333333333 0.5791666666666667 0.023333333333333334 0.06166666666666667
0 0.5108333333333334 0.24916666666666668 0.021666666666666667 0.051666666666666666
0 0.5941666666666666 0.18416666666666667 0.025 0.08833333333333333
0 0.7391666666666666 0.20916666666666667 0.025 0.08166666666666667
0 0.7825 0.30416666666666664 0.028333333333333332 0.03833333333333333
0 0.9125 0.32166666666666666 0.035 0.03
0 0.8908333333333334 0.5308333333333334 0.025 0.07833333333333334
