0 0.5608333333333333 0.04083333333333333 0.03166666666666667 0.04833333333333333
0 0.6566666666666666 0.02 0.023333333333333334 0.04
0 0.625 0.20833333333333334 0.02666666666666667 0.056666666666666664
0 0.5608333333333333 0.31333333333333335 0.04833333333333333 0.03666666666666667
0 0.4791666666666667 0.2733333333333333 0.03833333333333333 0.043333333333333335
0 0.46 0.4608333333333333 0.02666666666666667 0.058333333333333334
0 0.40166666666666667 0.42916666666666664 0.023333333333333334 0.055
0 0.575 0.5516666666666666 0.04666666666666667 0.03666666666666667
0 0.5158333333333334 0.6775 0.051666666666666666 0.035
0 0.495 0.8183333333333334 0.02666666666666667 0.04666666666666667
0 0.44916666666666666 0.9041666666666667 0.028333333333333332 0.041666666666666664
