0 0.15833333333333333 0.030833333333333334 0.023333333333333334 0.06166666666666667
0 0.08333333333333333 0.10666666666666667 0.02666666666666667 0.056666666666666664
0 0.10416666666666667 0.385 0.03166666666666667 0.06333333333333334
0 0.17083333333333334 0.3175 0.035 0.058333333333333334
0 0.22583333333333333 0.40166666666666667 0.025 0.05
0 0.24583333333333332 0.52 0.03166666666666667 0.06
0 0.31416666666666665 0.2783333333333333 0.018333333333333333 0.06666666666666667
0 0.2916666666666667 0.6366666666666667 0.03333333333333333 0.06666666666666667
0 0.41083333333333333 0.7416666666666667 0.03166666666666667 0.06
0 0.4533333333333333 0.7108333333333333 0.016666666666666666 0.051666666666666666
0 0.5091666666666667 0.7866666666666666 0.03833333333333333 0.056666666666666664
0 0.6058333333333333 0.63 0.021666666666666667 0.06333333333333334
