0 0.11416666666666667 0.31 0.028333333333333332 0.07666666666666666
0 0.245 0.2275 0.03333333333333333 0.058333333333333334
0 0.33916666666666667 0.2783333333333333 0.035 0.07333333333333333
0 0.36 0.3283333333333333 0.023333333333333334 0.08
0 0.4558333333333333 0.5175 0.041666666666666664 0.045
0 0.5625 0.45166666666666666 0.025 0.06333333333333334
0 0.49166666666666664 0.7408333333333333 0.02666666666666667 0.075
0 0.6866666666666666 0.6425 0.043333333333333335 0.08833333333333333
0 0.7733333333333333 0.6025 0.02666666666666667 0.06833333333333333
0 0.6 0.9158333333333334 0.04 0.045
0 0.7783333333333333 0.9616666666666667 0.03 0.06666666666666667
0 0.8716666666666667 0.8333333333333334 0.03666666666666667 0.08
