0 0.6541666666666667 0.36833333333333335 0.021666666666666667 0.08
0 0.6133333333333333 0.49 0.02666666666666667 0.07666666666666666
0 0.5366666666666666 0.4275 0.043333333333333335 0.08166666666666667
0 0.49 0.345 0.023333333333333334 0.07333333333333333
0 0.48583333333333334 0.6508333333333334 0.025 0.058333333333333334
0 0.4166666666666667 0.2683333333333333 0.02666666666666667 0.08
0 0.2783333333333333 0.28 0.023333333333333334 0.07666666666666666
0 0.2425 0.3425 0.035 0.07166666666666667
0 0.14083333333333334 0.3433333333333333 0.028333333333333332 0.03
0 0.12333333333333334 0.555 0.023333333333333334 0.07333333333333333
0 0.7466666666666667 0.6141666666666666 0.02666666666666667 0.058333333333333334
0 0.7016666666666667 0.7483333333333333 0.023333333333333334 0.07333333333333333
0 0.7466666666666667 0.8541666666666666 0.03 0.04833333333333333
