0 0.28833333333333333 0.03 0.02666666666666667 0.06
0 0.2625 0.13166666666666665 0.025 0.043333333333333335
0 0.3975 0.2575 0.018333333333333333 0.045
0 0.37166666666666665 0.32416666666666666 0.016666666666666666 0.03833333333333333
0 0.5091666666666667 0.315 0.018333333333333333 0.043333333333333335
0 0.4525 0.39916666666666667 0.018333333333333333 0.045
0 0.5675 0.35333333333333333 0.021666666666666667 0.043333333333333335
0 0.6833333333333333 0.365 0.03 0.03666666666666667
0 0.7066666666666667 0.3566666666666667 0.023333333333333334 0.03
0 0.7266666666666667 0.29333333333333333 0.03 0.03666666666666667
0 0.8408333333333333 0.14333333333333334 0.018333333333333333 0.03666666666666667
0 0.8466666666666667 0.30916666666666665 0.03 0.03833333333333333
