0 0.028333333333333332 0.5425 0.03333333333333333 0.095
0 0.17333333333333334 0.5566666666666666 0.02666666666666667 0.07
0 0.315 0.4325 0.04 0.04833333333333333
0 0.33416666666666667 0.3275 0.03833333333333333 0.04833333333333333
0 0.22666666666666666 0.71 0.023333333333333334 0.06666666666666667
0 0.3875 0.6775 0.025 0.06166666666666667
0 0.43166666666666664 0.505 0.02 0.06666666666666667
0 0.4116666666666667 0.92 0.02666666666666667 0.07333333333333333
0 0.5691666666666667 0.9016666666666666 0.03833333333333333 0.04666666666666667
0 0.5616666666666666 0.7158333333333333 0.03666666666666667 0.08833333333333333
0 0.6458333333333334 0.6516666666666666 0.028333333333333332 0.06666666666666667
