0 0.9141666666666667 0.4558333333333333 0.021666666666666667 0.045
0 0.855 0.49666666666666665 0.023333333333333334 0.023333333333333334
0 0.8075 0.565 0.018333333333333333 0.056666666666666664
0 0.7283333333333334 0.5508333333333333 0.02 0.03833333333333333
0 0.6808333333333333 0.6491666666666667 0.018333333333333333 0.04833333333333333
0 0.5875 0.605 0.015 0.06333333333333334
0 0.5725 0.5 0.018333333333333333 0.04666666666666667
0 0.6475 0.47583333333333333 0.025 0.03833333333333333
0 0.6383333333333333 0.405 0.02666666666666667 0.03
0 0.5591666666666667 0.7475 0.015 0.04833333333333333
0 0.4691666666666667 0.7133333333333334 0.021666666666666667 0.03666666666666667
0 0.48083333333333333 0.5991666666666666 0.021666666666666667 0.055
0 0.435 0.5458333333333333 0.02 0.041666666666666664
0 0.21666666666666667 0.4 0.02 0.05
