0 0.9925 0.4725 0.015 0.06833333333333333
0 0.9541666666666667 0.37583333333333335 0.025 0.04833333333333333
0 0.8341666666666666 0.3416666666666667 0.018333333333333333 0.06
0 0.71 0.4475 0.03333333333333333 0.041666666666666664
0 0.6891666666666667 0.545 0.035 0.03
0 0.7841666666666667 0.21916666666666668 0.018333333333333333 0.04833333333333333
0 0.6491666666666667 0.23916666666666667 0.025 0.055
0 0.61 0.385 0.02 0.06
0 0.6275 0.03 0.021666666666666667 0.06
0 0.49333333333333335 0.035833333333333335 0.03 0.051666666666666666
0 0.49666666666666665 0.21666666666666667 0.02666666666666667 0.05
0 0.4266666666666667 0.2608333333333333 0.023333333333333334 0.058333333333333334
0 0.10583333333333333 0.365 0.028333333333333332 0.06666666666666667
