0 0.7333333333333333 0.0075 0.04 0.015
0 0.7133333333333334 0.10166666666666667 0.023333333333333334 0.05
0 0.7891666666666667 0.17916666666666667 0.025 0.058333333333333334
0 0.77 0.4533333333333333 0.03333333333333333 0.06
0 0.7 0.3883333333333333 0.03333333333333333 0.056666666666666664
0 0.6491666666666667 0.4741666666666667 0.028333333333333332 0.041666666666666664
0 0.5608333333333333 0.3616666666666667 0.018333333333333333 0.06333333333333334
0 0.6291666666666667 0.5916666666666667 0.035 0.05333333333333334
0 0.5825 0.7066666666666667 0.035 0.06333333333333334
0 0.47 0.8208333333333333 0.03333333333333333 0.055
0 0.4325 0.795 0.03166666666666667 0.06
0 0.38083333333333336 0.8575 0.03166666666666667 0.055
0 0.2758333333333333 0.7191666666666666 0.025 0.06166666666666667
