0 0.19916666666666666 0.16666666666666666 0.035 0.056666666666666664
0 0.26 0.2875 0.02666666666666667 0.085
0 0.21083333333333334 0.45416666666666666 0.035 0.06833333333333333
0 0.3775 0.6075 0.021666666666666667 0.065
0 0.33166666666666667 0.7391666666666666 0.023333333333333334 0.06833333333333333
0 0.4741666666666667 0.6625 0.021666666666666667 0.065
0 0.5483333333333333 0.44083333333333335 0.03333333333333333 0.06166666666666667
0 0.5275 0.7533333333333333 0.028333333333333332 0.06333333333333334
0 0.6216666666666667 0.83 0.02666666666666667 0.09666666666666666
0 0.79 0.7875 0.02 0.07166666666666667
0 0.8366666666666667 0.6908333333333333 0.03333333333333333 0.041666666666666664
0 0.9816666666666667 0.6716666666666666 0.03666666666666667 0.03
0 0.96 0.43 0.03 0.07666666666666666
