0 0.26666666666666666 0.8575 0.02666666666666667 0.03166666666666667
0 0.2808333333333333 0.7558333333333334 0.021666666666666667 0.055
0 0.22416666666666665 0.6925 0.021666666666666667 0.04833333333333333
0 0.24833333333333332 0.4741666666666667 0.02666666666666667 0.051666666666666666
0 0.30833333333333335 0.54 0.02666666666666667 0.05
0 0.3458333333333333 0.47 0.021666666666666667 0.03666666666666667
0 0.36583333333333334 0.37666666666666665 0.028333333333333332 0.04666666666666667
0 0.41333333333333333 0.5683333333333334 0.016666666666666666 0.05
0 0.4058333333333333 0.2916666666666667 0.025 0.056666666666666664
0 0.5 0.205 0.02666666666666667 0.04666666666666667
0 0.5291666666666667 0.22916666666666666 0.025 0.051666666666666666
0 0.5708333333333333 0.18666666666666668 0.025 0.05
0 0.6533333333333333 0.30666666666666664 0.02 0.05
