0 0.1925 0.7641666666666667 0.035 0.058333333333333334
0 0.2525 0.6425 0.028333333333333332 0.085
0 0.20416666666666666 0.4766666666666667 0.03166666666666667 0.07
0 0.37083333333333335 0.3233333333333333 0.021666666666666667 0.06666666666666667
0 0.32416666666666666 0.19166666666666668 0.021666666666666667 0.06666666666666667
0 0.4666666666666667 0.26916666666666667 0.02 0.065
0 0.5416666666666666 0.49083333333333334 0.03333333333333333 0.06166666666666667
0 0.5208333333333334 0.18 0.025 0.06
0 0.615 0.1 0.02666666666666667 0.09666666666666666
0 0.78 0.1325 0.02666666666666667 0.09166666666666666
0 0.83 0.24083333333333334 0.03333333333333333 0.041666666666666664
0 0.9766666666666667 0.26 0.04 0.03
0 0.9525 0.49833333333333335 0.028333333333333332 0.08333333333333333
