0 0.8191666666666667 0.9266666666666666 0.03166666666666667 0.06
0 0.7558333333333334 0.815 0.028333333333333332 0.07666666666666666
0 0.7916666666666666 0.6725 0.03 0.06166666666666667
0 0.64 0.5258333333333334 0.02 0.07166666666666667
0 0.6741666666666667 0.4325 0.018333333333333333 0.075
0 0.51 0.42833333333333334 0.023333333333333334 0.056666666666666664
0 0.5558333333333333 0.48 0.021666666666666667 0.06666666666666667
0 0.45416666666666666 0.585 0.035 0.08333333333333333
0 0.435 0.37416666666666665 0.023333333333333334 0.07166666666666667
0 0.2975 0.39416666666666667 0.025 0.065
0 0.25083333333333335 0.4716666666666667 0.03166666666666667 0.03666666666666667
0 0.13083333333333333 0.47333333333333333 0.04833333333333333 0.056666666666666664
0 0.1275 0.6833333333333333 0.025 0.07333333333333333
