0 0.7633333333333333 0.8525 0.02666666666666667 0.051666666666666666
0 0.7058333333333333 0.775 0.025 0.056666666666666664
0 0.7325 0.6866666666666666 0.025 0.04
0 0.6025 0.5775 0.018333333333333333 0.041666666666666664
0 0.6266666666666667 0.515 0.02 0.03666666666666667
0 0.5533333333333333 0.47 0.016666666666666666 0.04
0 0.49416666666666664 0.5216666666666666 0.018333333333333333 0.04
0 0.43666666666666665 0.4875 0.02 0.03833333333333333
0 0.32416666666666666 0.47833333333333333 0.03166666666666667 0.03333333333333333
0 0.31416666666666665 0.49666666666666665 0.018333333333333333 0.03666666666666667
0 0.2833333333333333 0.5416666666666666 0.03 0.03333333333333333
0 0.1775 0.5508333333333333 0.028333333333333332 0.025
0 0.17083333333333334 0.6825 0.021666666666666667 0.04833333333333333
