0 0.2866666666666667 0.06666666666666667 0.02666666666666667 0.05
0 0.37666666666666665 0.0725 0.04 0.051666666666666666
0 0.32166666666666666 0.2475 0.04 0.058333333333333334
0 0.4091666666666667 0.31666666666666665 0.03166666666666667 0.03333333333333333
0 0.4716666666666667 0.26166666666666666 0.043333333333333335 0.04
0 0.5083333333333333 0.43 0.023333333333333334 0.056666666666666664
0 0.5583333333333333 0.38666666666666666 0.02 0.05333333333333334
0 0.4083333333333333 0.5425 0.043333333333333335 0.035
0 0.47333333333333333 0.6441666666666667 0.04666666666666667 0.035
0 0.505 0.77 0.02 0.05
0 0.5516666666666666 0.8416666666666667 0.023333333333333334 0.04666666666666667
